subNo index block mean periodicity testLevel pressedKey answer isCorrect rt s1 s2 s3 s4 s5 s6 t1 t2 t3 t4 t5 seqDuration startInterval trialDuration 
16.0000 6.0000 1.0000 -4.0000 1.0000 6.4500 8 -1.0000 1.0000 1.3540 6.0000 -6.0000 -10.0000 -2.0000 -14.0000 2.0000 0.5000 0.5000 0.5000 0.5000 0.5000 2.5000 1.9738 4.7260 
16.0000 48.0000 1.0000 2.0000 1.0000 6.4500 8 -1.0000 1.0000 1.8040 -8.0000 4.0000 8.0000 0.0000 12.0000 -4.0000 0.5000 0.5000 0.5000 0.5000 0.5000 2.5000 1.9266 4.6759 
16.0000 11.0000 1.0000 -4.0000 0.0000 0.0000 8 -1.0000 0.0000 0.8070 2.0000 -6.0000 -10.0000 -2.0000 -14.0000 6.0000 0.3504 0.5848 0.4828 0.3764 0.6972 2.4917 1.8282 4.5675 
16.0000 33.0000 1.0000 0.0000 1.0000 3.2250 8 -1.0000 1.0000 2.2120 -6.0000 6.0000 10.0000 -10.0000 2.0000 -2.0000 0.5000 0.5000 0.5000 0.5000 0.5000 2.5000 1.8612 4.6093 
16.0000 47.0000 1.0000 2.0000 1.0000 3.2250 8 -1.0000 1.0000 1.3990 -4.0000 8.0000 12.0000 -8.0000 4.0000 0.0000 0.5000 0.5000 0.5000 0.5000 0.5000 2.5000 1.8102 4.5592 
16.0000 25.0000 1.0000 -2.0000 0.0000 0.0000 8 -1.0000 0.0000 1.2230 -8.0000 0.0000 4.0000 -4.0000 8.0000 -12.0000 0.4317 0.5702 0.7076 0.4362 0.3496 2.4953 1.7630 4.5044 
16.0000 57.0000 1.0000 4.0000 1.0000 -9.6750 2 1.0000 1.0000 1.4090 -6.0000 2.0000 10.0000 -2.0000 14.0000 6.0000 0.5000 0.5000 0.5000 0.5000 0.5000 2.5000 1.8097 4.5592 
16.0000 24.0000 1.0000 -2.0000 0.0000 -3.2250 2 1.0000 1.0000 2.0030 8.0000 0.0000 -12.0000 4.0000 -8.0000 -4.0000 0.4449 0.4801 0.7481 0.4932 0.3307 2.4969 1.8731 4.6228 
16.0000 28.0000 1.0000 -2.0000 0.0000 9.6750 8 -1.0000 1.0000 1.3490 4.0000 -8.0000 -12.0000 8.0000 -4.0000 0.0000 0.7406 0.4787 0.4323 0.4630 0.3790 2.4937 1.8344 4.5862 
16.0000 64.0000 1.0000 4.0000 0.0000 -9.6750 2 1.0000 1.0000 1.1580 -6.0000 6.0000 14.0000 2.0000 10.0000 -2.0000 0.5691 0.7228 0.3234 0.5529 0.3245 2.4927 1.9529 4.7020 
16.0000 67.0000 1.0000 4.0000 0.0000 0.0000 2 1.0000 0.0000 2.1420 10.0000 2.0000 -2.0000 6.0000 -6.0000 14.0000 0.3049 0.5448 0.6568 0.4446 0.5446 2.4957 1.7778 4.5217 
16.0000 30.0000 1.0000 0.0000 1.0000 -6.4500 2 1.0000 1.0000 1.6580 10.0000 -2.0000 -10.0000 2.0000 -6.0000 6.0000 0.5000 0.5000 0.5000 0.5000 0.5000 2.5000 1.8821 4.6259 
16.0000 9.0000 1.0000 -4.0000 0.0000 -6.4500 2 1.0000 1.0000 0.8870 -14.0000 -6.0000 2.0000 -10.0000 6.0000 -2.0000 0.3375 0.4084 0.4609 0.7333 0.5552 2.4953 1.8000 4.5378 
16.0000 22.0000 1.0000 -2.0000 0.0000 -9.6750 2 1.0000 1.0000 2.3020 -12.0000 -4.0000 4.0000 -8.0000 8.0000 0.0000 0.4603 0.4949 0.7354 0.4802 0.3228 2.4936 1.9026 4.6361 
16.0000 65.0000 1.0000 4.0000 0.0000 -6.4500 2 1.0000 1.0000 1.1930 -2.0000 6.0000 10.0000 2.0000 14.0000 -6.0000 0.4325 0.5872 0.5274 0.3701 0.5747 2.4919 1.7523 4.4843 
16.0000 1.0000 1.0000 -4.0000 1.0000 -9.6750 2 1.0000 1.0000 1.0620 6.0000 -2.0000 -14.0000 2.0000 -10.0000 -6.0000 0.5000 0.5000 0.5000 0.5000 0.5000 2.5000 1.7983 4.5593 
16.0000 40.0000 1.0000 0.0000 0.0000 3.2250 2 1.0000 0.0000 1.9280 -10.0000 2.0000 10.0000 -2.0000 6.0000 -6.0000 0.7324 0.3091 0.5376 0.3902 0.5298 2.4991 1.9959 4.7583 
16.0000 35.0000 1.0000 0.0000 1.0000 9.6750 8 -1.0000 1.0000 1.4240 -10.0000 -2.0000 10.0000 -6.0000 6.0000 2.0000 0.5000 0.5000 0.5000 0.5000 0.5000 2.5000 1.9811 4.7425 
16.0000 55.0000 1.0000 2.0000 0.0000 6.4500 2 1.0000 0.0000 1.6830 8.0000 -4.0000 -8.0000 12.0000 0.0000 4.0000 0.6389 0.3319 0.6769 0.3797 0.4694 2.4967 1.8310 4.5726 
16.0000 17.0000 1.0000 -2.0000 1.0000 -3.2250 2 1.0000 1.0000 1.2370 4.0000 -4.0000 -12.0000 0.0000 -8.0000 8.0000 0.5000 0.5000 0.5000 0.5000 0.5000 2.5000 1.7762 4.5259 
16.0000 27.0000 1.0000 -2.0000 0.0000 6.4500 8 -1.0000 1.0000 1.0070 -8.0000 4.0000 8.0000 -12.0000 0.0000 -4.0000 0.4851 0.3248 0.3718 0.7560 0.5667 2.5042 1.8756 4.6301 
16.0000 46.0000 1.0000 2.0000 1.0000 0.0000 2 1.0000 0.0000 0.8020 -8.0000 0.0000 12.0000 -4.0000 8.0000 4.0000 0.5000 0.5000 0.5000 0.5000 0.5000 2.5000 1.8303 4.5760 
16.0000 58.0000 1.0000 4.0000 1.0000 -6.4500 2 1.0000 1.0000 0.8120 14.0000 6.0000 -6.0000 10.0000 -2.0000 2.0000 0.5000 0.5000 0.5000 0.5000 0.5000 2.5000 1.9619 4.7091 
16.0000 39.0000 1.0000 0.0000 0.0000 0.0000 2 1.0000 0.0000 1.3280 2.0000 -6.0000 -10.0000 10.0000 -2.0000 6.0000 0.6727 0.5419 0.6526 0.3365 0.3022 2.5060 1.9541 4.6985 
16.0000 62.0000 1.0000 4.0000 1.0000 6.4500 8 -1.0000 1.0000 1.2440 10.0000 2.0000 -6.0000 6.0000 -2.0000 14.0000 0.5000 0.5000 0.5000 0.5000 0.5000 2.5000 1.9107 4.6760 
16.0000 32.0000 1.0000 0.0000 1.0000 0.0000 8 -1.0000 0.0000 1.1200 10.0000 2.0000 -6.0000 6.0000 -10.0000 -2.0000 0.5000 0.5000 0.5000 0.5000 0.5000 2.5000 1.9673 4.7258 
16.0000 18.0000 1.0000 -2.0000 1.0000 0.0000 8 -1.0000 0.0000 1.6420 -12.0000 -4.0000 4.0000 -8.0000 8.0000 0.0000 0.5000 0.5000 0.5000 0.5000 0.5000 2.5000 1.7645 4.5258 
16.0000 70.0000 1.0000 4.0000 0.0000 9.6750 8 -1.0000 1.0000 0.7330 14.0000 6.0000 -6.0000 10.0000 -2.0000 2.0000 0.5056 0.6305 0.3204 0.3635 0.6842 2.5042 1.9704 4.7301 
16.0000 12.0000 1.0000 -4.0000 0.0000 3.2250 8 -1.0000 1.0000 1.2180 6.0000 -6.0000 -14.0000 -2.0000 -10.0000 2.0000 0.4598 0.5889 0.4169 0.3292 0.7031 2.4980 1.9104 4.6571 
16.0000 29.0000 1.0000 0.0000 1.0000 -9.6750 2 1.0000 1.0000 1.0140 -10.0000 2.0000 10.0000 -2.0000 6.0000 -6.0000 0.5000 0.5000 0.5000 0.5000 0.5000 2.5000 1.7894 4.5426 
16.0000 34.0000 1.0000 0.0000 1.0000 6.4500 8 -1.0000 1.0000 0.8680 10.0000 2.0000 -10.0000 6.0000 -6.0000 -2.0000 0.5000 0.5000 0.5000 0.5000 0.5000 2.5000 1.9761 4.7260 
16.0000 4.0000 1.0000 -4.0000 1.0000 0.0000 2 1.0000 0.0000 1.3640 -14.0000 -6.0000 2.0000 -10.0000 6.0000 -2.0000 0.5000 0.5000 0.5000 0.5000 0.5000 2.5000 1.9166 4.6591 
16.0000 61.0000 1.0000 4.0000 1.0000 3.2250 8 -1.0000 1.0000 0.7370 6.0000 -2.0000 -6.0000 14.0000 2.0000 10.0000 0.5000 0.5000 0.5000 0.5000 0.5000 2.5000 1.8061 4.5425 
16.0000 43.0000 1.0000 2.0000 1.0000 -9.6750 2 1.0000 1.0000 0.5620 -8.0000 4.0000 8.0000 0.0000 12.0000 -4.0000 0.5000 0.5000 0.5000 0.5000 0.5000 2.5000 1.7663 4.5258 
16.0000 38.0000 1.0000 0.0000 0.0000 -3.2250 8 -1.0000 0.0000 0.9730 -6.0000 2.0000 10.0000 -2.0000 6.0000 -10.0000 0.6103 0.5687 0.3481 0.6091 0.3599 2.4961 1.9282 4.6720 
16.0000 42.0000 1.0000 0.0000 0.0000 9.6750 8 -1.0000 1.0000 0.3310 2.0000 -6.0000 -10.0000 10.0000 -2.0000 6.0000 0.3508 0.4230 0.6794 0.4600 0.5783 2.4916 1.7836 4.5340 
16.0000 37.0000 1.0000 0.0000 0.0000 -6.4500 2 1.0000 1.0000 0.6910 -10.0000 -2.0000 10.0000 -6.0000 6.0000 2.0000 0.5212 0.4591 0.6885 0.4673 0.3711 2.5073 1.9532 4.7167 
16.0000 8.0000 1.0000 -4.0000 0.0000 -9.6750 2 1.0000 1.0000 0.5630 2.0000 -6.0000 -10.0000 -2.0000 -14.0000 6.0000 0.5731 0.4740 0.6210 0.4735 0.3538 2.4955 1.8422 4.5880 
16.0000 2.0000 1.0000 -4.0000 1.0000 -6.4500 2 1.0000 1.0000 0.5500 2.0000 -6.0000 -14.0000 -2.0000 -10.0000 6.0000 0.5000 0.5000 0.5000 0.5000 0.5000 2.5000 1.9289 4.6760 
16.0000 69.0000 1.0000 4.0000 0.0000 6.4500 8 -1.0000 1.0000 0.8840 10.0000 -2.0000 -6.0000 14.0000 2.0000 6.0000 0.7854 0.5498 0.4931 0.3728 0.3039 2.5050 1.8318 4.5808 
16.0000 50.0000 1.0000 2.0000 0.0000 -9.6750 2 1.0000 1.0000 0.6470 4.0000 -4.0000 -8.0000 12.0000 0.0000 8.0000 0.5826 0.3995 0.6790 0.3502 0.4804 2.4918 1.9909 4.7342 
16.0000 31.0000 1.0000 0.0000 1.0000 -3.2250 2 1.0000 1.0000 0.9540 10.0000 -2.0000 -6.0000 2.0000 -10.0000 6.0000 0.5000 0.5000 0.5000 0.5000 0.5000 2.5000 1.8579 4.6092 
16.0000 5.0000 1.0000 -4.0000 1.0000 3.2250 2 1.0000 0.0000 1.6070 -10.0000 -2.0000 6.0000 -6.0000 2.0000 -14.0000 0.5000 0.5000 0.5000 0.5000 0.5000 2.5000 1.8543 4.6092 
16.0000 23.0000 1.0000 -2.0000 0.0000 -6.4500 2 1.0000 1.0000 0.7210 -8.0000 0.0000 4.0000 -4.0000 8.0000 -12.0000 0.4576 0.6831 0.3071 0.4707 0.5743 2.4928 1.8474 4.6020 
16.0000 63.0000 1.0000 4.0000 1.0000 9.6750 8 -1.0000 1.0000 1.1020 6.0000 -2.0000 -6.0000 14.0000 2.0000 10.0000 0.5000 0.5000 0.5000 0.5000 0.5000 2.5000 1.8405 4.5927 
16.0000 16.0000 1.0000 -2.0000 1.0000 -6.4500 2 1.0000 1.0000 0.6100 -8.0000 4.0000 8.0000 -12.0000 0.0000 -4.0000 0.5000 0.5000 0.5000 0.5000 0.5000 2.5000 1.9496 4.7094 
16.0000 66.0000 1.0000 4.0000 0.0000 -3.2250 2 1.0000 1.0000 2.4690 2.0000 10.0000 14.0000 -6.0000 6.0000 -2.0000 0.6043 0.4094 0.3460 0.7715 0.3754 2.5066 1.8230 4.5825 
16.0000 15.0000 1.0000 -2.0000 1.0000 -9.6750 2 1.0000 1.0000 0.5930 -8.0000 0.0000 8.0000 -4.0000 4.0000 -12.0000 0.5000 0.5000 0.5000 0.5000 0.5000 2.5000 1.9824 4.7260 
16.0000 60.0000 1.0000 4.0000 1.0000 0.0000 8 -1.0000 0.0000 1.9920 10.0000 2.0000 -2.0000 6.0000 -6.0000 14.0000 0.5000 0.5000 0.5000 0.5000 0.5000 2.5000 1.7785 4.5259 
16.0000 26.0000 1.0000 -2.0000 0.0000 3.2250 2 1.0000 0.0000 1.1520 8.0000 0.0000 -8.0000 4.0000 -12.0000 -4.0000 0.6445 0.3678 0.4503 0.7197 0.3230 2.5053 1.9110 4.6644 
16.0000 14.0000 1.0000 -4.0000 0.0000 9.6750 8 -1.0000 1.0000 1.2360 -10.0000 -2.0000 2.0000 -6.0000 6.0000 -14.0000 0.4266 0.4723 0.7481 0.3541 0.4903 2.4914 1.9335 4.6672 
16.0000 44.0000 1.0000 2.0000 1.0000 -6.4500 2 1.0000 1.0000 0.5790 8.0000 -4.0000 -8.0000 12.0000 0.0000 4.0000 0.5000 0.5000 0.5000 0.5000 0.5000 2.5000 1.8781 4.6426 
16.0000 10.0000 1.0000 -4.0000 0.0000 -3.2250 2 1.0000 1.0000 0.6070 -10.0000 2.0000 6.0000 -14.0000 -2.0000 -6.0000 0.4474 0.6287 0.3926 0.6162 0.4191 2.5041 1.8576 4.6133 
16.0000 3.0000 1.0000 -4.0000 1.0000 -3.2250 2 1.0000 1.0000 0.5550 -6.0000 2.0000 6.0000 -14.0000 -2.0000 -10.0000 0.5000 0.5000 0.5000 0.5000 0.5000 2.5000 1.8143 4.5759 
16.0000 7.0000 1.0000 -4.0000 1.0000 9.6750 8 -1.0000 1.0000 0.6050 -10.0000 -2.0000 6.0000 -6.0000 2.0000 -14.0000 0.5000 0.5000 0.5000 0.5000 0.5000 2.5000 1.8898 4.6427 
16.0000 59.0000 1.0000 4.0000 1.0000 -3.2250 2 1.0000 1.0000 2.9570 14.0000 6.0000 -2.0000 10.0000 -6.0000 2.0000 0.5000 0.5000 0.5000 0.5000 0.5000 2.5000 1.9411 4.6925 
16.0000 13.0000 1.0000 -4.0000 0.0000 6.4500 8 -1.0000 1.0000 0.6120 6.0000 -2.0000 -14.0000 2.0000 -10.0000 -6.0000 0.5140 0.7109 0.3389 0.5108 0.4351 2.5098 1.7663 4.5190 
16.0000 21.0000 1.0000 -2.0000 1.0000 9.6750 8 -1.0000 1.0000 0.5750 4.0000 -4.0000 -12.0000 0.0000 -8.0000 8.0000 0.5000 0.5000 0.5000 0.5000 0.5000 2.5000 1.9011 4.6426 
16.0000 49.0000 1.0000 2.0000 1.0000 9.6750 8 -1.0000 1.0000 1.8160 -8.0000 0.0000 12.0000 -4.0000 8.0000 4.0000 0.5000 0.5000 0.5000 0.5000 0.5000 2.5000 1.8917 4.6425 
16.0000 36.0000 1.0000 0.0000 0.0000 -9.6750 2 1.0000 1.0000 1.0320 -10.0000 -2.0000 10.0000 -6.0000 6.0000 2.0000 0.3964 0.3612 0.5638 0.4729 0.7123 2.5067 1.9594 4.7161 
16.0000 52.0000 1.0000 2.0000 0.0000 -3.2250 2 1.0000 1.0000 1.2840 8.0000 -4.0000 -8.0000 12.0000 0.0000 4.0000 0.4555 0.3841 0.7110 0.6210 0.3196 2.4913 1.9485 4.7005 
16.0000 53.0000 1.0000 2.0000 0.0000 0.0000 8 -1.0000 0.0000 1.1870 8.0000 0.0000 -4.0000 4.0000 -8.0000 12.0000 0.3472 0.5923 0.3675 0.5023 0.6842 2.4936 1.8982 4.6527 
16.0000 41.0000 1.0000 0.0000 0.0000 6.4500 8 -1.0000 1.0000 0.8970 -10.0000 -2.0000 10.0000 -6.0000 6.0000 2.0000 0.5699 0.7528 0.4744 0.3627 0.3357 2.4956 1.9353 4.6883 
16.0000 20.0000 1.0000 -2.0000 1.0000 6.4500 8 -1.0000 1.0000 1.2310 -8.0000 0.0000 4.0000 -4.0000 8.0000 -12.0000 0.5000 0.5000 0.5000 0.5000 0.5000 2.5000 1.8969 4.6427 
16.0000 45.0000 1.0000 2.0000 1.0000 -3.2250 8 -1.0000 0.0000 1.4110 -4.0000 4.0000 12.0000 0.0000 8.0000 -8.0000 0.5000 0.5000 0.5000 0.5000 0.5000 2.5000 1.9991 4.7426 
16.0000 19.0000 1.0000 -2.0000 1.0000 3.2250 2 1.0000 0.0000 1.7340 -12.0000 -4.0000 8.0000 -8.0000 4.0000 0.0000 0.5000 0.5000 0.5000 0.5000 0.5000 2.5000 1.8467 4.5925 
16.0000 54.0000 1.0000 2.0000 0.0000 3.2250 8 -1.0000 1.0000 0.9040 8.0000 0.0000 -8.0000 4.0000 -4.0000 12.0000 0.5283 0.3393 0.7163 0.3844 0.5300 2.4983 1.7636 4.5074 
16.0000 51.0000 1.0000 2.0000 0.0000 -6.4500 2 1.0000 1.0000 2.1140 -8.0000 4.0000 12.0000 0.0000 8.0000 -4.0000 0.4803 0.3723 0.5881 0.4066 0.6621 2.5095 1.7872 4.5353 
16.0000 56.0000 1.0000 2.0000 0.0000 9.6750 8 -1.0000 1.0000 1.1750 8.0000 0.0000 -4.0000 4.0000 -8.0000 12.0000 0.4488 0.6593 0.3854 0.3570 0.6464 2.4969 1.9360 4.6728 
16.0000 68.0000 1.0000 4.0000 0.0000 3.2250 8 -1.0000 1.0000 0.6690 -2.0000 6.0000 10.0000 2.0000 14.0000 -6.0000 0.4621 0.3004 0.5849 0.7108 0.4505 2.5087 1.9607 4.7345 
16.0000 26.0000 2.0000 -2.0000 0.0000 3.2250 8 -1.0000 1.0000 0.6100 -8.0000 0.0000 8.0000 -4.0000 4.0000 -12.0000 0.4460 0.6020 0.4717 0.5182 0.4549 2.4928 1.8633 4.6020 
16.0000 43.0000 2.0000 2.0000 1.0000 -9.6750 2 1.0000 1.0000 0.6270 -4.0000 4.0000 12.0000 0.0000 8.0000 -8.0000 0.5000 0.5000 0.5000 0.5000 0.5000 2.5000 1.7605 4.5092 
16.0000 3.0000 2.0000 -4.0000 1.0000 -3.2250 2 1.0000 1.0000 0.5390 2.0000 -6.0000 -10.0000 -2.0000 -14.0000 6.0000 0.5000 0.5000 0.5000 0.5000 0.5000 2.5000 1.8677 4.6093 
16.0000 59.0000 2.0000 4.0000 1.0000 -3.2250 2 1.0000 1.0000 1.4630 10.0000 -2.0000 -6.0000 14.0000 2.0000 6.0000 0.5000 0.5000 0.5000 0.5000 0.5000 2.5000 1.9307 4.6758 
16.0000 66.0000 2.0000 4.0000 0.0000 -3.2250 2 1.0000 1.0000 1.9140 -2.0000 6.0000 10.0000 2.0000 14.0000 -6.0000 0.3208 0.4323 0.6553 0.7471 0.3407 2.4962 1.9994 4.7388 
16.0000 20.0000 2.0000 -2.0000 1.0000 6.4500 2 1.0000 0.0000 1.6460 8.0000 -4.0000 -12.0000 0.0000 -8.0000 4.0000 0.5000 0.5000 0.5000 0.5000 0.5000 2.5000 1.9651 4.7093 
16.0000 27.0000 2.0000 -2.0000 0.0000 6.4500 2 1.0000 0.0000 0.8670 -12.0000 -4.0000 8.0000 -8.0000 4.0000 0.0000 0.5585 0.4667 0.4155 0.6584 0.4072 2.5062 1.9228 4.6820 
16.0000 47.0000 2.0000 2.0000 1.0000 3.2250 2 1.0000 0.0000 0.9730 -4.0000 8.0000 12.0000 -8.0000 4.0000 0.0000 0.5000 0.5000 0.5000 0.5000 0.5000 2.5000 1.7882 4.5424 
16.0000 32.0000 2.0000 0.0000 1.0000 0.0000 2 1.0000 0.0000 2.3040 6.0000 -6.0000 -10.0000 10.0000 -2.0000 2.0000 0.5000 0.5000 0.5000 0.5000 0.5000 2.5000 1.8784 4.6259 
16.0000 51.0000 2.0000 2.0000 0.0000 -6.4500 2 1.0000 1.0000 1.7940 -4.0000 4.0000 8.0000 0.0000 12.0000 -8.0000 0.3740 0.4923 0.7547 0.5467 0.3381 2.5058 1.9701 4.7317 
16.0000 54.0000 2.0000 2.0000 0.0000 3.2250 2 1.0000 0.0000 3.2890 8.0000 -4.0000 -8.0000 12.0000 0.0000 4.0000 0.3087 0.7444 0.6315 0.4239 0.3937 2.5022 1.9031 4.6615 
16.0000 60.0000 2.0000 4.0000 1.0000 0.0000 8 -1.0000 0.0000 1.3170 -2.0000 10.0000 14.0000 -6.0000 6.0000 2.0000 0.5000 0.5000 0.5000 0.5000 0.5000 2.5000 1.9668 4.7092 
16.0000 10.0000 2.0000 -4.0000 0.0000 -3.2250 2 1.0000 1.0000 1.4150 -2.0000 -10.0000 -14.0000 6.0000 -6.0000 2.0000 0.4189 0.5355 0.4848 0.4252 0.6262 2.4908 1.9697 4.7001 
16.0000 4.0000 2.0000 -4.0000 1.0000 0.0000 2 1.0000 0.0000 0.6940 -10.0000 -2.0000 2.0000 -6.0000 6.0000 -14.0000 0.5000 0.5000 0.5000 0.5000 0.5000 2.5000 1.9540 4.6926 
16.0000 5.0000 2.0000 -4.0000 1.0000 3.2250 2 1.0000 0.0000 2.0610 -6.0000 2.0000 6.0000 -14.0000 -2.0000 -10.0000 0.5000 0.5000 0.5000 0.5000 0.5000 2.5000 1.8826 4.6427 
16.0000 65.0000 2.0000 4.0000 0.0000 -6.4500 2 1.0000 1.0000 0.5780 -6.0000 6.0000 14.0000 2.0000 10.0000 -2.0000 0.3273 0.3671 0.5275 0.6903 0.5853 2.4975 1.9272 4.6734 
16.0000 56.0000 2.0000 2.0000 0.0000 9.6750 8 -1.0000 1.0000 1.1660 12.0000 4.0000 -4.0000 8.0000 -8.0000 0.0000 0.4191 0.3151 0.7095 0.5549 0.5005 2.4991 1.8781 4.6250 
16.0000 50.0000 2.0000 2.0000 0.0000 -9.6750 2 1.0000 1.0000 0.4340 12.0000 4.0000 -8.0000 8.0000 -4.0000 0.0000 0.6915 0.5382 0.3445 0.5521 0.3776 2.5038 1.8448 4.5963 
16.0000 61.0000 2.0000 4.0000 1.0000 3.2250 8 -1.0000 1.0000 0.7630 10.0000 2.0000 -6.0000 6.0000 -2.0000 14.0000 0.5000 0.5000 0.5000 0.5000 0.5000 2.5000 1.9315 4.6759 
16.0000 45.0000 2.0000 2.0000 1.0000 -3.2250 2 1.0000 1.0000 1.3290 0.0000 8.0000 12.0000 -8.0000 4.0000 -4.0000 0.5000 0.5000 0.5000 0.5000 0.5000 2.5000 1.8033 4.5592 
16.0000 13.0000 2.0000 -4.0000 0.0000 6.4500 2 1.0000 0.0000 1.5090 -2.0000 -10.0000 -14.0000 6.0000 -6.0000 2.0000 0.5139 0.6840 0.3963 0.5376 0.3781 2.5100 1.8600 4.6191 
16.0000 48.0000 2.0000 2.0000 1.0000 6.4500 8 -1.0000 1.0000 0.6400 -8.0000 4.0000 8.0000 0.0000 12.0000 -4.0000 0.5000 0.5000 0.5000 0.5000 0.5000 2.5000 1.7795 4.5258 
16.0000 15.0000 2.0000 -2.0000 1.0000 -9.6750 2 1.0000 1.0000 0.8620 4.0000 -4.0000 -8.0000 0.0000 -12.0000 8.0000 0.5000 0.5000 0.5000 0.5000 0.5000 2.5000 1.9550 4.6925 
16.0000 46.0000 2.0000 2.0000 1.0000 0.0000 8 -1.0000 0.0000 1.5720 12.0000 0.0000 -4.0000 4.0000 -8.0000 8.0000 0.5000 0.5000 0.5000 0.5000 0.5000 2.5000 1.7591 4.5258 
16.0000 29.0000 2.0000 0.0000 1.0000 -9.6750 2 1.0000 1.0000 2.9690 10.0000 -2.0000 -10.0000 2.0000 -6.0000 6.0000 0.5000 0.5000 0.5000 0.5000 0.5000 2.5000 1.7616 4.5258 
16.0000 2.0000 2.0000 -4.0000 1.0000 -6.4500 2 1.0000 1.0000 0.6040 -2.0000 -10.0000 -14.0000 6.0000 -6.0000 2.0000 0.5000 0.5000 0.5000 0.5000 0.5000 2.5000 1.8807 4.6425 
16.0000 49.0000 2.0000 2.0000 1.0000 9.6750 8 -1.0000 1.0000 1.1010 8.0000 0.0000 -8.0000 4.0000 -4.0000 12.0000 0.5000 0.5000 0.5000 0.5000 0.5000 2.5000 1.9285 4.6761 
16.0000 19.0000 2.0000 -2.0000 1.0000 3.2250 8 -1.0000 1.0000 1.9200 -8.0000 0.0000 8.0000 -4.0000 4.0000 -12.0000 0.5000 0.5000 0.5000 0.5000 0.5000 2.5000 1.9046 4.6591 
16.0000 64.0000 2.0000 4.0000 0.0000 -9.6750 2 1.0000 1.0000 0.5940 -6.0000 2.0000 14.0000 -2.0000 10.0000 6.0000 0.3393 0.4873 0.5668 0.4080 0.6952 2.4967 1.7575 4.5058 
16.0000 1.0000 2.0000 -4.0000 1.0000 -9.6750 2 1.0000 1.0000 1.4590 2.0000 -6.0000 -10.0000 -2.0000 -14.0000 6.0000 0.5000 0.5000 0.5000 0.5000 0.5000 2.5000 1.7751 4.5259 
16.0000 9.0000 2.0000 -4.0000 0.0000 -6.4500 2 1.0000 1.0000 2.9900 -14.0000 -2.0000 6.0000 -6.0000 2.0000 -10.0000 0.3119 0.3894 0.6863 0.4888 0.6235 2.4999 1.9863 4.7257 
16.0000 44.0000 2.0000 2.0000 1.0000 -6.4500 2 1.0000 1.0000 1.0970 12.0000 4.0000 -8.0000 8.0000 -4.0000 0.0000 0.5000 0.5000 0.5000 0.5000 0.5000 2.5000 1.8424 4.5927 
16.0000 6.0000 2.0000 -4.0000 1.0000 6.4500 8 -1.0000 1.0000 0.8500 -14.0000 -2.0000 6.0000 -6.0000 2.0000 -10.0000 0.5000 0.5000 0.5000 0.5000 0.5000 2.5000 1.7818 4.5425 
16.0000 67.0000 2.0000 4.0000 0.0000 0.0000 8 -1.0000 0.0000 0.6420 14.0000 2.0000 -2.0000 6.0000 -6.0000 10.0000 0.4060 0.5633 0.5124 0.4798 0.5340 2.4956 1.9309 4.6882 
16.0000 38.0000 2.0000 0.0000 0.0000 -3.2250 2 1.0000 1.0000 1.2420 2.0000 -6.0000 -10.0000 10.0000 -2.0000 6.0000 0.3283 0.4152 0.5008 0.5973 0.6537 2.4953 1.8368 4.5878 
16.0000 40.0000 2.0000 0.0000 0.0000 3.2250 2 1.0000 0.0000 1.2150 6.0000 -2.0000 -10.0000 2.0000 -6.0000 10.0000 0.3116 0.5870 0.7892 0.4348 0.3716 2.4942 1.9922 4.7368 
16.0000 17.0000 2.0000 -2.0000 1.0000 -3.2250 2 1.0000 1.0000 1.7230 -8.0000 0.0000 4.0000 -4.0000 8.0000 -12.0000 0.5000 0.5000 0.5000 0.5000 0.5000 2.5000 1.8128 4.5591 
16.0000 63.0000 2.0000 4.0000 1.0000 9.6750 8 -1.0000 1.0000 1.0790 -6.0000 2.0000 14.0000 -2.0000 10.0000 6.0000 0.5000 0.5000 0.5000 0.5000 0.5000 2.5000 1.8719 4.6259 
16.0000 53.0000 2.0000 2.0000 0.0000 0.0000 8 -1.0000 0.0000 1.9730 0.0000 8.0000 12.0000 -8.0000 4.0000 -4.0000 0.4385 0.6310 0.3174 0.4835 0.6213 2.4916 1.9285 4.6675 
16.0000 12.0000 2.0000 -4.0000 0.0000 3.2250 2 1.0000 0.0000 1.0730 -2.0000 -10.0000 -14.0000 6.0000 -6.0000 2.0000 0.3288 0.3926 0.6161 0.5086 0.6605 2.5067 1.9018 4.6493 
16.0000 14.0000 2.0000 -4.0000 0.0000 9.6750 8 -1.0000 1.0000 1.7620 -6.0000 2.0000 6.0000 -14.0000 -2.0000 -10.0000 0.4798 0.4001 0.6833 0.3237 0.6121 2.4989 1.9962 4.7415 
16.0000 24.0000 2.0000 -2.0000 0.0000 -3.2250 2 1.0000 1.0000 2.3680 8.0000 -4.0000 -8.0000 0.0000 -12.0000 4.0000 0.3711 0.6417 0.3428 0.7704 0.3700 2.4961 1.8359 4.5886 
16.0000 39.0000 2.0000 0.0000 0.0000 0.0000 2 1.0000 0.0000 0.9460 10.0000 2.0000 -10.0000 6.0000 -6.0000 -2.0000 0.5536 0.4276 0.3102 0.6234 0.5928 2.5077 1.8858 4.6502 
16.0000 7.0000 2.0000 -4.0000 1.0000 9.6750 8 -1.0000 1.0000 0.8250 -10.0000 -2.0000 6.0000 -6.0000 2.0000 -14.0000 0.5000 0.5000 0.5000 0.5000 0.5000 2.5000 1.7588 4.5092 
16.0000 33.0000 2.0000 0.0000 1.0000 3.2250 8 -1.0000 1.0000 2.1160 6.0000 -6.0000 -10.0000 10.0000 -2.0000 2.0000 0.5000 0.5000 0.5000 0.5000 0.5000 2.5000 1.8341 4.5926 
16.0000 36.0000 2.0000 0.0000 0.0000 -9.6750 2 1.0000 1.0000 1.1120 -6.0000 2.0000 6.0000 -2.0000 10.0000 -10.0000 0.7252 0.5119 0.4628 0.3774 0.4150 2.4923 1.7589 4.5015 
16.0000 8.0000 2.0000 -4.0000 0.0000 -9.6750 2 1.0000 1.0000 0.6160 -14.0000 -6.0000 6.0000 -10.0000 2.0000 -2.0000 0.5769 0.6391 0.4257 0.5439 0.3062 2.4917 1.8159 4.5508 
16.0000 57.0000 2.0000 4.0000 1.0000 -9.6750 2 1.0000 1.0000 0.5980 -6.0000 2.0000 10.0000 -2.0000 14.0000 6.0000 0.5000 0.5000 0.5000 0.5000 0.5000 2.5000 1.9904 4.7425 
16.0000 23.0000 2.0000 -2.0000 0.0000 -6.4500 2 1.0000 1.0000 1.0780 -12.0000 0.0000 4.0000 -4.0000 8.0000 -8.0000 0.3623 0.5592 0.7797 0.4966 0.3101 2.5079 1.7667 4.5170 
16.0000 69.0000 2.0000 4.0000 0.0000 6.4500 8 -1.0000 1.0000 1.0620 -2.0000 6.0000 10.0000 2.0000 14.0000 -6.0000 0.3195 0.6864 0.4358 0.5437 0.5170 2.5024 1.8103 4.5781 
16.0000 21.0000 2.0000 -2.0000 1.0000 9.6750 8 -1.0000 1.0000 2.4600 -8.0000 4.0000 8.0000 -12.0000 0.0000 -4.0000 0.5000 0.5000 0.5000 0.5000 0.5000 2.5000 1.8682 4.6259 
16.0000 68.0000 2.0000 4.0000 0.0000 3.2250 8 -1.0000 1.0000 1.5910 -6.0000 6.0000 10.0000 2.0000 14.0000 -2.0000 0.4233 0.4973 0.6136 0.3952 0.5664 2.4958 1.7897 4.5383 
16.0000 41.0000 2.0000 0.0000 0.0000 6.4500 8 -1.0000 1.0000 1.3580 -10.0000 2.0000 6.0000 -2.0000 10.0000 -6.0000 0.4085 0.5070 0.7153 0.4789 0.3861 2.4959 1.9943 4.7384 
16.0000 30.0000 2.0000 0.0000 1.0000 -6.4500 2 1.0000 1.0000 0.6670 10.0000 2.0000 -6.0000 6.0000 -10.0000 -2.0000 0.5000 0.5000 0.5000 0.5000 0.5000 2.5000 1.8224 4.5760 
16.0000 34.0000 2.0000 0.0000 1.0000 6.4500 8 -1.0000 1.0000 1.3810 -10.0000 2.0000 6.0000 -2.0000 10.0000 -6.0000 0.5000 0.5000 0.5000 0.5000 0.5000 2.5000 1.8653 4.6093 
16.0000 58.0000 2.0000 4.0000 1.0000 -6.4500 2 1.0000 1.0000 0.9950 6.0000 -2.0000 -6.0000 14.0000 2.0000 10.0000 0.5000 0.5000 0.5000 0.5000 0.5000 2.5000 1.9511 4.6926 
16.0000 55.0000 2.0000 2.0000 0.0000 6.4500 8 -1.0000 1.0000 0.6950 -8.0000 4.0000 8.0000 0.0000 12.0000 -4.0000 0.5318 0.5720 0.3663 0.4288 0.6061 2.5050 1.8695 4.6143 
16.0000 52.0000 2.0000 2.0000 0.0000 -3.2250 2 1.0000 1.0000 1.1040 -8.0000 4.0000 8.0000 0.0000 12.0000 -4.0000 0.4816 0.3295 0.4179 0.7590 0.5084 2.4963 1.8720 4.6055 
16.0000 11.0000 2.0000 -4.0000 0.0000 0.0000 8 -1.0000 0.0000 1.4570 6.0000 -6.0000 -14.0000 -2.0000 -10.0000 2.0000 0.4253 0.7111 0.4534 0.5114 0.3899 2.4911 1.8138 4.5671 
16.0000 42.0000 2.0000 0.0000 0.0000 9.6750 8 -1.0000 1.0000 0.6300 10.0000 2.0000 -6.0000 6.0000 -10.0000 -2.0000 0.5589 0.7255 0.4014 0.4389 0.3852 2.5100 1.8821 4.6524 
16.0000 31.0000 2.0000 0.0000 1.0000 -3.2250 2 1.0000 1.0000 1.2270 10.0000 2.0000 -6.0000 6.0000 -10.0000 -2.0000 0.5000 0.5000 0.5000 0.5000 0.5000 2.5000 1.9998 4.7593 
16.0000 70.0000 2.0000 4.0000 0.0000 9.6750 8 -1.0000 1.0000 0.6570 -6.0000 2.0000 10.0000 -2.0000 14.0000 6.0000 0.5692 0.4088 0.7536 0.4577 0.3106 2.4999 1.7603 4.5091 
16.0000 16.0000 2.0000 -2.0000 1.0000 -6.4500 2 1.0000 1.0000 1.6510 -8.0000 0.0000 4.0000 -4.0000 8.0000 -12.0000 0.5000 0.5000 0.5000 0.5000 0.5000 2.5000 1.8518 4.6091 
16.0000 18.0000 2.0000 -2.0000 1.0000 0.0000 8 -1.0000 0.0000 1.2630 -12.0000 0.0000 8.0000 -4.0000 4.0000 -8.0000 0.5000 0.5000 0.5000 0.5000 0.5000 2.5000 1.9148 4.6592 
16.0000 37.0000 2.0000 0.0000 0.0000 -6.4500 2 1.0000 1.0000 0.6250 -6.0000 2.0000 10.0000 -2.0000 6.0000 -10.0000 0.6923 0.6399 0.3267 0.4426 0.3892 2.4907 1.9034 4.6332 
16.0000 28.0000 2.0000 -2.0000 0.0000 9.6750 8 -1.0000 1.0000 0.6590 8.0000 -4.0000 -12.0000 0.0000 -8.0000 4.0000 0.3614 0.5689 0.6227 0.3162 0.6394 2.5087 1.8270 4.5846 
16.0000 35.0000 2.0000 0.0000 1.0000 9.6750 8 -1.0000 1.0000 2.1190 6.0000 -2.0000 -10.0000 2.0000 -6.0000 10.0000 0.5000 0.5000 0.5000 0.5000 0.5000 2.5000 1.9742 4.7259 
16.0000 22.0000 2.0000 -2.0000 0.0000 -9.6750 2 1.0000 1.0000 0.6630 4.0000 -4.0000 -12.0000 0.0000 -8.0000 8.0000 0.7817 0.5368 0.3168 0.4184 0.4511 2.5049 1.9681 4.7309 
16.0000 62.0000 2.0000 4.0000 1.0000 6.4500 8 -1.0000 1.0000 1.1190 -6.0000 2.0000 10.0000 -2.0000 14.0000 6.0000 0.5000 0.5000 0.5000 0.5000 0.5000 2.5000 1.9034 4.6591 
16.0000 25.0000 2.0000 -2.0000 0.0000 0.0000 2 1.0000 0.0000 1.9450 -8.0000 0.0000 4.0000 -4.0000 8.0000 -12.0000 0.4014 0.6239 0.4125 0.3614 0.7008 2.5000 1.9891 4.7426 
16.0000 23.0000 3.0000 -2.0000 0.0000 -6.4500 2 1.0000 1.0000 0.7740 -12.0000 0.0000 8.0000 -4.0000 4.0000 -8.0000 0.3353 0.7554 0.5808 0.4712 0.3509 2.4935 1.8626 4.6026 
16.0000 66.0000 3.0000 4.0000 0.0000 -3.2250 2 1.0000 1.0000 0.9910 2.0000 10.0000 14.0000 -6.0000 6.0000 -2.0000 0.4714 0.6597 0.3216 0.6098 0.4296 2.4920 1.9403 4.6845 
16.0000 26.0000 3.0000 -2.0000 0.0000 3.2250 8 -1.0000 1.0000 1.3460 -12.0000 -4.0000 8.0000 -8.0000 4.0000 0.0000 0.3594 0.4833 0.5616 0.6519 0.4455 2.5016 1.8392 4.5941 
16.0000 41.0000 3.0000 0.0000 0.0000 6.4500 8 -1.0000 1.0000 1.5790 6.0000 -2.0000 -6.0000 2.0000 -10.0000 10.0000 0.3716 0.6638 0.6026 0.4828 0.3873 2.5079 1.8245 4.5837 
16.0000 17.0000 3.0000 -2.0000 1.0000 -3.2250 2 1.0000 1.0000 0.5460 -12.0000 0.0000 4.0000 -4.0000 8.0000 -8.0000 0.5000 0.5000 0.5000 0.5000 0.5000 2.5000 1.9778 4.7261 
16.0000 4.0000 3.0000 -4.0000 1.0000 0.0000 2 1.0000 0.0000 1.2250 2.0000 -6.0000 -14.0000 -2.0000 -10.0000 6.0000 0.5000 0.5000 0.5000 0.5000 0.5000 2.5000 1.9744 4.7260 
16.0000 44.0000 3.0000 2.0000 1.0000 -6.4500 2 1.0000 1.0000 1.7590 8.0000 0.0000 -8.0000 4.0000 -4.0000 12.0000 0.5000 0.5000 0.5000 0.5000 0.5000 2.5000 1.9118 4.6759 
16.0000 27.0000 3.0000 -2.0000 0.0000 6.4500 8 -1.0000 1.0000 1.1090 8.0000 0.0000 -8.0000 4.0000 -12.0000 -4.0000 0.7372 0.3061 0.5410 0.3971 0.5189 2.5003 1.8101 4.5595 
16.0000 57.0000 3.0000 4.0000 1.0000 -9.6750 2 1.0000 1.0000 0.5960 -2.0000 6.0000 14.0000 2.0000 10.0000 -6.0000 0.5000 0.5000 0.5000 0.5000 0.5000 2.5000 1.9033 4.6592 
16.0000 65.0000 3.0000 4.0000 0.0000 -6.4500 2 1.0000 1.0000 1.4220 10.0000 2.0000 -2.0000 6.0000 -6.0000 14.0000 0.6791 0.4791 0.4078 0.4483 0.4945 2.5088 1.8655 4.6181 
16.0000 12.0000 3.0000 -4.0000 0.0000 3.2250 8 -1.0000 1.0000 1.1150 2.0000 -6.0000 -10.0000 -2.0000 -14.0000 6.0000 0.6864 0.3758 0.4109 0.5367 0.4859 2.4958 1.9510 4.6884 
16.0000 49.0000 3.0000 2.0000 1.0000 9.6750 8 -1.0000 1.0000 0.6820 12.0000 4.0000 -8.0000 8.0000 -4.0000 0.0000 0.5000 0.5000 0.5000 0.5000 0.5000 2.5000 1.8450 4.5925 
16.0000 29.0000 3.0000 0.0000 1.0000 -9.6750 2 1.0000 1.0000 0.9330 -10.0000 -2.0000 10.0000 -6.0000 6.0000 2.0000 0.5000 0.5000 0.5000 0.5000 0.5000 2.5000 1.8274 4.5758 
16.0000 70.0000 3.0000 4.0000 0.0000 9.6750 8 -1.0000 1.0000 1.7720 14.0000 6.0000 -6.0000 10.0000 -2.0000 2.0000 0.3155 0.7019 0.5153 0.4358 0.5225 2.4909 1.8374 4.5667 
16.0000 51.0000 3.0000 2.0000 0.0000 -6.4500 2 1.0000 1.0000 0.8410 -4.0000 8.0000 12.0000 -8.0000 4.0000 0.0000 0.3519 0.5459 0.6934 0.3593 0.5506 2.5011 1.9678 4.7270 
16.0000 46.0000 3.0000 2.0000 1.0000 0.0000 8 -1.0000 0.0000 1.5840 -8.0000 4.0000 12.0000 0.0000 8.0000 -4.0000 0.5000 0.5000 0.5000 0.5000 0.5000 2.5000 1.8902 4.6425 
16.0000 35.0000 3.0000 0.0000 1.0000 9.6750 8 -1.0000 1.0000 1.1430 10.0000 -2.0000 -6.0000 2.0000 -10.0000 6.0000 0.5000 0.5000 0.5000 0.5000 0.5000 2.5000 1.8382 4.5925 
16.0000 22.0000 3.0000 -2.0000 0.0000 -9.6750 2 1.0000 1.0000 0.9710 0.0000 -8.0000 -12.0000 8.0000 -4.0000 4.0000 0.4385 0.3343 0.6896 0.6369 0.4046 2.5039 1.8167 4.5797 
16.0000 53.0000 3.0000 2.0000 0.0000 0.0000 2 1.0000 0.0000 1.8840 -4.0000 4.0000 8.0000 0.0000 12.0000 -8.0000 0.3344 0.6283 0.5606 0.4331 0.5533 2.5096 1.9336 4.6855 
16.0000 33.0000 3.0000 0.0000 1.0000 3.2250 8 -1.0000 1.0000 1.6100 -10.0000 2.0000 6.0000 -2.0000 10.0000 -6.0000 0.5000 0.5000 0.5000 0.5000 0.5000 2.5000 1.9221 4.6759 
16.0000 40.0000 3.0000 0.0000 0.0000 3.2250 2 1.0000 0.0000 1.7950 2.0000 -6.0000 -10.0000 10.0000 -2.0000 6.0000 0.6710 0.7401 0.3152 0.4112 0.3575 2.4949 1.8665 4.6042 
16.0000 36.0000 3.0000 0.0000 0.0000 -9.6750 2 1.0000 1.0000 0.4670 -10.0000 -2.0000 10.0000 -6.0000 6.0000 2.0000 0.5572 0.3395 0.4936 0.6562 0.4594 2.5058 1.7929 4.5483 
16.0000 31.0000 3.0000 0.0000 1.0000 -3.2250 2 1.0000 1.0000 0.4840 -6.0000 2.0000 6.0000 -2.0000 10.0000 -10.0000 0.5000 0.5000 0.5000 0.5000 0.5000 2.5000 1.8436 4.5925 
16.0000 38.0000 3.0000 0.0000 0.0000 -3.2250 2 1.0000 1.0000 1.4340 -10.0000 2.0000 10.0000 -2.0000 6.0000 -6.0000 0.5916 0.6906 0.3025 0.5878 0.3215 2.4941 1.8548 4.6033 
16.0000 68.0000 3.0000 4.0000 0.0000 3.2250 8 -1.0000 1.0000 0.9190 -6.0000 6.0000 14.0000 2.0000 10.0000 -2.0000 0.5428 0.4205 0.5954 0.4361 0.4995 2.4943 1.7712 4.5200 
16.0000 56.0000 3.0000 2.0000 0.0000 9.6750 8 -1.0000 1.0000 0.6950 -4.0000 4.0000 12.0000 0.0000 8.0000 -8.0000 0.3900 0.5187 0.6831 0.3865 0.5191 2.4974 1.8597 4.6065 
16.0000 59.0000 3.0000 4.0000 1.0000 -3.2250 2 1.0000 1.0000 1.9600 10.0000 2.0000 -2.0000 6.0000 -6.0000 14.0000 0.5000 0.5000 0.5000 0.5000 0.5000 2.5000 1.7893 4.5426 
16.0000 63.0000 3.0000 4.0000 1.0000 9.6750 8 -1.0000 1.0000 0.9530 10.0000 2.0000 -6.0000 6.0000 -2.0000 14.0000 0.5000 0.5000 0.5000 0.5000 0.5000 2.5000 1.9009 4.6591 
16.0000 28.0000 3.0000 -2.0000 0.0000 9.6750 8 -1.0000 1.0000 0.5460 -12.0000 0.0000 8.0000 -4.0000 4.0000 -8.0000 0.6049 0.6780 0.4011 0.3569 0.4550 2.4961 1.7615 4.5051 
16.0000 15.0000 3.0000 -2.0000 1.0000 -9.6750 2 1.0000 1.0000 0.3420 -8.0000 4.0000 8.0000 -12.0000 0.0000 -4.0000 0.5000 0.5000 0.5000 0.5000 0.5000 2.5000 1.8884 4.6425 
16.0000 13.0000 3.0000 -4.0000 0.0000 6.4500 8 -1.0000 1.0000 1.5180 2.0000 -6.0000 -10.0000 -2.0000 -14.0000 6.0000 0.5502 0.3268 0.7733 0.3007 0.5571 2.5081 1.8669 4.6173 
16.0000 50.0000 3.0000 2.0000 0.0000 -9.6750 2 1.0000 1.0000 0.6110 -8.0000 4.0000 12.0000 0.0000 8.0000 -4.0000 0.4176 0.5190 0.4833 0.5950 0.4939 2.5089 1.8656 4.6180 
16.0000 7.0000 3.0000 -4.0000 1.0000 9.6750 8 -1.0000 1.0000 0.5160 6.0000 -6.0000 -10.0000 -2.0000 -14.0000 2.0000 0.5000 0.5000 0.5000 0.5000 0.5000 2.5000 1.8923 4.6426 
16.0000 58.0000 3.0000 4.0000 1.0000 -6.4500 2 1.0000 1.0000 2.0260 -6.0000 2.0000 10.0000 -2.0000 14.0000 6.0000 0.5000 0.5000 0.5000 0.5000 0.5000 2.5000 1.8926 4.6426 
16.0000 34.0000 3.0000 0.0000 1.0000 6.4500 8 -1.0000 1.0000 0.5860 -10.0000 2.0000 6.0000 -2.0000 10.0000 -6.0000 0.5000 0.5000 0.5000 0.5000 0.5000 2.5000 1.8629 4.6092 
16.0000 11.0000 3.0000 -4.0000 0.0000 0.0000 8 -1.0000 0.0000 1.4600 -14.0000 -2.0000 2.0000 -6.0000 6.0000 -10.0000 0.5528 0.6183 0.3203 0.4772 0.5240 2.4925 1.8833 4.6350 
16.0000 55.0000 3.0000 2.0000 0.0000 6.4500 8 -1.0000 1.0000 1.4070 -8.0000 4.0000 12.0000 0.0000 8.0000 -4.0000 0.3043 0.4933 0.3586 0.7234 0.6203 2.4998 1.8468 4.5923 
16.0000 48.0000 3.0000 2.0000 1.0000 6.4500 8 -1.0000 1.0000 0.6430 -4.0000 4.0000 12.0000 0.0000 8.0000 -8.0000 0.5000 0.5000 0.5000 0.5000 0.5000 2.5000 1.8250 4.5758 
16.0000 8.0000 3.0000 -4.0000 0.0000 -9.6750 2 1.0000 1.0000 0.4850 -10.0000 -2.0000 6.0000 -6.0000 2.0000 -14.0000 0.5186 0.7806 0.4419 0.3200 0.4380 2.4991 1.8400 4.5917 
16.0000 3.0000 3.0000 -4.0000 1.0000 -3.2250 2 1.0000 1.0000 1.3680 -10.0000 -2.0000 2.0000 -6.0000 6.0000 -14.0000 0.5000 0.5000 0.5000 0.5000 0.5000 2.5000 1.9619 4.7093 
16.0000 6.0000 3.0000 -4.0000 1.0000 6.4500 8 -1.0000 1.0000 0.6710 -10.0000 2.0000 6.0000 -14.0000 -2.0000 -6.0000 0.5000 0.5000 0.5000 0.5000 0.5000 2.5000 1.8165 4.5592 
16.0000 45.0000 3.0000 2.0000 1.0000 -3.2250 2 1.0000 1.0000 1.0680 -8.0000 4.0000 8.0000 0.0000 12.0000 -4.0000 0.5000 0.5000 0.5000 0.5000 0.5000 2.5000 1.8950 4.6593 
16.0000 9.0000 3.0000 -4.0000 0.0000 -6.4500 2 1.0000 1.0000 0.8820 6.0000 -6.0000 -10.0000 -2.0000 -14.0000 2.0000 0.4594 0.7420 0.4491 0.4784 0.3705 2.4994 1.7594 4.5086 
16.0000 52.0000 3.0000 2.0000 0.0000 -3.2250 2 1.0000 1.0000 1.6140 8.0000 0.0000 -8.0000 4.0000 -4.0000 12.0000 0.4361 0.6025 0.3846 0.3455 0.7401 2.5088 1.8854 4.6513 
16.0000 47.0000 3.0000 2.0000 1.0000 3.2250 8 -1.0000 1.0000 0.8390 -4.0000 8.0000 12.0000 -8.0000 4.0000 0.0000 0.5000 0.5000 0.5000 0.5000 0.5000 2.5000 1.9250 4.6758 
16.0000 43.0000 3.0000 2.0000 1.0000 -9.6750 2 1.0000 1.0000 1.8980 -4.0000 4.0000 12.0000 0.0000 8.0000 -8.0000 0.5000 0.5000 0.5000 0.5000 0.5000 2.5000 1.7780 4.5257 
16.0000 21.0000 3.0000 -2.0000 1.0000 9.6750 8 -1.0000 1.0000 2.0780 -12.0000 0.0000 4.0000 -4.0000 8.0000 -8.0000 0.5000 0.5000 0.5000 0.5000 0.5000 2.5000 1.7820 4.5260 
16.0000 19.0000 3.0000 -2.0000 1.0000 3.2250 8 -1.0000 1.0000 1.7090 -12.0000 -4.0000 8.0000 -8.0000 4.0000 0.0000 0.5000 0.5000 0.5000 0.5000 0.5000 2.5000 1.8543 4.6093 
16.0000 61.0000 3.0000 4.0000 1.0000 3.2250 8 -1.0000 1.0000 1.5710 14.0000 6.0000 -2.0000 10.0000 -6.0000 2.0000 0.5000 0.5000 0.5000 0.5000 0.5000 2.5000 1.8985 4.6425 
16.0000 67.0000 3.0000 4.0000 0.0000 0.0000 2 1.0000 0.0000 1.4970 14.0000 2.0000 -2.0000 6.0000 -6.0000 10.0000 0.7571 0.3202 0.3465 0.4598 0.6076 2.4913 1.9651 4.7006 
16.0000 10.0000 3.0000 -4.0000 0.0000 -3.2250 2 1.0000 1.0000 1.0410 6.0000 -6.0000 -10.0000 -2.0000 -14.0000 2.0000 0.6475 0.6165 0.3360 0.4603 0.4334 2.4937 1.8704 4.6195 
16.0000 2.0000 3.0000 -4.0000 1.0000 -6.4500 2 1.0000 1.0000 0.6760 2.0000 -10.0000 -14.0000 6.0000 -6.0000 -2.0000 0.5000 0.5000 0.5000 0.5000 0.5000 2.5000 1.7732 4.5257 
16.0000 16.0000 3.0000 -2.0000 1.0000 -6.4500 2 1.0000 1.0000 0.7390 -12.0000 0.0000 4.0000 -4.0000 8.0000 -8.0000 0.5000 0.5000 0.5000 0.5000 0.5000 2.5000 1.9052 4.6592 
16.0000 1.0000 3.0000 -4.0000 1.0000 -9.6750 2 1.0000 1.0000 0.7660 -10.0000 2.0000 6.0000 -14.0000 -2.0000 -6.0000 0.5000 0.5000 0.5000 0.5000 0.5000 2.5000 1.9084 4.6592 
16.0000 69.0000 3.0000 4.0000 0.0000 6.4500 8 -1.0000 1.0000 0.8010 14.0000 2.0000 -6.0000 6.0000 -2.0000 10.0000 0.7024 0.3156 0.3787 0.7754 0.3245 2.4966 1.9232 4.6726 
16.0000 54.0000 3.0000 2.0000 0.0000 3.2250 8 -1.0000 1.0000 1.9730 12.0000 0.0000 -4.0000 4.0000 -8.0000 8.0000 0.3903 0.4837 0.6884 0.5229 0.4218 2.5072 1.8031 4.5663 
16.0000 30.0000 3.0000 0.0000 1.0000 -6.4500 2 1.0000 1.0000 1.2380 -10.0000 2.0000 10.0000 -2.0000 6.0000 -6.0000 0.5000 0.5000 0.5000 0.5000 0.5000 2.5000 1.9589 4.7094 
16.0000 39.0000 3.0000 0.0000 0.0000 0.0000 8 -1.0000 0.0000 1.9450 -2.0000 6.0000 10.0000 -10.0000 2.0000 -6.0000 0.5769 0.7159 0.4764 0.3214 0.4050 2.4956 1.8163 4.5549 
16.0000 14.0000 3.0000 -4.0000 0.0000 9.6750 8 -1.0000 1.0000 0.7550 -2.0000 -10.0000 -14.0000 6.0000 -6.0000 2.0000 0.5584 0.3005 0.5734 0.3129 0.7481 2.4933 1.7635 4.5025 
16.0000 37.0000 3.0000 0.0000 0.0000 -6.4500 2 1.0000 1.0000 0.7470 -10.0000 -2.0000 6.0000 -6.0000 10.0000 2.0000 0.3961 0.6896 0.5454 0.4814 0.3879 2.5005 1.9335 4.6931 
16.0000 20.0000 3.0000 -2.0000 1.0000 6.4500 8 -1.0000 1.0000 0.8220 8.0000 -4.0000 -8.0000 0.0000 -12.0000 4.0000 0.5000 0.5000 0.5000 0.5000 0.5000 2.5000 1.8833 4.6426 
16.0000 32.0000 3.0000 0.0000 1.0000 0.0000 8 -1.0000 0.0000 2.3850 -2.0000 6.0000 10.0000 -10.0000 2.0000 -6.0000 0.5000 0.5000 0.5000 0.5000 0.5000 2.5000 1.8659 4.6259 
16.0000 62.0000 3.0000 4.0000 1.0000 6.4500 8 -1.0000 1.0000 0.9010 -6.0000 6.0000 10.0000 2.0000 14.0000 -2.0000 0.5000 0.5000 0.5000 0.5000 0.5000 2.5000 1.8327 4.5925 
16.0000 42.0000 3.0000 0.0000 0.0000 9.6750 8 -1.0000 1.0000 1.6370 -10.0000 2.0000 6.0000 -2.0000 10.0000 -6.0000 0.6341 0.4004 0.4345 0.5356 0.4917 2.4963 1.9923 4.7388 
16.0000 18.0000 3.0000 -2.0000 1.0000 0.0000 2 1.0000 0.0000 1.4450 4.0000 -4.0000 -12.0000 0.0000 -8.0000 8.0000 0.5000 0.5000 0.5000 0.5000 0.5000 2.5000 1.9096 4.6592 
16.0000 60.0000 3.0000 4.0000 1.0000 0.0000 2 1.0000 0.0000 2.1390 10.0000 -2.0000 -6.0000 14.0000 2.0000 6.0000 0.5000 0.5000 0.5000 0.5000 0.5000 2.5000 1.9507 4.6927 
16.0000 25.0000 3.0000 -2.0000 0.0000 0.0000 2 1.0000 0.0000 1.7550 -8.0000 0.0000 4.0000 -4.0000 8.0000 -12.0000 0.4928 0.4228 0.3426 0.5672 0.6699 2.4953 1.8266 4.5712 
16.0000 5.0000 3.0000 -4.0000 1.0000 3.2250 2 1.0000 0.0000 1.7410 -14.0000 -2.0000 6.0000 -6.0000 2.0000 -10.0000 0.5000 0.5000 0.5000 0.5000 0.5000 2.5000 1.8792 4.6425 
16.0000 64.0000 3.0000 4.0000 0.0000 -9.6750 2 1.0000 1.0000 1.6100 10.0000 2.0000 -2.0000 6.0000 -6.0000 14.0000 0.5843 0.4419 0.5313 0.4204 0.5306 2.5085 1.8234 4.5842 
16.0000 24.0000 3.0000 -2.0000 0.0000 -3.2250 2 1.0000 1.0000 1.7070 0.0000 -8.0000 -12.0000 8.0000 -4.0000 4.0000 0.4877 0.7037 0.6263 0.3170 0.3656 2.5002 1.8774 4.6260 
16.0000 13.0000 4.0000 -4.0000 0.0000 6.4500 8 -1.0000 1.0000 0.5260 6.0000 -2.0000 -14.0000 2.0000 -10.0000 -6.0000 0.3919 0.3656 0.7908 0.3577 0.5957 2.5018 1.9077 4.6610 
16.0000 68.0000 4.0000 4.0000 0.0000 3.2250 8 -1.0000 1.0000 1.6650 -2.0000 6.0000 14.0000 2.0000 10.0000 -6.0000 0.7695 0.6013 0.3264 0.4327 0.3644 2.4944 1.8064 4.5368 
16.0000 2.0000 4.0000 -4.0000 1.0000 -6.4500 2 1.0000 1.0000 0.7330 -6.0000 2.0000 6.0000 -14.0000 -2.0000 -10.0000 0.5000 0.5000 0.5000 0.5000 0.5000 2.5000 1.9284 4.6925 
16.0000 28.0000 4.0000 -2.0000 0.0000 9.6750 8 -1.0000 1.0000 0.6800 -12.0000 -4.0000 8.0000 -8.0000 4.0000 0.0000 0.5330 0.4278 0.6447 0.5329 0.3557 2.4941 1.9192 4.6699 
16.0000 10.0000 4.0000 -4.0000 0.0000 -3.2250 2 1.0000 1.0000 0.6200 6.0000 -6.0000 -14.0000 -2.0000 -10.0000 2.0000 0.3822 0.5865 0.3851 0.4333 0.7131 2.5001 1.9498 4.7094 
16.0000 57.0000 4.0000 4.0000 1.0000 -9.6750 2 1.0000 1.0000 1.0230 2.0000 10.0000 14.0000 -6.0000 6.0000 -2.0000 0.5000 0.5000 0.5000 0.5000 0.5000 2.5000 1.8921 4.6426 
16.0000 38.0000 4.0000 0.0000 0.0000 -3.2250 2 1.0000 1.0000 1.3480 10.0000 -2.0000 -6.0000 2.0000 -10.0000 6.0000 0.6058 0.3237 0.4025 0.7151 0.4584 2.5055 1.9405 4.6980 
16.0000 46.0000 4.0000 2.0000 1.0000 0.0000 2 1.0000 0.0000 2.0910 12.0000 0.0000 -4.0000 4.0000 -8.0000 8.0000 0.5000 0.5000 0.5000 0.5000 0.5000 2.5000 1.8095 4.5594 
16.0000 34.0000 4.0000 0.0000 1.0000 6.4500 8 -1.0000 1.0000 0.5940 -10.0000 -2.0000 6.0000 -6.0000 10.0000 2.0000 0.5000 0.5000 0.5000 0.5000 0.5000 2.5000 1.9203 4.6593 
16.0000 43.0000 4.0000 2.0000 1.0000 -9.6750 2 1.0000 1.0000 1.5580 -8.0000 4.0000 8.0000 0.0000 12.0000 -4.0000 0.5000 0.5000 0.5000 0.5000 0.5000 2.5000 1.9927 4.7427 
16.0000 24.0000 4.0000 -2.0000 0.0000 -3.2250 2 1.0000 1.0000 1.2240 8.0000 -4.0000 -8.0000 0.0000 -12.0000 4.0000 0.3460 0.4605 0.3902 0.6736 0.6302 2.5007 1.9543 4.6934 
16.0000 44.0000 4.0000 2.0000 1.0000 -6.4500 2 1.0000 1.0000 1.7640 0.0000 8.0000 12.0000 -8.0000 4.0000 -4.0000 0.5000 0.5000 0.5000 0.5000 0.5000 2.5000 1.7909 4.5425 
16.0000 8.0000 4.0000 -4.0000 0.0000 -9.6750 2 1.0000 1.0000 1.5330 6.0000 -6.0000 -10.0000 -2.0000 -14.0000 2.0000 0.4288 0.7277 0.3829 0.3389 0.6191 2.4974 1.7608 4.5066 
16.0000 36.0000 4.0000 0.0000 0.0000 -9.6750 2 1.0000 1.0000 0.4920 -10.0000 2.0000 10.0000 -2.0000 6.0000 -6.0000 0.3854 0.4793 0.5268 0.4230 0.6884 2.5030 1.8064 4.5622 
16.0000 65.0000 4.0000 4.0000 0.0000 -6.4500 2 1.0000 1.0000 1.7830 10.0000 -2.0000 -6.0000 14.0000 2.0000 6.0000 0.4832 0.5205 0.6750 0.5202 0.3007 2.4996 1.9642 4.7089 
16.0000 62.0000 4.0000 4.0000 1.0000 6.4500 8 -1.0000 1.0000 2.2530 -2.0000 6.0000 14.0000 2.0000 10.0000 -6.0000 0.5000 0.5000 0.5000 0.5000 0.5000 2.5000 1.9713 4.7259 
16.0000 32.0000 4.0000 0.0000 1.0000 0.0000 8 -1.0000 0.0000 2.1480 -6.0000 6.0000 10.0000 -10.0000 2.0000 -2.0000 0.5000 0.5000 0.5000 0.5000 0.5000 2.5000 1.9462 4.6924 
16.0000 9.0000 4.0000 -4.0000 0.0000 -6.4500 2 1.0000 1.0000 1.0020 -14.0000 -2.0000 2.0000 -6.0000 6.0000 -10.0000 0.4980 0.4094 0.6083 0.4423 0.5450 2.5031 1.9862 4.7291 
16.0000 67.0000 4.0000 4.0000 0.0000 0.0000 2 1.0000 0.0000 1.8750 6.0000 -2.0000 -6.0000 14.0000 2.0000 10.0000 0.5328 0.3454 0.4766 0.4032 0.7358 2.4938 1.9667 4.7029 
16.0000 22.0000 4.0000 -2.0000 0.0000 -9.6750 2 1.0000 1.0000 1.0040 -4.0000 4.0000 8.0000 -12.0000 0.0000 -8.0000 0.5873 0.3445 0.6979 0.5357 0.3354 2.5008 1.8269 4.5767 
16.0000 15.0000 4.0000 -2.0000 1.0000 -9.6750 2 1.0000 1.0000 1.5130 -4.0000 4.0000 8.0000 -12.0000 0.0000 -8.0000 0.5000 0.5000 0.5000 0.5000 0.5000 2.5000 1.7572 4.5091 
16.0000 1.0000 4.0000 -4.0000 1.0000 -9.6750 2 1.0000 1.0000 0.6200 6.0000 -2.0000 -14.0000 2.0000 -10.0000 -6.0000 0.5000 0.5000 0.5000 0.5000 0.5000 2.5000 1.9401 4.6925 
16.0000 12.0000 4.0000 -4.0000 0.0000 3.2250 8 -1.0000 1.0000 1.2270 -10.0000 -2.0000 2.0000 -6.0000 6.0000 -14.0000 0.4772 0.6797 0.3159 0.5964 0.4306 2.4999 1.7764 4.5256 
16.0000 20.0000 4.0000 -2.0000 1.0000 6.4500 8 -1.0000 1.0000 1.4490 -4.0000 4.0000 8.0000 -12.0000 0.0000 -8.0000 0.5000 0.5000 0.5000 0.5000 0.5000 2.5000 1.9751 4.7259 
16.0000 14.0000 4.0000 -4.0000 0.0000 9.6750 8 -1.0000 1.0000 1.6920 -14.0000 -2.0000 6.0000 -6.0000 2.0000 -10.0000 0.7285 0.3029 0.6011 0.5647 0.3063 2.5035 1.9409 4.6961 
16.0000 23.0000 4.0000 -2.0000 0.0000 -6.4500 2 1.0000 1.0000 0.6980 -8.0000 0.0000 8.0000 -4.0000 4.0000 -12.0000 0.4217 0.6661 0.3290 0.7609 0.3141 2.4919 1.7865 4.5177 
16.0000 58.0000 4.0000 4.0000 1.0000 -6.4500 2 1.0000 1.0000 1.6030 14.0000 2.0000 -2.0000 6.0000 -6.0000 10.0000 0.5000 0.5000 0.5000 0.5000 0.5000 2.5000 1.7764 4.5257 
16.0000 66.0000 4.0000 4.0000 0.0000 -3.2250 8 -1.0000 0.0000 2.7020 -2.0000 6.0000 14.0000 2.0000 10.0000 -6.0000 0.3447 0.6529 0.4487 0.6090 0.4371 2.4924 1.8973 4.6350 
16.0000 41.0000 4.0000 0.0000 0.0000 6.4500 8 -1.0000 1.0000 0.7200 10.0000 2.0000 -10.0000 6.0000 -6.0000 -2.0000 0.5848 0.4742 0.3232 0.5990 0.5214 2.5026 1.8946 4.6618 
16.0000 59.0000 4.0000 4.0000 1.0000 -3.2250 8 -1.0000 0.0000 1.0800 6.0000 -2.0000 -6.0000 14.0000 2.0000 10.0000 0.5000 0.5000 0.5000 0.5000 0.5000 2.5000 1.9829 4.7428 
16.0000 19.0000 4.0000 -2.0000 1.0000 3.2250 8 -1.0000 1.0000 0.5510 -12.0000 -4.0000 4.0000 -8.0000 8.0000 0.0000 0.5000 0.5000 0.5000 0.5000 0.5000 2.5000 1.8581 4.6092 
16.0000 16.0000 4.0000 -2.0000 1.0000 -6.4500 2 1.0000 1.0000 0.4410 -8.0000 4.0000 8.0000 -12.0000 0.0000 -4.0000 0.5000 0.5000 0.5000 0.5000 0.5000 2.5000 1.7635 4.5092 
16.0000 49.0000 4.0000 2.0000 1.0000 9.6750 8 -1.0000 1.0000 0.4800 12.0000 4.0000 -8.0000 8.0000 -4.0000 0.0000 0.5000 0.5000 0.5000 0.5000 0.5000 2.5000 1.9289 4.6759 
16.0000 45.0000 4.0000 2.0000 1.0000 -3.2250 8 -1.0000 0.0000 1.8520 12.0000 4.0000 -8.0000 8.0000 -4.0000 0.0000 0.5000 0.5000 0.5000 0.5000 0.5000 2.5000 1.7982 4.5424 
16.0000 17.0000 4.0000 -2.0000 1.0000 -3.2250 2 1.0000 1.0000 1.0460 8.0000 0.0000 -8.0000 4.0000 -12.0000 -4.0000 0.5000 0.5000 0.5000 0.5000 0.5000 2.5000 1.9939 4.7425 
16.0000 29.0000 4.0000 0.0000 1.0000 -9.6750 2 1.0000 1.0000 0.5360 6.0000 -2.0000 -10.0000 2.0000 -6.0000 10.0000 0.5000 0.5000 0.5000 0.5000 0.5000 2.5000 1.8601 4.6094 
16.0000 47.0000 4.0000 2.0000 1.0000 3.2250 8 -1.0000 1.0000 0.7060 8.0000 -4.0000 -8.0000 12.0000 0.0000 4.0000 0.5000 0.5000 0.5000 0.5000 0.5000 2.5000 1.9719 4.7093 
16.0000 42.0000 4.0000 0.0000 0.0000 9.6750 8 -1.0000 1.0000 0.9920 -6.0000 6.0000 10.0000 -10.0000 2.0000 -2.0000 0.3433 0.3771 0.6717 0.5033 0.5994 2.4947 1.8613 4.6039 
16.0000 53.0000 4.0000 2.0000 0.0000 0.0000 8 -1.0000 0.0000 0.6070 12.0000 4.0000 -8.0000 8.0000 -4.0000 0.0000 0.3143 0.6353 0.7957 0.3121 0.4372 2.4946 1.9451 4.7037 
16.0000 61.0000 4.0000 4.0000 1.0000 3.2250 8 -1.0000 1.0000 1.4560 10.0000 2.0000 -6.0000 6.0000 -2.0000 14.0000 0.5000 0.5000 0.5000 0.5000 0.5000 2.5000 1.7575 4.5092 
16.0000 3.0000 4.0000 -4.0000 1.0000 -3.2250 2 1.0000 1.0000 0.5230 6.0000 -6.0000 -10.0000 -2.0000 -14.0000 2.0000 0.5000 0.5000 0.5000 0.5000 0.5000 2.5000 1.7620 4.5092 
16.0000 31.0000 4.0000 0.0000 1.0000 -3.2250 2 1.0000 1.0000 1.6530 6.0000 -2.0000 -10.0000 2.0000 -6.0000 10.0000 0.5000 0.5000 0.5000 0.5000 0.5000 2.5000 1.9783 4.7259 
16.0000 63.0000 4.0000 4.0000 1.0000 9.6750 8 -1.0000 1.0000 0.5790 10.0000 2.0000 -2.0000 6.0000 -6.0000 14.0000 0.5000 0.5000 0.5000 0.5000 0.5000 2.5000 1.9110 4.6591 
16.0000 70.0000 4.0000 4.0000 0.0000 9.6750 8 -1.0000 1.0000 0.5080 10.0000 -2.0000 -6.0000 14.0000 2.0000 6.0000 0.3985 0.5629 0.3101 0.5767 0.6505 2.4988 1.7709 4.5247 
16.0000 40.0000 4.0000 0.0000 0.0000 3.2250 8 -1.0000 1.0000 1.7830 10.0000 -2.0000 -6.0000 2.0000 -10.0000 6.0000 0.7249 0.4434 0.3471 0.3988 0.5861 2.5004 1.9673 4.7095 
16.0000 37.0000 4.0000 0.0000 0.0000 -6.4500 2 1.0000 1.0000 0.7080 6.0000 -2.0000 -10.0000 2.0000 -6.0000 10.0000 0.3867 0.7701 0.3100 0.7085 0.3230 2.4983 1.8207 4.5575 
16.0000 60.0000 4.0000 4.0000 1.0000 0.0000 8 -1.0000 0.0000 1.9090 -2.0000 10.0000 14.0000 -6.0000 6.0000 2.0000 0.5000 0.5000 0.5000 0.5000 0.5000 2.5000 1.9634 4.7092 
16.0000 56.0000 4.0000 2.0000 0.0000 9.6750 8 -1.0000 1.0000 1.1300 -8.0000 4.0000 8.0000 0.0000 12.0000 -4.0000 0.7046 0.4467 0.3471 0.4272 0.5740 2.4997 1.8554 4.6091 
16.0000 33.0000 4.0000 0.0000 1.0000 3.2250 2 1.0000 0.0000 1.4880 -10.0000 -2.0000 6.0000 -6.0000 10.0000 2.0000 0.5000 0.5000 0.5000 0.5000 0.5000 2.5000 1.8455 4.5925 
16.0000 6.0000 4.0000 -4.0000 1.0000 6.4500 8 -1.0000 1.0000 2.0030 -14.0000 -2.0000 2.0000 -6.0000 6.0000 -10.0000 0.5000 0.5000 0.5000 0.5000 0.5000 2.5000 1.9743 4.7258 
16.0000 69.0000 4.0000 4.0000 0.0000 6.4500 8 -1.0000 1.0000 1.9780 -6.0000 2.0000 14.0000 -2.0000 10.0000 6.0000 0.6787 0.3088 0.3929 0.6252 0.4916 2.4972 1.7715 4.5230 
16.0000 39.0000 4.0000 0.0000 0.0000 0.0000 2 1.0000 0.0000 1.5570 10.0000 -2.0000 -6.0000 2.0000 -10.0000 6.0000 0.4030 0.3223 0.4987 0.6962 0.5831 2.5033 1.8463 4.5960 
16.0000 48.0000 4.0000 2.0000 1.0000 6.4500 8 -1.0000 1.0000 0.5740 -8.0000 4.0000 8.0000 0.0000 12.0000 -4.0000 0.5000 0.5000 0.5000 0.5000 0.5000 2.5000 1.9509 4.6925 
16.0000 51.0000 4.0000 2.0000 0.0000 -6.4500 8 -1.0000 0.0000 1.1730 -4.0000 4.0000 12.0000 0.0000 8.0000 -8.0000 0.3771 0.5150 0.4564 0.6846 0.4594 2.4925 1.8276 4.5683 
16.0000 54.0000 4.0000 2.0000 0.0000 3.2250 8 -1.0000 1.0000 0.6170 -8.0000 0.0000 12.0000 -4.0000 8.0000 4.0000 0.6952 0.4328 0.3947 0.4494 0.5204 2.4926 1.9162 4.6518 
16.0000 26.0000 4.0000 -2.0000 0.0000 3.2250 8 -1.0000 1.0000 0.7800 -8.0000 4.0000 8.0000 -12.0000 0.0000 -4.0000 0.5369 0.3697 0.5786 0.4542 0.5672 2.5066 1.8038 4.5658 
16.0000 11.0000 4.0000 -4.0000 0.0000 0.0000 2 1.0000 0.0000 0.6620 2.0000 -6.0000 -14.0000 -2.0000 -10.0000 6.0000 0.3834 0.4920 0.6404 0.6140 0.3678 2.4977 1.8706 4.6235 
16.0000 35.0000 4.0000 0.0000 1.0000 9.6750 8 -1.0000 1.0000 0.4810 -6.0000 2.0000 6.0000 -2.0000 10.0000 -10.0000 0.5000 0.5000 0.5000 0.5000 0.5000 2.5000 1.8048 4.5593 
16.0000 18.0000 4.0000 -2.0000 1.0000 0.0000 8 -1.0000 0.0000 0.9040 0.0000 -8.0000 -12.0000 8.0000 -4.0000 4.0000 0.5000 0.5000 0.5000 0.5000 0.5000 2.5000 1.9290 4.6758 
16.0000 25.0000 4.0000 -2.0000 0.0000 0.0000 2 1.0000 0.0000 1.5620 0.0000 -8.0000 -12.0000 8.0000 -4.0000 4.0000 0.5630 0.3086 0.6248 0.3713 0.6259 2.4937 1.9924 4.7363 
16.0000 21.0000 4.0000 -2.0000 1.0000 9.6750 8 -1.0000 1.0000 0.3790 4.0000 -4.0000 -8.0000 0.0000 -12.0000 8.0000 0.5000 0.5000 0.5000 0.5000 0.5000 2.5000 1.8853 4.6424 
16.0000 52.0000 4.0000 2.0000 0.0000 -3.2250 2 1.0000 1.0000 0.7740 -8.0000 0.0000 8.0000 -4.0000 12.0000 4.0000 0.4803 0.5314 0.3812 0.6551 0.4538 2.5019 1.8866 4.6445 
16.0000 64.0000 4.0000 4.0000 0.0000 -9.6750 2 1.0000 1.0000 0.5040 -2.0000 6.0000 14.0000 2.0000 10.0000 -6.0000 0.3375 0.5666 0.7049 0.4253 0.4575 2.4917 1.7713 4.5176 
16.0000 55.0000 4.0000 2.0000 0.0000 6.4500 8 -1.0000 1.0000 0.4880 -8.0000 4.0000 12.0000 0.0000 8.0000 -4.0000 0.4310 0.6371 0.3366 0.5888 0.5165 2.5098 1.8147 4.5690 
16.0000 27.0000 4.0000 -2.0000 0.0000 6.4500 8 -1.0000 1.0000 1.2430 -8.0000 0.0000 4.0000 -4.0000 8.0000 -12.0000 0.5024 0.3106 0.3923 0.5380 0.7581 2.5013 1.9712 4.7106 
16.0000 50.0000 4.0000 2.0000 0.0000 -9.6750 2 1.0000 1.0000 0.5390 8.0000 0.0000 -4.0000 4.0000 -8.0000 12.0000 0.3869 0.4783 0.3079 0.6407 0.6854 2.4992 1.9390 4.6919 
16.0000 7.0000 4.0000 -4.0000 1.0000 9.6750 8 -1.0000 1.0000 0.8600 6.0000 -2.0000 -10.0000 2.0000 -14.0000 -6.0000 0.5000 0.5000 0.5000 0.5000 0.5000 2.5000 1.9020 4.6593 
16.0000 4.0000 4.0000 -4.0000 1.0000 0.0000 2 1.0000 0.0000 1.7370 -14.0000 -2.0000 2.0000 -6.0000 6.0000 -10.0000 0.5000 0.5000 0.5000 0.5000 0.5000 2.5000 1.7787 4.5259 
16.0000 5.0000 4.0000 -4.0000 1.0000 3.2250 8 -1.0000 1.0000 0.8720 -10.0000 -2.0000 6.0000 -6.0000 2.0000 -14.0000 0.5000 0.5000 0.5000 0.5000 0.5000 2.5000 1.8064 4.5592 
16.0000 30.0000 4.0000 0.0000 1.0000 -6.4500 2 1.0000 1.0000 1.0100 -10.0000 -2.0000 6.0000 -6.0000 10.0000 2.0000 0.5000 0.5000 0.5000 0.5000 0.5000 2.5000 1.8165 4.5592 
16.0000 18.0000 5.0000 -2.0000 1.0000 0.0000 2 1.0000 0.0000 1.0590 4.0000 -4.0000 -12.0000 0.0000 -8.0000 8.0000 0.5000 0.5000 0.5000 0.5000 0.5000 2.5000 1.9874 4.7427 
16.0000 5.0000 5.0000 -4.0000 1.0000 3.2250 2 1.0000 0.0000 1.1900 -6.0000 2.0000 6.0000 -14.0000 -2.0000 -10.0000 0.5000 0.5000 0.5000 0.5000 0.5000 2.5000 1.8222 4.5759 
16.0000 6.0000 5.0000 -4.0000 1.0000 6.4500 8 -1.0000 1.0000 0.5270 -14.0000 -2.0000 6.0000 -6.0000 2.0000 -10.0000 0.5000 0.5000 0.5000 0.5000 0.5000 2.5000 1.8564 4.6093 
16.0000 47.0000 5.0000 2.0000 1.0000 3.2250 8 -1.0000 1.0000 0.5720 -4.0000 4.0000 8.0000 0.0000 12.0000 -8.0000 0.5000 0.5000 0.5000 0.5000 0.5000 2.5000 1.9326 4.6759 
16.0000 57.0000 5.0000 4.0000 1.0000 -9.6750 2 1.0000 1.0000 0.6620 14.0000 6.0000 -6.0000 10.0000 -2.0000 2.0000 0.5000 0.5000 0.5000 0.5000 0.5000 2.5000 1.9137 4.6594 
16.0000 61.0000 5.0000 4.0000 1.0000 3.2250 8 -1.0000 1.0000 1.3440 -2.0000 6.0000 14.0000 2.0000 10.0000 -6.0000 0.5000 0.5000 0.5000 0.5000 0.5000 2.5000 1.8122 4.5593 
16.0000 35.0000 5.0000 0.0000 1.0000 9.6750 8 -1.0000 1.0000 0.4440 -10.0000 -2.0000 10.0000 -6.0000 6.0000 2.0000 0.5000 0.5000 0.5000 0.5000 0.5000 2.5000 1.9018 4.6427 
16.0000 40.0000 5.0000 0.0000 0.0000 3.2250 8 -1.0000 1.0000 1.6590 -6.0000 2.0000 10.0000 -2.0000 6.0000 -10.0000 0.6638 0.3085 0.4417 0.5020 0.5911 2.5071 1.7607 4.5329 
16.0000 8.0000 5.0000 -4.0000 0.0000 -9.6750 2 1.0000 1.0000 0.9800 -14.0000 -2.0000 6.0000 -6.0000 2.0000 -10.0000 0.5573 0.3203 0.7579 0.5326 0.3258 2.4938 1.7951 4.5530 
16.0000 26.0000 5.0000 -2.0000 0.0000 3.2250 8 -1.0000 1.0000 1.3170 -8.0000 4.0000 8.0000 -12.0000 0.0000 -4.0000 0.4958 0.6046 0.4706 0.5208 0.4145 2.5063 1.8809 4.6488 
16.0000 31.0000 5.0000 0.0000 1.0000 -3.2250 2 1.0000 1.0000 0.4960 6.0000 -2.0000 -6.0000 2.0000 -10.0000 10.0000 0.5000 0.5000 0.5000 0.5000 0.5000 2.5000 1.9235 4.6759 
16.0000 7.0000 5.0000 -4.0000 1.0000 9.6750 8 -1.0000 1.0000 0.6280 6.0000 -2.0000 -10.0000 2.0000 -14.0000 -6.0000 0.5000 0.5000 0.5000 0.5000 0.5000 2.5000 1.9662 4.7094 
16.0000 27.0000 5.0000 -2.0000 0.0000 6.4500 8 -1.0000 1.0000 0.5780 8.0000 -4.0000 -12.0000 0.0000 -8.0000 4.0000 0.6015 0.5035 0.7338 0.3087 0.3544 2.5018 1.9464 4.6944 
16.0000 4.0000 5.0000 -4.0000 1.0000 0.0000 2 1.0000 0.0000 1.9120 -10.0000 -2.0000 6.0000 -6.0000 2.0000 -14.0000 0.5000 0.5000 0.5000 0.5000 0.5000 2.5000 1.8082 4.5591 
16.0000 54.0000 5.0000 2.0000 0.0000 3.2250 8 -1.0000 1.0000 1.4820 8.0000 0.0000 -4.0000 4.0000 -8.0000 12.0000 0.3869 0.3158 0.4431 0.5600 0.7844 2.4901 1.7941 4.5326 
16.0000 51.0000 5.0000 2.0000 0.0000 -6.4500 2 1.0000 1.0000 0.8120 12.0000 0.0000 -8.0000 4.0000 -4.0000 8.0000 0.5272 0.5014 0.4130 0.5096 0.5543 2.5055 1.8034 4.5480 
16.0000 32.0000 5.0000 0.0000 1.0000 0.0000 8 -1.0000 0.0000 1.5220 2.0000 -6.0000 -10.0000 10.0000 -2.0000 6.0000 0.5000 0.5000 0.5000 0.5000 0.5000 2.5000 1.7928 4.5591 
16.0000 43.0000 5.0000 2.0000 1.0000 -9.6750 2 1.0000 1.0000 0.5980 -8.0000 4.0000 12.0000 0.0000 8.0000 -4.0000 0.5000 0.5000 0.5000 0.5000 0.5000 2.5000 1.8913 4.6426 
16.0000 22.0000 5.0000 -2.0000 0.0000 -9.6750 2 1.0000 1.0000 1.3540 4.0000 -4.0000 -8.0000 0.0000 -12.0000 8.0000 0.7830 0.3513 0.3116 0.4573 0.6064 2.5096 1.7809 4.5521 
16.0000 25.0000 5.0000 -2.0000 0.0000 0.0000 2 1.0000 0.0000 1.3740 -12.0000 -4.0000 8.0000 -8.0000 4.0000 0.0000 0.7679 0.3846 0.4879 0.5364 0.3155 2.4923 1.9102 4.6516 
16.0000 56.0000 5.0000 2.0000 0.0000 9.6750 8 -1.0000 1.0000 1.2150 4.0000 -4.0000 -8.0000 12.0000 0.0000 8.0000 0.4867 0.3652 0.6335 0.5676 0.4552 2.5081 1.8733 4.6339 
16.0000 19.0000 5.0000 -2.0000 1.0000 3.2250 2 1.0000 0.0000 1.5100 8.0000 -4.0000 -8.0000 0.0000 -12.0000 4.0000 0.5000 0.5000 0.5000 0.5000 0.5000 2.5000 1.7769 4.5259 
16.0000 55.0000 5.0000 2.0000 0.0000 6.4500 8 -1.0000 1.0000 1.9060 8.0000 -4.0000 -8.0000 12.0000 0.0000 4.0000 0.7258 0.3852 0.6037 0.3324 0.4498 2.4969 1.8877 4.6395 
16.0000 60.0000 5.0000 4.0000 1.0000 0.0000 2 1.0000 0.0000 0.8690 6.0000 -2.0000 -6.0000 14.0000 2.0000 10.0000 0.5000 0.5000 0.5000 0.5000 0.5000 2.5000 1.9474 4.6925 
16.0000 50.0000 5.0000 2.0000 0.0000 -9.6750 2 1.0000 1.0000 1.1910 -8.0000 4.0000 12.0000 0.0000 8.0000 -4.0000 0.3962 0.3661 0.5331 0.6291 0.5837 2.5082 1.8821 4.6340 
16.0000 1.0000 5.0000 -4.0000 1.0000 -9.6750 2 1.0000 1.0000 1.0040 6.0000 -2.0000 -14.0000 2.0000 -10.0000 -6.0000 0.5000 0.5000 0.5000 0.5000 0.5000 2.5000 1.9623 4.7260 
16.0000 13.0000 5.0000 -4.0000 0.0000 6.4500 8 -1.0000 1.0000 0.8390 -10.0000 2.0000 6.0000 -14.0000 -2.0000 -6.0000 0.6268 0.4610 0.3275 0.4076 0.6728 2.4957 1.8345 4.5883 
16.0000 36.0000 5.0000 0.0000 0.0000 -9.6750 2 1.0000 1.0000 1.5200 10.0000 2.0000 -6.0000 6.0000 -10.0000 -2.0000 0.5679 0.3749 0.5286 0.5903 0.4401 2.5019 1.8507 4.6110 
16.0000 69.0000 5.0000 4.0000 0.0000 6.4500 8 -1.0000 1.0000 1.4180 -2.0000 10.0000 14.0000 -6.0000 6.0000 2.0000 0.5593 0.7163 0.3874 0.3380 0.4918 2.4928 1.9397 4.6854 
16.0000 12.0000 5.0000 -4.0000 0.0000 3.2250 2 1.0000 0.0000 0.8700 -10.0000 -2.0000 2.0000 -6.0000 6.0000 -14.0000 0.7979 0.3261 0.3835 0.3531 0.6310 2.4917 1.8198 4.5676 
16.0000 16.0000 5.0000 -2.0000 1.0000 -6.4500 2 1.0000 1.0000 0.5900 4.0000 -4.0000 -8.0000 0.0000 -12.0000 8.0000 0.5000 0.5000 0.5000 0.5000 0.5000 2.5000 1.9117 4.6592 
16.0000 45.0000 5.0000 2.0000 1.0000 -3.2250 2 1.0000 1.0000 1.9920 8.0000 -4.0000 -8.0000 12.0000 0.0000 4.0000 0.5000 0.5000 0.5000 0.5000 0.5000 2.5000 1.8974 4.6426 
16.0000 9.0000 5.0000 -4.0000 0.0000 -6.4500 2 1.0000 1.0000 1.4710 -14.0000 -6.0000 6.0000 -10.0000 2.0000 -2.0000 0.5445 0.3324 0.6384 0.3581 0.6346 2.5079 1.9803 4.7339 
16.0000 68.0000 5.0000 4.0000 0.0000 3.2250 8 -1.0000 1.0000 1.5130 14.0000 6.0000 -6.0000 10.0000 -2.0000 2.0000 0.3024 0.7017 0.6744 0.5146 0.3135 2.5066 1.8162 4.5657 
16.0000 70.0000 5.0000 4.0000 0.0000 9.6750 2 1.0000 0.0000 1.3330 14.0000 6.0000 -6.0000 10.0000 -2.0000 2.0000 0.4241 0.4611 0.6485 0.5493 0.4260 2.5090 1.8285 4.6015 
16.0000 48.0000 5.0000 2.0000 1.0000 6.4500 8 -1.0000 1.0000 0.5820 8.0000 -4.0000 -8.0000 12.0000 0.0000 4.0000 0.5000 0.5000 0.5000 0.5000 0.5000 2.5000 1.7697 4.5258 
16.0000 65.0000 5.0000 4.0000 0.0000 -6.4500 2 1.0000 1.0000 1.4440 14.0000 2.0000 -2.0000 6.0000 -6.0000 10.0000 0.3654 0.4871 0.7796 0.5423 0.3245 2.4990 1.8076 4.5582 
16.0000 41.0000 5.0000 0.0000 0.0000 6.4500 8 -1.0000 1.0000 0.7060 -6.0000 2.0000 10.0000 -2.0000 6.0000 -10.0000 0.3230 0.6182 0.4871 0.4329 0.6486 2.5098 1.9157 4.6856 
16.0000 49.0000 5.0000 2.0000 1.0000 9.6750 8 -1.0000 1.0000 0.6470 -8.0000 0.0000 8.0000 -4.0000 12.0000 4.0000 0.5000 0.5000 0.5000 0.5000 0.5000 2.5000 1.9201 4.6761 
16.0000 67.0000 5.0000 4.0000 0.0000 0.0000 8 -1.0000 0.0000 1.3480 -2.0000 6.0000 10.0000 2.0000 14.0000 -6.0000 0.7086 0.4212 0.3602 0.4559 0.5521 2.4981 1.7872 4.5406 
16.0000 38.0000 5.0000 0.0000 0.0000 -3.2250 8 -1.0000 0.0000 1.3760 -10.0000 -2.0000 10.0000 -6.0000 6.0000 2.0000 0.4019 0.4704 0.5937 0.4119 0.6298 2.5076 1.8596 4.6168 
16.0000 64.0000 5.0000 4.0000 0.0000 -9.6750 2 1.0000 1.0000 0.7260 -6.0000 2.0000 10.0000 -2.0000 14.0000 6.0000 0.3047 0.5345 0.3869 0.6837 0.5926 2.5025 1.8063 4.5617 
16.0000 42.0000 5.0000 0.0000 0.0000 9.6750 8 -1.0000 1.0000 0.5520 -2.0000 6.0000 10.0000 -10.0000 2.0000 -6.0000 0.6139 0.5098 0.3214 0.4869 0.5707 2.5026 1.9450 4.6951 
16.0000 29.0000 5.0000 0.0000 1.0000 -9.6750 2 1.0000 1.0000 0.6140 10.0000 2.0000 -10.0000 6.0000 -6.0000 -2.0000 0.5000 0.5000 0.5000 0.5000 0.5000 2.5000 1.8527 4.6092 
16.0000 53.0000 5.0000 2.0000 0.0000 0.0000 2 1.0000 0.0000 1.7220 12.0000 4.0000 -4.0000 8.0000 -8.0000 0.0000 0.3739 0.7266 0.4556 0.6316 0.3068 2.4945 1.7973 4.5536 
16.0000 66.0000 5.0000 4.0000 0.0000 -3.2250 2 1.0000 1.0000 1.9940 -2.0000 6.0000 10.0000 2.0000 14.0000 -6.0000 0.3512 0.4180 0.6825 0.3789 0.6726 2.5033 1.7812 4.5457 
16.0000 58.0000 5.0000 4.0000 1.0000 -6.4500 2 1.0000 1.0000 1.3320 10.0000 2.0000 -6.0000 6.0000 -2.0000 14.0000 0.5000 0.5000 0.5000 0.5000 0.5000 2.5000 1.8753 4.6258 
16.0000 39.0000 5.0000 0.0000 0.0000 0.0000 2 1.0000 0.0000 1.2760 10.0000 -2.0000 -10.0000 2.0000 -6.0000 6.0000 0.3624 0.6650 0.4161 0.5853 0.4633 2.4921 1.8066 4.5512 
16.0000 30.0000 5.0000 0.0000 1.0000 -6.4500 2 1.0000 1.0000 0.6570 10.0000 2.0000 -10.0000 6.0000 -6.0000 -2.0000 0.5000 0.5000 0.5000 0.5000 0.5000 2.5000 1.9183 4.6592 
16.0000 33.0000 5.0000 0.0000 1.0000 3.2250 8 -1.0000 1.0000 1.4690 -10.0000 -2.0000 6.0000 -6.0000 10.0000 2.0000 0.5000 0.5000 0.5000 0.5000 0.5000 2.5000 1.8009 4.5425 
16.0000 21.0000 5.0000 -2.0000 1.0000 9.6750 8 -1.0000 1.0000 0.5200 -12.0000 0.0000 8.0000 -4.0000 4.0000 -8.0000 0.5000 0.5000 0.5000 0.5000 0.5000 2.5000 1.9938 4.7426 
16.0000 37.0000 5.0000 0.0000 0.0000 -6.4500 2 1.0000 1.0000 1.1880 -10.0000 2.0000 10.0000 -2.0000 6.0000 -6.0000 0.4149 0.6466 0.6050 0.5194 0.3130 2.4989 1.7643 4.5082 
16.0000 62.0000 5.0000 4.0000 1.0000 6.4500 8 -1.0000 1.0000 0.5020 14.0000 6.0000 -6.0000 10.0000 -2.0000 2.0000 0.5000 0.5000 0.5000 0.5000 0.5000 2.5000 1.8641 4.6259 
16.0000 10.0000 5.0000 -4.0000 0.0000 -3.2250 2 1.0000 1.0000 0.9380 6.0000 -2.0000 -14.0000 2.0000 -10.0000 -6.0000 0.3445 0.4716 0.3666 0.7461 0.5735 2.5023 1.9185 4.6782 
16.0000 14.0000 5.0000 -4.0000 0.0000 9.6750 8 -1.0000 1.0000 0.9300 6.0000 -6.0000 -14.0000 -2.0000 -10.0000 2.0000 0.5459 0.4384 0.7002 0.4847 0.3278 2.4971 1.9364 4.6897 
16.0000 20.0000 5.0000 -2.0000 1.0000 6.4500 8 -1.0000 1.0000 0.8750 8.0000 0.0000 -12.0000 4.0000 -8.0000 -4.0000 0.5000 0.5000 0.5000 0.5000 0.5000 2.5000 1.9955 4.7426 
16.0000 24.0000 5.0000 -2.0000 0.0000 -3.2250 2 1.0000 1.0000 1.2990 -8.0000 4.0000 8.0000 -12.0000 0.0000 -4.0000 0.3853 0.5941 0.7783 0.3093 0.4286 2.4955 1.8567 4.6048 
16.0000 15.0000 5.0000 -2.0000 1.0000 -9.6750 2 1.0000 1.0000 0.5230 -12.0000 0.0000 4.0000 -4.0000 8.0000 -8.0000 0.5000 0.5000 0.5000 0.5000 0.5000 2.5000 1.8495 4.5925 
16.0000 23.0000 5.0000 -2.0000 0.0000 -6.4500 2 1.0000 1.0000 0.6350 4.0000 -4.0000 -12.0000 0.0000 -8.0000 8.0000 0.4694 0.5607 0.3799 0.6845 0.4092 2.5037 1.9949 4.7463 
16.0000 28.0000 5.0000 -2.0000 0.0000 9.6750 8 -1.0000 1.0000 0.5700 4.0000 -4.0000 -8.0000 0.0000 -12.0000 8.0000 0.3195 0.3449 0.7688 0.4938 0.5650 2.4921 1.9466 4.6847 
16.0000 17.0000 5.0000 -2.0000 1.0000 -3.2250 2 1.0000 1.0000 0.5650 0.0000 -8.0000 -12.0000 8.0000 -4.0000 4.0000 0.5000 0.5000 0.5000 0.5000 0.5000 2.5000 1.9382 4.6760 
16.0000 34.0000 5.0000 0.0000 1.0000 6.4500 8 -1.0000 1.0000 0.4920 10.0000 -2.0000 -10.0000 2.0000 -6.0000 6.0000 0.5000 0.5000 0.5000 0.5000 0.5000 2.5000 1.7933 4.5425 
16.0000 44.0000 5.0000 2.0000 1.0000 -6.4500 2 1.0000 1.0000 0.9610 12.0000 4.0000 -4.0000 8.0000 -8.0000 0.0000 0.5000 0.5000 0.5000 0.5000 0.5000 2.5000 1.8482 4.6091 
16.0000 52.0000 5.0000 2.0000 0.0000 -3.2250 2 1.0000 1.0000 1.8810 -8.0000 0.0000 12.0000 -4.0000 8.0000 4.0000 0.3330 0.4117 0.6139 0.4138 0.7354 2.5079 1.7817 4.5505 
16.0000 3.0000 5.0000 -4.0000 1.0000 -3.2250 2 1.0000 1.0000 0.4290 -6.0000 2.0000 6.0000 -14.0000 -2.0000 -10.0000 0.5000 0.5000 0.5000 0.5000 0.5000 2.5000 1.7538 4.5093 
16.0000 2.0000 5.0000 -4.0000 1.0000 -6.4500 2 1.0000 1.0000 0.9950 -6.0000 2.0000 6.0000 -14.0000 -2.0000 -10.0000 0.5000 0.5000 0.5000 0.5000 0.5000 2.5000 1.9114 4.6592 
16.0000 63.0000 5.0000 4.0000 1.0000 9.6750 8 -1.0000 1.0000 0.4980 14.0000 6.0000 -6.0000 10.0000 -2.0000 2.0000 0.5000 0.5000 0.5000 0.5000 0.5000 2.5000 1.7982 4.5425 
16.0000 11.0000 5.0000 -4.0000 0.0000 0.0000 2 1.0000 0.0000 1.7610 -10.0000 -2.0000 2.0000 -6.0000 6.0000 -14.0000 0.5525 0.5972 0.5290 0.3888 0.4386 2.5061 1.8629 4.6154 
16.0000 46.0000 5.0000 2.0000 1.0000 0.0000 8 -1.0000 0.0000 0.7980 -8.0000 0.0000 8.0000 -4.0000 12.0000 4.0000 0.5000 0.5000 0.5000 0.5000 0.5000 2.5000 1.8725 4.6258 
16.0000 59.0000 5.0000 4.0000 1.0000 -3.2250 2 1.0000 1.0000 1.0370 6.0000 -2.0000 -6.0000 14.0000 2.0000 10.0000 0.5000 0.5000 0.5000 0.5000 0.5000 2.5000 1.9689 4.7091 
16.0000 26.0000 6.0000 -2.0000 0.0000 3.2250 8 -1.0000 1.0000 2.6920 0.0000 -8.0000 -12.0000 8.0000 -4.0000 4.0000 0.4807 0.4220 0.3794 0.6261 0.5906 2.4988 1.8290 4.5748 
16.0000 14.0000 6.0000 -4.0000 0.0000 9.6750 8 -1.0000 1.0000 2.0080 -10.0000 -2.0000 6.0000 -6.0000 2.0000 -14.0000 0.6025 0.6356 0.3231 0.5327 0.3980 2.4918 1.8547 4.6009 
16.0000 50.0000 6.0000 2.0000 0.0000 -9.6750 2 1.0000 1.0000 0.8060 8.0000 -4.0000 -8.0000 12.0000 0.0000 4.0000 0.3467 0.7821 0.3599 0.6811 0.3389 2.5087 1.7846 4.5346 
16.0000 53.0000 6.0000 2.0000 0.0000 0.0000 2 1.0000 0.0000 1.4830 8.0000 -4.0000 -8.0000 12.0000 0.0000 4.0000 0.6828 0.3024 0.6118 0.5457 0.3658 2.5085 1.7928 4.5511 
16.0000 2.0000 6.0000 -4.0000 1.0000 -6.4500 2 1.0000 1.0000 0.4610 6.0000 -6.0000 -14.0000 -2.0000 -10.0000 2.0000 0.5000 0.5000 0.5000 0.5000 0.5000 2.5000 1.8638 4.6091 
16.0000 32.0000 6.0000 0.0000 1.0000 0.0000 8 -1.0000 0.0000 1.6500 -6.0000 2.0000 10.0000 -2.0000 6.0000 -10.0000 0.5000 0.5000 0.5000 0.5000 0.5000 2.5000 1.7639 4.5092 
16.0000 11.0000 6.0000 -4.0000 0.0000 0.0000 2 1.0000 0.0000 0.9390 -14.0000 -6.0000 6.0000 -10.0000 2.0000 -2.0000 0.6288 0.5449 0.3708 0.6168 0.3454 2.5067 1.8172 4.5659 
16.0000 13.0000 6.0000 -4.0000 0.0000 6.4500 8 -1.0000 1.0000 1.3060 6.0000 -6.0000 -14.0000 -2.0000 -10.0000 2.0000 0.7765 0.5528 0.3865 0.3278 0.4594 2.5029 1.9777 4.7455 
16.0000 28.0000 6.0000 -2.0000 0.0000 9.6750 8 -1.0000 1.0000 1.5250 8.0000 -4.0000 -12.0000 0.0000 -8.0000 4.0000 0.4904 0.4307 0.7559 0.4265 0.3907 2.4942 1.7685 4.5201 
16.0000 39.0000 6.0000 0.0000 0.0000 0.0000 8 -1.0000 0.0000 1.7980 -10.0000 -2.0000 6.0000 -6.0000 10.0000 2.0000 0.3869 0.4193 0.4612 0.5575 0.6719 2.4968 1.9145 4.6726 
16.0000 56.0000 6.0000 2.0000 0.0000 9.6750 8 -1.0000 1.0000 0.9960 -8.0000 4.0000 8.0000 0.0000 12.0000 -4.0000 0.3692 0.4457 0.3776 0.6226 0.6764 2.4915 1.9698 4.7176 
16.0000 37.0000 6.0000 0.0000 0.0000 -6.4500 2 1.0000 1.0000 0.9150 10.0000 2.0000 -10.0000 6.0000 -6.0000 -2.0000 0.3945 0.7286 0.3407 0.6674 0.3704 2.5015 1.7887 4.5440 
16.0000 61.0000 6.0000 4.0000 1.0000 3.2250 2 1.0000 0.0000 1.2680 10.0000 -2.0000 -6.0000 14.0000 2.0000 6.0000 0.5000 0.5000 0.5000 0.5000 0.5000 2.5000 1.9784 4.7259 
16.0000 4.0000 6.0000 -4.0000 1.0000 0.0000 2 1.0000 0.0000 0.7800 2.0000 -6.0000 -14.0000 -2.0000 -10.0000 6.0000 0.5000 0.5000 0.5000 0.5000 0.5000 2.5000 1.8532 4.5925 
16.0000 35.0000 6.0000 0.0000 1.0000 9.6750 2 1.0000 0.0000 2.1970 2.0000 -6.0000 -10.0000 10.0000 -2.0000 6.0000 0.5000 0.5000 0.5000 0.5000 0.5000 2.5000 1.9644 4.7092 
16.0000 41.0000 6.0000 0.0000 0.0000 6.4500 8 -1.0000 1.0000 0.5020 2.0000 -6.0000 -10.0000 10.0000 -2.0000 6.0000 0.5045 0.7969 0.4232 0.3316 0.4415 2.4977 1.9419 4.6903 
16.0000 36.0000 6.0000 0.0000 0.0000 -9.6750 2 1.0000 1.0000 0.5710 6.0000 -6.0000 -10.0000 10.0000 -2.0000 2.0000 0.4392 0.7641 0.3564 0.5667 0.3653 2.4917 1.8846 4.6341 
16.0000 42.0000 6.0000 0.0000 0.0000 9.6750 2 1.0000 0.0000 1.4260 2.0000 -6.0000 -10.0000 10.0000 -2.0000 6.0000 0.7563 0.3536 0.4719 0.3197 0.6070 2.5085 1.9565 4.7177 
16.0000 49.0000 6.0000 2.0000 1.0000 9.6750 8 -1.0000 1.0000 1.4300 -8.0000 0.0000 12.0000 -4.0000 8.0000 4.0000 0.5000 0.5000 0.5000 0.5000 0.5000 2.5000 1.7719 4.5258 
16.0000 38.0000 6.0000 0.0000 0.0000 -3.2250 2 1.0000 1.0000 0.4600 -10.0000 -2.0000 6.0000 -6.0000 10.0000 2.0000 0.6538 0.4057 0.6867 0.4447 0.3031 2.4939 1.9570 4.7032 
16.0000 40.0000 6.0000 0.0000 0.0000 3.2250 2 1.0000 0.0000 1.0800 -6.0000 2.0000 10.0000 -2.0000 6.0000 -10.0000 0.5968 0.4752 0.5439 0.4046 0.4744 2.4949 1.9835 4.7208 
16.0000 3.0000 6.0000 -4.0000 1.0000 -3.2250 2 1.0000 1.0000 0.4510 6.0000 -6.0000 -14.0000 -2.0000 -10.0000 2.0000 0.5000 0.5000 0.5000 0.5000 0.5000 2.5000 1.9553 4.7092 
16.0000 60.0000 6.0000 4.0000 1.0000 0.0000 2 1.0000 0.0000 1.9730 10.0000 2.0000 -2.0000 6.0000 -6.0000 14.0000 0.5000 0.5000 0.5000 0.5000 0.5000 2.5000 1.8728 4.6260 
16.0000 1.0000 6.0000 -4.0000 1.0000 -9.6750 2 1.0000 1.0000 0.4510 -14.0000 -6.0000 6.0000 -10.0000 2.0000 -2.0000 0.5000 0.5000 0.5000 0.5000 0.5000 2.5000 1.9624 4.7094 
16.0000 47.0000 6.0000 2.0000 1.0000 3.2250 8 -1.0000 1.0000 1.2490 8.0000 0.0000 -8.0000 4.0000 -4.0000 12.0000 0.5000 0.5000 0.5000 0.5000 0.5000 2.5000 1.7691 4.5090 
16.0000 19.0000 6.0000 -2.0000 1.0000 3.2250 8 -1.0000 1.0000 2.3470 -12.0000 0.0000 8.0000 -4.0000 4.0000 -8.0000 0.5000 0.5000 0.5000 0.5000 0.5000 2.5000 1.9785 4.7425 
16.0000 20.0000 6.0000 -2.0000 1.0000 6.4500 8 -1.0000 1.0000 0.8510 -12.0000 0.0000 4.0000 -4.0000 8.0000 -8.0000 0.5000 0.5000 0.5000 0.5000 0.5000 2.5000 1.7825 4.5424 
16.0000 21.0000 6.0000 -2.0000 1.0000 9.6750 8 -1.0000 1.0000 1.5060 4.0000 -4.0000 -12.0000 0.0000 -8.0000 8.0000 0.5000 0.5000 0.5000 0.5000 0.5000 2.5000 1.9397 4.6926 
16.0000 58.0000 6.0000 4.0000 1.0000 -6.4500 8 -1.0000 0.0000 2.0120 -2.0000 10.0000 14.0000 -6.0000 6.0000 2.0000 0.5000 0.5000 0.5000 0.5000 0.5000 2.5000 1.9733 4.7259 
16.0000 44.0000 6.0000 2.0000 1.0000 -6.4500 2 1.0000 1.0000 0.4740 12.0000 0.0000 -8.0000 4.0000 -4.0000 8.0000 0.5000 0.5000 0.5000 0.5000 0.5000 2.5000 1.8963 4.6425 
16.0000 15.0000 6.0000 -2.0000 1.0000 -9.6750 2 1.0000 1.0000 0.6900 4.0000 -4.0000 -8.0000 0.0000 -12.0000 8.0000 0.5000 0.5000 0.5000 0.5000 0.5000 2.5000 1.8746 4.6259 
16.0000 8.0000 6.0000 -4.0000 0.0000 -9.6750 2 1.0000 1.0000 0.5120 -14.0000 -6.0000 6.0000 -10.0000 2.0000 -2.0000 0.3344 0.7204 0.3142 0.4253 0.7130 2.5072 1.9648 4.7166 
16.0000 66.0000 6.0000 4.0000 0.0000 -3.2250 2 1.0000 1.0000 4.1960 -2.0000 6.0000 10.0000 2.0000 14.0000 -6.0000 0.3862 0.5524 0.3928 0.5564 0.6095 2.4973 1.9415 4.6898 
16.0000 51.0000 6.0000 2.0000 0.0000 -6.4500 2 1.0000 1.0000 0.9950 -8.0000 0.0000 8.0000 -4.0000 12.0000 4.0000 0.3125 0.4270 0.5141 0.5450 0.6941 2.4928 1.8975 4.6521 
16.0000 70.0000 6.0000 4.0000 0.0000 9.6750 8 -1.0000 1.0000 0.7200 -6.0000 6.0000 10.0000 2.0000 14.0000 -2.0000 0.3821 0.6114 0.3647 0.7920 0.3408 2.4910 1.7925 4.5336 
16.0000 6.0000 6.0000 -4.0000 1.0000 6.4500 8 -1.0000 1.0000 0.8660 6.0000 -2.0000 -10.0000 2.0000 -14.0000 -6.0000 0.5000 0.5000 0.5000 0.5000 0.5000 2.5000 1.9560 4.7092 
16.0000 18.0000 6.0000 -2.0000 1.0000 0.0000 8 -1.0000 0.0000 1.3170 -8.0000 0.0000 8.0000 -4.0000 4.0000 -12.0000 0.5000 0.5000 0.5000 0.5000 0.5000 2.5000 1.8252 4.5760 
16.0000 65.0000 6.0000 4.0000 0.0000 -6.4500 8 -1.0000 0.0000 1.4870 10.0000 2.0000 -2.0000 6.0000 -6.0000 14.0000 0.3529 0.7741 0.3884 0.6016 0.3827 2.4997 1.7693 4.5256 
16.0000 17.0000 6.0000 -2.0000 1.0000 -3.2250 2 1.0000 1.0000 1.0230 4.0000 -4.0000 -12.0000 0.0000 -8.0000 8.0000 0.5000 0.5000 0.5000 0.5000 0.5000 2.5000 1.9920 4.7427 
16.0000 33.0000 6.0000 0.0000 1.0000 3.2250 8 -1.0000 1.0000 0.9680 -6.0000 2.0000 6.0000 -2.0000 10.0000 -10.0000 0.5000 0.5000 0.5000 0.5000 0.5000 2.5000 1.9451 4.6927 
16.0000 29.0000 6.0000 0.0000 1.0000 -9.6750 2 1.0000 1.0000 0.5990 10.0000 -2.0000 -10.0000 2.0000 -6.0000 6.0000 0.5000 0.5000 0.5000 0.5000 0.5000 2.5000 1.7820 4.5258 
16.0000 16.0000 6.0000 -2.0000 1.0000 -6.4500 2 1.0000 1.0000 0.8950 4.0000 -4.0000 -8.0000 0.0000 -12.0000 8.0000 0.5000 0.5000 0.5000 0.5000 0.5000 2.5000 1.7584 4.5093 
16.0000 34.0000 6.0000 0.0000 1.0000 6.4500 8 -1.0000 1.0000 1.5600 10.0000 2.0000 -10.0000 6.0000 -6.0000 -2.0000 0.5000 0.5000 0.5000 0.5000 0.5000 2.5000 1.8085 4.5592 
16.0000 55.0000 6.0000 2.0000 0.0000 6.4500 8 -1.0000 1.0000 0.9160 -4.0000 4.0000 8.0000 0.0000 12.0000 -8.0000 0.6126 0.3726 0.6992 0.5068 0.3120 2.5032 1.8596 4.6124 
16.0000 52.0000 6.0000 2.0000 0.0000 -3.2250 2 1.0000 1.0000 0.7100 8.0000 0.0000 -8.0000 4.0000 -4.0000 12.0000 0.3193 0.3831 0.6834 0.5832 0.5353 2.5042 1.9645 4.7300 
16.0000 45.0000 6.0000 2.0000 1.0000 -3.2250 8 -1.0000 0.0000 1.7270 8.0000 0.0000 -8.0000 4.0000 -4.0000 12.0000 0.5000 0.5000 0.5000 0.5000 0.5000 2.5000 1.9947 4.7426 
16.0000 24.0000 6.0000 -2.0000 0.0000 -3.2250 8 -1.0000 0.0000 1.1900 -8.0000 4.0000 8.0000 -12.0000 0.0000 -4.0000 0.3291 0.3030 0.6933 0.5649 0.6126 2.5028 1.9689 4.7286 
16.0000 7.0000 6.0000 -4.0000 1.0000 9.6750 8 -1.0000 1.0000 0.5230 -10.0000 -2.0000 6.0000 -6.0000 2.0000 -14.0000 0.5000 0.5000 0.5000 0.5000 0.5000 2.5000 1.8552 4.6091 
16.0000 57.0000 6.0000 4.0000 1.0000 -9.6750 2 1.0000 1.0000 0.5740 6.0000 -2.0000 -6.0000 14.0000 2.0000 10.0000 0.5000 0.5000 0.5000 0.5000 0.5000 2.5000 1.9242 4.6759 
16.0000 63.0000 6.0000 4.0000 1.0000 9.6750 8 -1.0000 1.0000 0.5240 6.0000 -2.0000 -6.0000 14.0000 2.0000 10.0000 0.5000 0.5000 0.5000 0.5000 0.5000 2.5000 1.9893 4.7427 
16.0000 9.0000 6.0000 -4.0000 0.0000 -6.4500 2 1.0000 1.0000 1.5290 6.0000 -6.0000 -10.0000 -2.0000 -14.0000 2.0000 0.7626 0.4553 0.3501 0.6309 0.3108 2.5097 1.9260 4.6855 
16.0000 54.0000 6.0000 2.0000 0.0000 3.2250 8 -1.0000 1.0000 1.6250 0.0000 8.0000 12.0000 -8.0000 4.0000 -4.0000 0.3490 0.4609 0.5533 0.6460 0.4821 2.4913 1.9934 4.7505 
16.0000 43.0000 6.0000 2.0000 1.0000 -9.6750 2 1.0000 1.0000 0.5580 -8.0000 0.0000 8.0000 -4.0000 12.0000 4.0000 0.5000 0.5000 0.5000 0.5000 0.5000 2.5000 1.7509 4.5092 
16.0000 23.0000 6.0000 -2.0000 0.0000 -6.4500 2 1.0000 1.0000 1.3270 8.0000 -4.0000 -12.0000 0.0000 -8.0000 4.0000 0.3940 0.5792 0.5054 0.7031 0.3190 2.5007 1.9183 4.6766 
16.0000 69.0000 6.0000 4.0000 0.0000 6.4500 8 -1.0000 1.0000 0.8270 14.0000 6.0000 -6.0000 10.0000 -2.0000 2.0000 0.7157 0.3272 0.4043 0.4755 0.5864 2.5092 1.9029 4.6684 
16.0000 48.0000 6.0000 2.0000 1.0000 6.4500 8 -1.0000 1.0000 0.4520 0.0000 8.0000 12.0000 -8.0000 4.0000 -4.0000 0.5000 0.5000 0.5000 0.5000 0.5000 2.5000 1.8899 4.6426 
16.0000 59.0000 6.0000 4.0000 1.0000 -3.2250 2 1.0000 1.0000 0.4170 14.0000 2.0000 -6.0000 6.0000 -2.0000 10.0000 0.5000 0.5000 0.5000 0.5000 0.5000 2.5000 1.9039 4.6593 
16.0000 10.0000 6.0000 -4.0000 0.0000 -3.2250 2 1.0000 1.0000 1.6100 -14.0000 -6.0000 2.0000 -10.0000 6.0000 -2.0000 0.6373 0.3372 0.7095 0.4316 0.3782 2.4938 1.9524 4.6865 
16.0000 67.0000 6.0000 4.0000 0.0000 0.0000 2 1.0000 0.0000 1.5990 10.0000 2.0000 -6.0000 6.0000 -2.0000 14.0000 0.4437 0.3571 0.6017 0.6446 0.4625 2.5096 1.7764 4.5355 
16.0000 64.0000 6.0000 4.0000 0.0000 -9.6750 2 1.0000 1.0000 0.9140 14.0000 6.0000 -6.0000 10.0000 -2.0000 2.0000 0.3605 0.6826 0.3811 0.5713 0.5026 2.4981 1.8820 4.6239 
16.0000 31.0000 6.0000 0.0000 1.0000 -3.2250 2 1.0000 1.0000 1.4200 10.0000 -2.0000 -10.0000 2.0000 -6.0000 6.0000 0.5000 0.5000 0.5000 0.5000 0.5000 2.5000 1.7729 4.5259 
16.0000 27.0000 6.0000 -2.0000 0.0000 6.4500 8 -1.0000 1.0000 0.6670 -8.0000 0.0000 4.0000 -4.0000 8.0000 -12.0000 0.3305 0.5994 0.5034 0.5712 0.4933 2.4977 1.9419 4.6903 
16.0000 25.0000 6.0000 -2.0000 0.0000 0.0000 2 1.0000 0.0000 2.6860 8.0000 0.0000 -12.0000 4.0000 -8.0000 -4.0000 0.3856 0.3339 0.7404 0.3058 0.7335 2.4992 1.8219 4.5752 
16.0000 46.0000 6.0000 2.0000 1.0000 0.0000 8 -1.0000 0.0000 1.5210 -4.0000 8.0000 12.0000 -8.0000 4.0000 0.0000 0.5000 0.5000 0.5000 0.5000 0.5000 2.5000 1.9077 4.6593 
16.0000 5.0000 6.0000 -4.0000 1.0000 3.2250 8 -1.0000 1.0000 0.5660 2.0000 -6.0000 -14.0000 -2.0000 -10.0000 6.0000 0.5000 0.5000 0.5000 0.5000 0.5000 2.5000 1.8764 4.6260 
16.0000 68.0000 6.0000 4.0000 0.0000 3.2250 8 -1.0000 1.0000 0.8780 6.0000 -2.0000 -6.0000 14.0000 2.0000 10.0000 0.4322 0.3209 0.4785 0.6583 0.6120 2.5020 1.8019 4.5444 
16.0000 30.0000 6.0000 0.0000 1.0000 -6.4500 2 1.0000 1.0000 1.7850 -10.0000 2.0000 6.0000 -2.0000 10.0000 -6.0000 0.5000 0.5000 0.5000 0.5000 0.5000 2.5000 1.8023 4.5426 
16.0000 12.0000 6.0000 -4.0000 0.0000 3.2250 8 -1.0000 1.0000 1.4240 2.0000 -6.0000 -10.0000 -2.0000 -14.0000 6.0000 0.6879 0.7218 0.3863 0.3172 0.3872 2.5003 1.7955 4.5429 
16.0000 62.0000 6.0000 4.0000 1.0000 6.4500 8 -1.0000 1.0000 0.4590 -2.0000 6.0000 14.0000 2.0000 10.0000 -6.0000 0.5000 0.5000 0.5000 0.5000 0.5000 2.5000 1.8714 4.6092 
16.0000 22.0000 6.0000 -2.0000 0.0000 -9.6750 2 1.0000 1.0000 0.3900 8.0000 -4.0000 -8.0000 0.0000 -12.0000 4.0000 0.4005 0.5693 0.6571 0.3532 0.5125 2.4926 1.7623 4.5184 
