subNo index block mean periodicity testLevel pressedKey answer isCorrect rt s1 s2 s3 s4 s5 s6 t1 t2 t3 t4 t5 seqDuration startInterval trialDuration 
5.0000 49.0000 1.0000 2.0000 1.0000 9.3450 2 -1.0000 1.0000 1.6080 -8.0000 4.0000 8.0000 0.0000 12.0000 -4.0000 0.5000 0.5000 0.5000 0.5000 0.5000 2.5000 1.9796 4.7259 
5.0000 30.0000 1.0000 0.0000 1.0000 -6.2300 8 1.0000 1.0000 1.3090 -10.0000 2.0000 10.0000 -2.0000 6.0000 -6.0000 0.5000 0.5000 0.5000 0.5000 0.5000 2.5000 1.9892 4.7259 
5.0000 15.0000 1.0000 -2.0000 1.0000 -9.3450 8 1.0000 1.0000 0.6910 -12.0000 -4.0000 4.0000 -8.0000 8.0000 0.0000 0.5000 0.5000 0.5000 0.5000 0.5000 2.5000 1.8446 4.5925 
5.0000 19.0000 1.0000 -2.0000 1.0000 3.1150 2 -1.0000 1.0000 1.5960 4.0000 -4.0000 -12.0000 0.0000 -8.0000 8.0000 0.5000 0.5000 0.5000 0.5000 0.5000 2.5000 1.8573 4.6091 
5.0000 6.0000 1.0000 -4.0000 1.0000 6.2300 2 -1.0000 1.0000 1.0920 -6.0000 2.0000 6.0000 -14.0000 -2.0000 -10.0000 0.5000 0.5000 0.5000 0.5000 0.5000 2.5000 1.9367 4.6924 
5.0000 55.0000 1.0000 2.0000 0.0000 6.2300 8 1.0000 0.0000 2.1500 -4.0000 4.0000 8.0000 0.0000 12.0000 -8.0000 0.4587 0.5042 0.3446 0.4802 0.7113 2.4989 1.7857 4.5414 
5.0000 56.0000 1.0000 2.0000 0.0000 9.3450 8 1.0000 0.0000 1.5160 -8.0000 4.0000 8.0000 0.0000 12.0000 -4.0000 0.4640 0.5006 0.7923 0.4010 0.3500 2.5078 1.9240 4.6836 
5.0000 41.0000 1.0000 0.0000 0.0000 6.2300 8 1.0000 0.0000 2.5170 -2.0000 6.0000 10.0000 -10.0000 2.0000 -6.0000 0.3959 0.3674 0.5297 0.4914 0.7157 2.5000 1.8254 4.5759 
5.0000 39.0000 1.0000 0.0000 0.0000 0.0000 2 -1.0000 0.0000 1.1060 10.0000 2.0000 -10.0000 6.0000 -6.0000 -2.0000 0.3023 0.5624 0.7361 0.4108 0.4964 2.5080 1.9057 4.6673 
5.0000 28.0000 1.0000 -2.0000 0.0000 9.3450 2 -1.0000 1.0000 1.7440 -12.0000 0.0000 8.0000 -4.0000 4.0000 -8.0000 0.3346 0.6256 0.5569 0.4655 0.5221 2.5046 1.8537 4.5972 
5.0000 68.0000 1.0000 4.0000 0.0000 3.1150 8 1.0000 0.0000 1.6750 14.0000 2.0000 -2.0000 6.0000 -6.0000 10.0000 0.3666 0.7530 0.3622 0.6770 0.3336 2.4924 1.7692 4.5017 
5.0000 26.0000 1.0000 -2.0000 0.0000 3.1150 8 1.0000 0.0000 2.3950 -12.0000 0.0000 4.0000 -4.0000 8.0000 -8.0000 0.3841 0.5618 0.4050 0.5237 0.6319 2.5064 1.9919 4.7491 
5.0000 69.0000 1.0000 4.0000 0.0000 6.2300 8 1.0000 0.0000 2.6200 -6.0000 6.0000 14.0000 2.0000 10.0000 -2.0000 0.7746 0.3059 0.3513 0.4108 0.6557 2.4983 1.9427 4.6909 
5.0000 66.0000 1.0000 4.0000 0.0000 -3.1150 2 -1.0000 0.0000 1.9740 -2.0000 6.0000 10.0000 2.0000 14.0000 -6.0000 0.7447 0.5669 0.3581 0.3068 0.5241 2.5005 1.9697 4.7264 
5.0000 59.0000 1.0000 4.0000 1.0000 -3.1150 8 1.0000 1.0000 2.5730 10.0000 2.0000 -6.0000 6.0000 -2.0000 14.0000 0.5000 0.5000 0.5000 0.5000 0.5000 2.5000 1.9959 4.7426 
5.0000 1.0000 1.0000 -4.0000 1.0000 -9.3450 8 1.0000 1.0000 2.2970 6.0000 -2.0000 -14.0000 2.0000 -10.0000 -6.0000 0.5000 0.5000 0.5000 0.5000 0.5000 2.5000 1.8877 4.6427 
5.0000 20.0000 1.0000 -2.0000 1.0000 6.2300 2 -1.0000 1.0000 2.2890 -12.0000 -4.0000 4.0000 -8.0000 8.0000 0.0000 0.5000 0.5000 0.5000 0.5000 0.5000 2.5000 1.7832 4.5258 
5.0000 11.0000 1.0000 -4.0000 0.0000 0.0000 2 -1.0000 0.0000 2.6430 -10.0000 2.0000 6.0000 -14.0000 -2.0000 -6.0000 0.4735 0.7453 0.5907 0.3769 0.3062 2.4926 1.9910 4.7352 
5.0000 22.0000 1.0000 -2.0000 0.0000 -9.3450 2 -1.0000 0.0000 2.3680 4.0000 -4.0000 -8.0000 0.0000 -12.0000 8.0000 0.3836 0.4903 0.3022 0.5264 0.7950 2.4975 1.7820 4.5400 
5.0000 31.0000 1.0000 0.0000 1.0000 -3.1150 2 -1.0000 0.0000 1.5920 10.0000 2.0000 -6.0000 6.0000 -10.0000 -2.0000 0.5000 0.5000 0.5000 0.5000 0.5000 2.5000 1.9257 4.6761 
5.0000 54.0000 1.0000 2.0000 0.0000 3.1150 2 -1.0000 1.0000 2.0800 12.0000 0.0000 -8.0000 4.0000 -4.0000 8.0000 0.3025 0.6718 0.3020 0.7298 0.4968 2.5028 1.7554 4.5119 
5.0000 10.0000 1.0000 -4.0000 0.0000 -3.1150 NR 0.0000 0.0000 1.7380 -10.0000 -2.0000 6.0000 -6.0000 2.0000 -14.0000 0.3222 0.7967 0.3247 0.5992 0.4482 2.4912 1.7527 4.5003 
5.0000 67.0000 1.0000 4.0000 0.0000 0.0000 8 1.0000 0.0000 1.2180 10.0000 -2.0000 -6.0000 14.0000 2.0000 6.0000 0.3927 0.5474 0.3338 0.4356 0.7980 2.5075 1.9917 4.7502 
5.0000 48.0000 1.0000 2.0000 1.0000 6.2300 8 1.0000 0.0000 1.3540 -8.0000 0.0000 12.0000 -4.0000 8.0000 4.0000 0.5000 0.5000 0.5000 0.5000 0.5000 2.5000 1.9201 4.6758 
5.0000 70.0000 1.0000 4.0000 0.0000 9.3450 2 -1.0000 1.0000 1.5230 -2.0000 6.0000 14.0000 2.0000 10.0000 -6.0000 0.4728 0.5759 0.3554 0.7124 0.3845 2.5010 1.7719 4.5268 
5.0000 29.0000 1.0000 0.0000 1.0000 -9.3450 8 1.0000 1.0000 1.2270 10.0000 -2.0000 -6.0000 2.0000 -10.0000 6.0000 0.5000 0.5000 0.5000 0.5000 0.5000 2.5000 1.8115 4.5593 
5.0000 64.0000 1.0000 4.0000 0.0000 -9.3450 8 1.0000 1.0000 1.5310 -2.0000 6.0000 14.0000 2.0000 10.0000 -6.0000 0.5182 0.3210 0.3833 0.6117 0.6586 2.4927 1.7533 4.4853 
5.0000 25.0000 1.0000 -2.0000 0.0000 0.0000 2 -1.0000 0.0000 1.5450 4.0000 -4.0000 -12.0000 0.0000 -8.0000 8.0000 0.5238 0.3761 0.6593 0.6237 0.3183 2.5012 1.9677 4.7271 
5.0000 24.0000 1.0000 -2.0000 0.0000 -3.1150 2 -1.0000 0.0000 1.3020 4.0000 -4.0000 -12.0000 0.0000 -8.0000 8.0000 0.5714 0.3200 0.5897 0.6269 0.3886 2.4966 1.8750 4.6224 
5.0000 13.0000 1.0000 -4.0000 0.0000 6.2300 2 -1.0000 1.0000 1.0310 -6.0000 2.0000 6.0000 -14.0000 -2.0000 -10.0000 0.4198 0.4518 0.6896 0.3610 0.5818 2.5040 1.9720 4.7300 
5.0000 65.0000 1.0000 4.0000 0.0000 -6.2300 8 1.0000 1.0000 1.2290 6.0000 -2.0000 -6.0000 14.0000 2.0000 10.0000 0.4861 0.5115 0.7069 0.3703 0.4217 2.4965 1.9913 4.7392 
5.0000 60.0000 1.0000 4.0000 1.0000 0.0000 2 -1.0000 0.0000 0.7510 2.0000 10.0000 14.0000 -6.0000 6.0000 -2.0000 0.5000 0.5000 0.5000 0.5000 0.5000 2.5000 1.8071 4.5592 
5.0000 34.0000 1.0000 0.0000 1.0000 6.2300 8 1.0000 0.0000 2.1600 -10.0000 2.0000 10.0000 -2.0000 6.0000 -6.0000 0.5000 0.5000 0.5000 0.5000 0.5000 2.5000 1.7573 4.5092 
5.0000 42.0000 1.0000 0.0000 0.0000 9.3450 8 1.0000 0.0000 1.2160 -6.0000 2.0000 6.0000 -2.0000 10.0000 -10.0000 0.4747 0.7129 0.5949 0.3727 0.3410 2.4962 1.7770 4.5221 
5.0000 32.0000 1.0000 0.0000 1.0000 0.0000 2 -1.0000 0.0000 1.1970 6.0000 -2.0000 -10.0000 2.0000 -6.0000 10.0000 0.5000 0.5000 0.5000 0.5000 0.5000 2.5000 1.9884 4.7260 
5.0000 12.0000 1.0000 -4.0000 0.0000 3.1150 2 -1.0000 1.0000 1.5490 6.0000 -2.0000 -14.0000 2.0000 -10.0000 -6.0000 0.5104 0.4630 0.5104 0.6486 0.3719 2.5044 1.9769 4.7303 
5.0000 5.0000 1.0000 -4.0000 1.0000 3.1150 2 -1.0000 1.0000 1.1960 6.0000 -6.0000 -14.0000 -2.0000 -10.0000 2.0000 0.5000 0.5000 0.5000 0.5000 0.5000 2.5000 1.8244 4.5759 
5.0000 51.0000 1.0000 2.0000 0.0000 -6.2300 2 -1.0000 0.0000 1.3160 -4.0000 8.0000 12.0000 -8.0000 4.0000 0.0000 0.6808 0.3284 0.4620 0.5811 0.4397 2.4921 1.9009 4.6515 
5.0000 47.0000 1.0000 2.0000 1.0000 3.1150 2 -1.0000 1.0000 1.5220 8.0000 0.0000 -8.0000 4.0000 -4.0000 12.0000 0.5000 0.5000 0.5000 0.5000 0.5000 2.5000 1.8336 4.5924 
5.0000 27.0000 1.0000 -2.0000 0.0000 6.2300 2 -1.0000 1.0000 1.7740 -12.0000 -4.0000 8.0000 -8.0000 4.0000 0.0000 0.4163 0.5320 0.4906 0.3995 0.6588 2.4972 1.9485 4.6897 
5.0000 45.0000 1.0000 2.0000 1.0000 -3.1150 8 1.0000 1.0000 2.2410 -8.0000 0.0000 8.0000 -4.0000 12.0000 4.0000 0.5000 0.5000 0.5000 0.5000 0.5000 2.5000 1.8757 4.6258 
5.0000 3.0000 1.0000 -4.0000 1.0000 -3.1150 8 1.0000 1.0000 1.7580 6.0000 -2.0000 -14.0000 2.0000 -10.0000 -6.0000 0.5000 0.5000 0.5000 0.5000 0.5000 2.5000 1.9410 4.6926 
5.0000 7.0000 1.0000 -4.0000 1.0000 9.3450 8 1.0000 0.0000 2.2080 6.0000 -6.0000 -10.0000 -2.0000 -14.0000 2.0000 0.5000 0.5000 0.5000 0.5000 0.5000 2.5000 1.9298 4.6760 
5.0000 53.0000 1.0000 2.0000 0.0000 0.0000 8 1.0000 0.0000 1.3990 -8.0000 0.0000 8.0000 -4.0000 12.0000 4.0000 0.4373 0.6617 0.7179 0.3751 0.3071 2.4990 1.9559 4.6916 
5.0000 9.0000 1.0000 -4.0000 0.0000 -6.2300 8 1.0000 1.0000 1.0280 2.0000 -10.0000 -14.0000 6.0000 -6.0000 -2.0000 0.7248 0.4790 0.3706 0.4103 0.5188 2.5035 1.7982 4.5628 
5.0000 38.0000 1.0000 0.0000 0.0000 -3.1150 2 -1.0000 0.0000 1.8590 -10.0000 -2.0000 6.0000 -6.0000 10.0000 2.0000 0.6042 0.5563 0.4723 0.3018 0.5618 2.4964 1.8799 4.6390 
5.0000 46.0000 1.0000 2.0000 1.0000 0.0000 8 1.0000 0.0000 1.2010 -8.0000 0.0000 12.0000 -4.0000 8.0000 4.0000 0.5000 0.5000 0.5000 0.5000 0.5000 2.5000 1.7982 4.5592 
5.0000 8.0000 1.0000 -4.0000 0.0000 -9.3450 8 1.0000 1.0000 2.4870 6.0000 -6.0000 -14.0000 -2.0000 -10.0000 2.0000 0.6001 0.4123 0.7123 0.4457 0.3336 2.5041 1.8161 4.5799 
5.0000 33.0000 1.0000 0.0000 1.0000 3.1150 2 -1.0000 1.0000 2.0490 10.0000 -2.0000 -10.0000 2.0000 -6.0000 6.0000 0.5000 0.5000 0.5000 0.5000 0.5000 2.5000 1.9415 4.6924 
5.0000 61.0000 1.0000 4.0000 1.0000 3.1150 2 -1.0000 1.0000 2.3400 10.0000 -2.0000 -6.0000 14.0000 2.0000 6.0000 0.5000 0.5000 0.5000 0.5000 0.5000 2.5000 1.8368 4.5760 
5.0000 17.0000 1.0000 -2.0000 1.0000 -3.1150 2 -1.0000 0.0000 1.9630 8.0000 -4.0000 -12.0000 0.0000 -8.0000 4.0000 0.5000 0.5000 0.5000 0.5000 0.5000 2.5000 1.8049 4.5424 
5.0000 57.0000 1.0000 4.0000 1.0000 -9.3450 8 1.0000 1.0000 1.2850 14.0000 2.0000 -2.0000 6.0000 -6.0000 10.0000 0.5000 0.5000 0.5000 0.5000 0.5000 2.5000 1.7707 4.5092 
5.0000 18.0000 1.0000 -2.0000 1.0000 0.0000 8 1.0000 0.0000 2.1890 -12.0000 -4.0000 4.0000 -8.0000 8.0000 0.0000 0.5000 0.5000 0.5000 0.5000 0.5000 2.5000 1.7994 4.5592 
5.0000 63.0000 1.0000 4.0000 1.0000 9.3450 2 -1.0000 1.0000 1.6430 14.0000 6.0000 -2.0000 10.0000 -6.0000 2.0000 0.5000 0.5000 0.5000 0.5000 0.5000 2.5000 1.9603 4.7091 
5.0000 36.0000 1.0000 0.0000 0.0000 -9.3450 8 1.0000 1.0000 1.4470 -2.0000 6.0000 10.0000 -10.0000 2.0000 -6.0000 0.4166 0.6387 0.4560 0.3168 0.6781 2.5062 1.7881 4.5488 
5.0000 16.0000 1.0000 -2.0000 1.0000 -6.2300 8 1.0000 1.0000 1.6680 8.0000 0.0000 -12.0000 4.0000 -8.0000 -4.0000 0.5000 0.5000 0.5000 0.5000 0.5000 2.5000 1.9325 4.6760 
5.0000 40.0000 1.0000 0.0000 0.0000 3.1150 2 -1.0000 1.0000 1.4040 -6.0000 2.0000 6.0000 -2.0000 10.0000 -10.0000 0.3109 0.3869 0.3333 0.6853 0.7838 2.5002 1.8472 4.5927 
5.0000 58.0000 1.0000 4.0000 1.0000 -6.2300 8 1.0000 1.0000 1.6590 -6.0000 6.0000 14.0000 2.0000 10.0000 -2.0000 0.5000 0.5000 0.5000 0.5000 0.5000 2.5000 1.9469 4.6926 
5.0000 4.0000 1.0000 -4.0000 1.0000 0.0000 2 -1.0000 0.0000 1.5970 6.0000 -6.0000 -14.0000 -2.0000 -10.0000 2.0000 0.5000 0.5000 0.5000 0.5000 0.5000 2.5000 1.9937 4.7426 
5.0000 23.0000 1.0000 -2.0000 0.0000 -6.2300 8 1.0000 1.0000 1.0830 -12.0000 0.0000 8.0000 -4.0000 4.0000 -8.0000 0.5386 0.4793 0.5304 0.4167 0.5350 2.4999 1.9602 4.7091 
5.0000 50.0000 1.0000 2.0000 0.0000 -9.3450 8 1.0000 1.0000 1.4680 -4.0000 8.0000 12.0000 -8.0000 4.0000 0.0000 0.3288 0.5354 0.6173 0.3491 0.6726 2.5031 1.9455 4.7125 
5.0000 21.0000 1.0000 -2.0000 1.0000 9.3450 2 -1.0000 1.0000 2.4490 -4.0000 4.0000 8.0000 -12.0000 0.0000 -8.0000 0.5000 0.5000 0.5000 0.5000 0.5000 2.5000 1.9908 4.7428 
5.0000 44.0000 1.0000 2.0000 1.0000 -6.2300 8 1.0000 1.0000 1.3030 -4.0000 8.0000 12.0000 -8.0000 4.0000 0.0000 0.5000 0.5000 0.5000 0.5000 0.5000 2.5000 1.9150 4.6759 
5.0000 2.0000 1.0000 -4.0000 1.0000 -6.2300 8 1.0000 1.0000 1.1940 2.0000 -10.0000 -14.0000 6.0000 -6.0000 -2.0000 0.5000 0.5000 0.5000 0.5000 0.5000 2.5000 1.9609 4.7091 
5.0000 35.0000 1.0000 0.0000 1.0000 9.3450 2 -1.0000 1.0000 1.0140 10.0000 -2.0000 -6.0000 2.0000 -10.0000 6.0000 0.5000 0.5000 0.5000 0.5000 0.5000 2.5000 1.9820 4.7261 
5.0000 37.0000 1.0000 0.0000 0.0000 -6.2300 8 1.0000 1.0000 1.4700 10.0000 -2.0000 -6.0000 2.0000 -10.0000 6.0000 0.4519 0.4794 0.5251 0.4610 0.5799 2.4974 1.9569 4.7066 
5.0000 14.0000 1.0000 -4.0000 0.0000 9.3450 2 -1.0000 1.0000 1.1270 6.0000 -6.0000 -10.0000 -2.0000 -14.0000 2.0000 0.4839 0.5451 0.3114 0.4040 0.7514 2.4958 1.8102 4.5550 
5.0000 62.0000 1.0000 4.0000 1.0000 6.2300 2 -1.0000 1.0000 1.0780 -2.0000 10.0000 14.0000 -6.0000 6.0000 2.0000 0.5000 0.5000 0.5000 0.5000 0.5000 2.5000 1.8474 4.5926 
5.0000 52.0000 1.0000 2.0000 0.0000 -3.1150 2 -1.0000 0.0000 1.8830 8.0000 0.0000 -8.0000 4.0000 -4.0000 12.0000 0.3777 0.6143 0.3542 0.4694 0.6770 2.4926 1.7570 4.4851 
5.0000 43.0000 1.0000 2.0000 1.0000 -9.3450 8 1.0000 1.0000 0.9600 -8.0000 0.0000 8.0000 -4.0000 12.0000 4.0000 0.5000 0.5000 0.5000 0.5000 0.5000 2.5000 1.9035 4.6591 
5.0000 44.0000 2.0000 2.0000 1.0000 -6.2300 8 1.0000 1.0000 1.2390 -8.0000 0.0000 12.0000 -4.0000 8.0000 4.0000 0.5000 0.5000 0.5000 0.5000 0.5000 2.5000 1.8703 4.6258 
5.0000 36.0000 2.0000 0.0000 0.0000 -9.3450 8 1.0000 1.0000 1.2000 -2.0000 6.0000 10.0000 -10.0000 2.0000 -6.0000 0.3321 0.4608 0.5143 0.6381 0.5536 2.4988 1.8655 4.6080 
5.0000 60.0000 2.0000 4.0000 1.0000 0.0000 2 -1.0000 0.0000 1.0790 10.0000 2.0000 -2.0000 6.0000 -6.0000 14.0000 0.5000 0.5000 0.5000 0.5000 0.5000 2.5000 1.7972 4.5425 
5.0000 14.0000 2.0000 -4.0000 0.0000 9.3450 2 -1.0000 1.0000 1.1440 2.0000 -10.0000 -14.0000 6.0000 -6.0000 -2.0000 0.3773 0.4159 0.4786 0.6571 0.5754 2.5043 1.8249 4.5802 
5.0000 21.0000 2.0000 -2.0000 1.0000 9.3450 2 -1.0000 1.0000 0.8810 8.0000 0.0000 -8.0000 4.0000 -12.0000 -4.0000 0.5000 0.5000 0.5000 0.5000 0.5000 2.5000 1.9906 4.7427 
5.0000 58.0000 2.0000 4.0000 1.0000 -6.2300 2 -1.0000 0.0000 1.9740 14.0000 6.0000 -6.0000 10.0000 -2.0000 2.0000 0.5000 0.5000 0.5000 0.5000 0.5000 2.5000 1.8755 4.6258 
5.0000 16.0000 2.0000 -2.0000 1.0000 -6.2300 8 1.0000 1.0000 2.5180 8.0000 0.0000 -8.0000 4.0000 -12.0000 -4.0000 0.5000 0.5000 0.5000 0.5000 0.5000 2.5000 1.9746 4.7261 
5.0000 10.0000 2.0000 -4.0000 0.0000 -3.1150 2 -1.0000 0.0000 2.5170 -14.0000 -6.0000 2.0000 -10.0000 6.0000 -2.0000 0.7556 0.3119 0.5014 0.4484 0.4891 2.5064 1.9917 4.7490 
5.0000 61.0000 2.0000 4.0000 1.0000 3.1150 2 -1.0000 1.0000 1.8270 -6.0000 2.0000 10.0000 -2.0000 14.0000 6.0000 0.5000 0.5000 0.5000 0.5000 0.5000 2.5000 1.8729 4.6258 
5.0000 38.0000 2.0000 0.0000 0.0000 -3.1150 2 -1.0000 0.0000 1.3950 -6.0000 6.0000 10.0000 -10.0000 2.0000 -2.0000 0.3971 0.3386 0.6554 0.5194 0.5958 2.5063 1.8839 4.6322 
5.0000 62.0000 2.0000 4.0000 1.0000 6.2300 2 -1.0000 1.0000 0.6560 14.0000 2.0000 -6.0000 6.0000 -2.0000 10.0000 0.5000 0.5000 0.5000 0.5000 0.5000 2.5000 1.7941 4.5424 
5.0000 49.0000 2.0000 2.0000 1.0000 9.3450 2 -1.0000 1.0000 0.9680 -4.0000 4.0000 8.0000 0.0000 12.0000 -8.0000 0.5000 0.5000 0.5000 0.5000 0.5000 2.5000 1.9037 4.6426 
5.0000 27.0000 2.0000 -2.0000 0.0000 6.2300 2 -1.0000 1.0000 1.0540 8.0000 0.0000 -8.0000 4.0000 -12.0000 -4.0000 0.4102 0.4624 0.6140 0.3047 0.7154 2.5067 1.8269 4.5826 
5.0000 65.0000 2.0000 4.0000 0.0000 -6.2300 8 1.0000 1.0000 1.4100 2.0000 10.0000 14.0000 -6.0000 6.0000 -2.0000 0.4881 0.5529 0.4436 0.3966 0.6161 2.4973 1.9859 4.7232 
5.0000 57.0000 2.0000 4.0000 1.0000 -9.3450 8 1.0000 1.0000 1.4110 -6.0000 6.0000 14.0000 2.0000 10.0000 -2.0000 0.5000 0.5000 0.5000 0.5000 0.5000 2.5000 1.8669 4.6259 
5.0000 39.0000 2.0000 0.0000 0.0000 0.0000 8 1.0000 0.0000 1.2480 -10.0000 -2.0000 10.0000 -6.0000 6.0000 2.0000 0.4183 0.6486 0.3368 0.6909 0.4147 2.5093 1.9680 4.7354 
5.0000 7.0000 2.0000 -4.0000 1.0000 9.3450 2 -1.0000 1.0000 1.0740 6.0000 -2.0000 -10.0000 2.0000 -14.0000 -6.0000 0.5000 0.5000 0.5000 0.5000 0.5000 2.5000 1.8569 4.6092 
5.0000 33.0000 2.0000 0.0000 1.0000 3.1150 2 -1.0000 1.0000 0.8680 -6.0000 2.0000 6.0000 -2.0000 10.0000 -10.0000 0.5000 0.5000 0.5000 0.5000 0.5000 2.5000 1.8294 4.5759 
5.0000 4.0000 2.0000 -4.0000 1.0000 0.0000 2 -1.0000 0.0000 2.7930 6.0000 -2.0000 -14.0000 2.0000 -10.0000 -6.0000 0.5000 0.5000 0.5000 0.5000 0.5000 2.5000 1.8994 4.6425 
5.0000 52.0000 2.0000 2.0000 0.0000 -3.1150 2 -1.0000 0.0000 0.8920 -8.0000 0.0000 12.0000 -4.0000 8.0000 4.0000 0.3293 0.4535 0.7347 0.5136 0.4726 2.5036 1.8838 4.6294 
5.0000 25.0000 2.0000 -2.0000 0.0000 0.0000 8 1.0000 0.0000 1.6740 -12.0000 0.0000 4.0000 -4.0000 8.0000 -8.0000 0.4883 0.6857 0.4891 0.5326 0.3005 2.4961 1.7545 4.4886 
5.0000 68.0000 2.0000 4.0000 0.0000 3.1150 2 -1.0000 1.0000 1.0830 2.0000 10.0000 14.0000 -6.0000 6.0000 -2.0000 0.3965 0.3552 0.7986 0.3406 0.6096 2.5005 1.7886 4.5263 
5.0000 66.0000 2.0000 4.0000 0.0000 -3.1150 2 -1.0000 0.0000 0.9900 14.0000 6.0000 -2.0000 10.0000 -6.0000 2.0000 0.4075 0.7191 0.4254 0.6292 0.3111 2.4923 1.8039 4.5347 
5.0000 20.0000 2.0000 -2.0000 1.0000 6.2300 2 -1.0000 1.0000 2.2250 -8.0000 0.0000 8.0000 -4.0000 4.0000 -12.0000 0.5000 0.5000 0.5000 0.5000 0.5000 2.5000 1.8581 4.6093 
5.0000 59.0000 2.0000 4.0000 1.0000 -3.1150 8 1.0000 1.0000 1.4530 -6.0000 2.0000 14.0000 -2.0000 10.0000 6.0000 0.5000 0.5000 0.5000 0.5000 0.5000 2.5000 1.9784 4.7261 
5.0000 3.0000 2.0000 -4.0000 1.0000 -3.1150 8 1.0000 1.0000 2.1680 -14.0000 -2.0000 2.0000 -6.0000 6.0000 -10.0000 0.5000 0.5000 0.5000 0.5000 0.5000 2.5000 1.7982 4.5592 
5.0000 15.0000 2.0000 -2.0000 1.0000 -9.3450 8 1.0000 1.0000 2.2160 -8.0000 0.0000 4.0000 -4.0000 8.0000 -12.0000 0.5000 0.5000 0.5000 0.5000 0.5000 2.5000 1.9627 4.7092 
5.0000 28.0000 2.0000 -2.0000 0.0000 9.3450 2 -1.0000 1.0000 1.4060 0.0000 -8.0000 -12.0000 8.0000 -4.0000 4.0000 0.3708 0.4042 0.5418 0.6901 0.4881 2.4950 1.9456 4.6876 
5.0000 5.0000 2.0000 -4.0000 1.0000 3.1150 2 -1.0000 1.0000 0.9040 2.0000 -6.0000 -10.0000 -2.0000 -14.0000 6.0000 0.5000 0.5000 0.5000 0.5000 0.5000 2.5000 1.8782 4.6259 
5.0000 64.0000 2.0000 4.0000 0.0000 -9.3450 8 1.0000 1.0000 2.0930 10.0000 2.0000 -2.0000 6.0000 -6.0000 14.0000 0.5076 0.4553 0.5200 0.4807 0.5272 2.4908 1.9523 4.6835 
5.0000 40.0000 2.0000 0.0000 0.0000 3.1150 2 -1.0000 1.0000 2.0730 -10.0000 -2.0000 6.0000 -6.0000 10.0000 2.0000 0.5072 0.3877 0.4986 0.5786 0.5357 2.5078 1.9307 4.6837 
5.0000 53.0000 2.0000 2.0000 0.0000 0.0000 8 1.0000 0.0000 1.7990 8.0000 0.0000 -8.0000 4.0000 -4.0000 12.0000 0.3239 0.5782 0.5262 0.6524 0.4274 2.5082 1.8732 4.6341 
5.0000 56.0000 2.0000 2.0000 0.0000 9.3450 2 -1.0000 1.0000 1.2850 -4.0000 4.0000 12.0000 0.0000 8.0000 -8.0000 0.5457 0.4842 0.5186 0.6398 0.3185 2.5069 1.7717 4.5326 
5.0000 51.0000 2.0000 2.0000 0.0000 -6.2300 8 1.0000 1.0000 1.7840 8.0000 -4.0000 -8.0000 12.0000 0.0000 4.0000 0.4753 0.6347 0.3688 0.4935 0.5283 2.5006 1.7573 4.5098 
5.0000 32.0000 2.0000 0.0000 1.0000 0.0000 8 1.0000 0.0000 1.1880 6.0000 -2.0000 -6.0000 2.0000 -10.0000 10.0000 0.5000 0.5000 0.5000 0.5000 0.5000 2.5000 1.8755 4.6258 
5.0000 48.0000 2.0000 2.0000 1.0000 6.2300 2 -1.0000 1.0000 0.9790 8.0000 0.0000 -4.0000 4.0000 -8.0000 12.0000 0.5000 0.5000 0.5000 0.5000 0.5000 2.5000 1.7642 4.5091 
5.0000 43.0000 2.0000 2.0000 1.0000 -9.3450 8 1.0000 1.0000 1.2190 0.0000 8.0000 12.0000 -8.0000 4.0000 -4.0000 0.5000 0.5000 0.5000 0.5000 0.5000 2.5000 1.9219 4.6758 
5.0000 47.0000 2.0000 2.0000 1.0000 3.1150 8 1.0000 0.0000 2.3610 4.0000 -4.0000 -8.0000 12.0000 0.0000 8.0000 0.5000 0.5000 0.5000 0.5000 0.5000 2.5000 1.9916 4.7427 
5.0000 67.0000 2.0000 4.0000 0.0000 0.0000 8 1.0000 0.0000 1.9290 -2.0000 6.0000 10.0000 2.0000 14.0000 -6.0000 0.3561 0.7813 0.4165 0.5529 0.3918 2.4986 1.9248 4.6745 
5.0000 22.0000 2.0000 -2.0000 0.0000 -9.3450 8 1.0000 1.0000 1.2880 -4.0000 4.0000 8.0000 -12.0000 0.0000 -8.0000 0.4293 0.5377 0.3748 0.5651 0.5919 2.4988 1.8431 4.6080 
5.0000 50.0000 2.0000 2.0000 0.0000 -9.3450 2 -1.0000 0.0000 1.4100 -4.0000 8.0000 12.0000 -8.0000 4.0000 0.0000 0.6870 0.5237 0.5982 0.3306 0.3694 2.5089 1.9289 4.7016 
5.0000 11.0000 2.0000 -4.0000 0.0000 0.0000 8 1.0000 0.0000 2.2550 2.0000 -6.0000 -14.0000 -2.0000 -10.0000 6.0000 0.4858 0.7294 0.3807 0.3182 0.5953 2.5095 1.9551 4.7188 
5.0000 37.0000 2.0000 0.0000 0.0000 -6.2300 2 -1.0000 0.0000 1.9540 -10.0000 -2.0000 10.0000 -6.0000 6.0000 2.0000 0.3206 0.7525 0.4152 0.6918 0.3194 2.4995 1.7837 4.5420 
5.0000 13.0000 2.0000 -4.0000 0.0000 6.2300 2 -1.0000 1.0000 1.0400 6.0000 -2.0000 -14.0000 2.0000 -10.0000 -6.0000 0.6498 0.3507 0.4995 0.4443 0.5557 2.5001 1.8433 4.5926 
5.0000 54.0000 2.0000 2.0000 0.0000 3.1150 2 -1.0000 1.0000 1.1390 12.0000 0.0000 -4.0000 4.0000 -8.0000 8.0000 0.6681 0.5846 0.3108 0.3639 0.5763 2.5037 1.8285 4.5795 
5.0000 1.0000 2.0000 -4.0000 1.0000 -9.3450 8 1.0000 1.0000 2.1730 6.0000 -2.0000 -10.0000 2.0000 -14.0000 -6.0000 0.5000 0.5000 0.5000 0.5000 0.5000 2.5000 1.7504 4.4925 
5.0000 42.0000 2.0000 0.0000 0.0000 9.3450 2 -1.0000 1.0000 1.0770 10.0000 -2.0000 -10.0000 2.0000 -6.0000 6.0000 0.4789 0.4252 0.3872 0.7198 0.4861 2.4971 1.7866 4.5230 
5.0000 45.0000 2.0000 2.0000 1.0000 -3.1150 2 -1.0000 0.0000 1.5100 -8.0000 0.0000 8.0000 -4.0000 12.0000 4.0000 0.5000 0.5000 0.5000 0.5000 0.5000 2.5000 1.8580 4.5924 
5.0000 30.0000 2.0000 0.0000 1.0000 -6.2300 8 1.0000 1.0000 2.7180 -10.0000 -2.0000 10.0000 -6.0000 6.0000 2.0000 0.5000 0.5000 0.5000 0.5000 0.5000 2.5000 1.9773 4.7426 
5.0000 12.0000 2.0000 -4.0000 0.0000 3.1150 2 -1.0000 1.0000 1.5920 6.0000 -2.0000 -14.0000 2.0000 -10.0000 -6.0000 0.6111 0.3274 0.5461 0.4612 0.5491 2.4949 1.9420 4.6874 
5.0000 41.0000 2.0000 0.0000 0.0000 6.2300 2 -1.0000 1.0000 2.0310 -6.0000 2.0000 10.0000 -2.0000 6.0000 -10.0000 0.4811 0.6092 0.4557 0.3368 0.6166 2.4994 1.9681 4.7252 
5.0000 23.0000 2.0000 -2.0000 0.0000 -6.2300 8 1.0000 1.0000 1.0850 0.0000 -8.0000 -12.0000 8.0000 -4.0000 4.0000 0.6420 0.3523 0.3127 0.4630 0.7329 2.5029 1.7511 4.5121 
5.0000 26.0000 2.0000 -2.0000 0.0000 3.1150 8 1.0000 0.0000 2.6170 4.0000 -4.0000 -8.0000 0.0000 -12.0000 8.0000 0.4161 0.5555 0.6698 0.3394 0.5288 2.5097 1.9327 4.6856 
5.0000 55.0000 2.0000 2.0000 0.0000 6.2300 2 -1.0000 1.0000 1.2700 4.0000 -4.0000 -8.0000 12.0000 0.0000 8.0000 0.5734 0.3490 0.5882 0.5254 0.4623 2.4984 1.9652 4.7076 
5.0000 31.0000 2.0000 0.0000 1.0000 -3.1150 2 -1.0000 0.0000 0.5550 6.0000 -2.0000 -6.0000 2.0000 -10.0000 10.0000 0.5000 0.5000 0.5000 0.5000 0.5000 2.5000 1.9169 4.6594 
5.0000 2.0000 2.0000 -4.0000 1.0000 -6.2300 8 1.0000 1.0000 1.8240 2.0000 -6.0000 -14.0000 -2.0000 -10.0000 6.0000 0.5000 0.5000 0.5000 0.5000 0.5000 2.5000 1.8856 4.6259 
5.0000 34.0000 2.0000 0.0000 1.0000 6.2300 2 -1.0000 1.0000 0.9410 6.0000 -6.0000 -10.0000 10.0000 -2.0000 2.0000 0.5000 0.5000 0.5000 0.5000 0.5000 2.5000 1.7575 4.5091 
5.0000 46.0000 2.0000 2.0000 1.0000 0.0000 8 1.0000 0.0000 1.2310 -4.0000 8.0000 12.0000 -8.0000 4.0000 0.0000 0.5000 0.5000 0.5000 0.5000 0.5000 2.5000 1.9143 4.6759 
5.0000 63.0000 2.0000 4.0000 1.0000 9.3450 2 -1.0000 1.0000 0.8400 14.0000 2.0000 -6.0000 6.0000 -2.0000 10.0000 0.5000 0.5000 0.5000 0.5000 0.5000 2.5000 1.8666 4.6259 
5.0000 29.0000 2.0000 0.0000 1.0000 -9.3450 8 1.0000 1.0000 1.0610 -6.0000 6.0000 10.0000 -10.0000 2.0000 -2.0000 0.5000 0.5000 0.5000 0.5000 0.5000 2.5000 1.9848 4.7425 
5.0000 6.0000 2.0000 -4.0000 1.0000 6.2300 2 -1.0000 1.0000 0.8690 -14.0000 -6.0000 2.0000 -10.0000 6.0000 -2.0000 0.5000 0.5000 0.5000 0.5000 0.5000 2.5000 1.8333 4.5758 
5.0000 8.0000 2.0000 -4.0000 0.0000 -9.3450 8 1.0000 1.0000 0.9640 6.0000 -2.0000 -10.0000 2.0000 -14.0000 -6.0000 0.3097 0.4442 0.6094 0.4735 0.6607 2.4974 1.9348 4.6734 
5.0000 35.0000 2.0000 0.0000 1.0000 9.3450 2 -1.0000 1.0000 0.7390 -10.0000 2.0000 6.0000 -2.0000 10.0000 -6.0000 0.5000 0.5000 0.5000 0.5000 0.5000 2.5000 1.9969 4.7427 
5.0000 69.0000 2.0000 4.0000 0.0000 6.2300 2 -1.0000 1.0000 0.9530 -6.0000 6.0000 14.0000 2.0000 10.0000 -2.0000 0.5509 0.4481 0.3235 0.6371 0.5395 2.4990 1.8273 4.5748 
5.0000 19.0000 2.0000 -2.0000 1.0000 3.1150 2 -1.0000 1.0000 0.8000 0.0000 -8.0000 -12.0000 8.0000 -4.0000 4.0000 0.5000 0.5000 0.5000 0.5000 0.5000 2.5000 1.7970 4.5425 
5.0000 9.0000 2.0000 -4.0000 0.0000 -6.2300 8 1.0000 1.0000 1.7030 -2.0000 -10.0000 -14.0000 6.0000 -6.0000 2.0000 0.7739 0.3231 0.4445 0.3364 0.6170 2.4949 1.9564 4.7043 
5.0000 24.0000 2.0000 -2.0000 0.0000 -3.1150 8 1.0000 1.0000 1.1940 8.0000 -4.0000 -12.0000 0.0000 -8.0000 4.0000 0.5245 0.6980 0.3369 0.5500 0.3990 2.5083 1.7600 4.5175 
5.0000 17.0000 2.0000 -2.0000 1.0000 -3.1150 8 1.0000 1.0000 2.2800 8.0000 0.0000 -12.0000 4.0000 -8.0000 -4.0000 0.5000 0.5000 0.5000 0.5000 0.5000 2.5000 1.8039 4.5591 
5.0000 18.0000 2.0000 -2.0000 1.0000 0.0000 8 1.0000 0.0000 1.5840 -8.0000 0.0000 8.0000 -4.0000 4.0000 -12.0000 0.5000 0.5000 0.5000 0.5000 0.5000 2.5000 1.8173 4.5759 
5.0000 70.0000 2.0000 4.0000 0.0000 9.3450 2 -1.0000 1.0000 0.8300 14.0000 6.0000 -2.0000 10.0000 -6.0000 2.0000 0.6505 0.3777 0.4565 0.6142 0.4094 2.5082 1.9551 4.7175 
5.0000 68.0000 3.0000 4.0000 0.0000 3.1150 2 -1.0000 1.0000 0.8760 -6.0000 6.0000 14.0000 2.0000 10.0000 -2.0000 0.4197 0.5211 0.3296 0.4913 0.7388 2.5006 1.9958 4.7433 
5.0000 43.0000 3.0000 2.0000 1.0000 -9.3450 8 1.0000 1.0000 1.1010 -4.0000 8.0000 12.0000 -8.0000 4.0000 0.0000 0.5000 0.5000 0.5000 0.5000 0.5000 2.5000 1.9989 4.7427 
5.0000 61.0000 3.0000 4.0000 1.0000 3.1150 8 1.0000 0.0000 1.6810 -6.0000 6.0000 14.0000 2.0000 10.0000 -2.0000 0.5000 0.5000 0.5000 0.5000 0.5000 2.5000 1.7763 4.5258 
5.0000 5.0000 3.0000 -4.0000 1.0000 3.1150 8 1.0000 0.0000 1.7970 -14.0000 -6.0000 2.0000 -10.0000 6.0000 -2.0000 0.5000 0.5000 0.5000 0.5000 0.5000 2.5000 1.9360 4.6760 
5.0000 34.0000 3.0000 0.0000 1.0000 6.2300 2 -1.0000 1.0000 0.7950 -6.0000 6.0000 10.0000 -10.0000 2.0000 -2.0000 0.5000 0.5000 0.5000 0.5000 0.5000 2.5000 1.9580 4.7091 
5.0000 38.0000 3.0000 0.0000 0.0000 -3.1150 2 -1.0000 0.0000 0.8270 10.0000 -2.0000 -6.0000 2.0000 -10.0000 6.0000 0.6677 0.3163 0.4721 0.3559 0.6975 2.5095 1.9512 4.7022 
5.0000 48.0000 3.0000 2.0000 1.0000 6.2300 2 -1.0000 1.0000 1.3410 8.0000 0.0000 -8.0000 4.0000 -4.0000 12.0000 0.5000 0.5000 0.5000 0.5000 0.5000 2.5000 1.8431 4.6094 
5.0000 20.0000 3.0000 -2.0000 1.0000 6.2300 2 -1.0000 1.0000 1.6280 4.0000 -4.0000 -8.0000 0.0000 -12.0000 8.0000 0.5000 0.5000 0.5000 0.5000 0.5000 2.5000 1.8432 4.5926 
5.0000 28.0000 3.0000 -2.0000 0.0000 9.3450 2 -1.0000 1.0000 0.9930 -12.0000 -4.0000 4.0000 -8.0000 8.0000 0.0000 0.4517 0.7648 0.4387 0.3200 0.5171 2.4923 1.9464 4.7016 
5.0000 32.0000 3.0000 0.0000 1.0000 0.0000 8 1.0000 0.0000 1.6780 -2.0000 6.0000 10.0000 -10.0000 2.0000 -6.0000 0.5000 0.5000 0.5000 0.5000 0.5000 2.5000 1.8115 4.5591 
5.0000 37.0000 3.0000 0.0000 0.0000 -6.2300 8 1.0000 1.0000 1.1770 -6.0000 2.0000 10.0000 -2.0000 6.0000 -10.0000 0.4361 0.3105 0.5344 0.7920 0.4209 2.4939 1.9409 4.6866 
5.0000 42.0000 3.0000 0.0000 0.0000 9.3450 2 -1.0000 1.0000 0.9750 -6.0000 2.0000 10.0000 -2.0000 6.0000 -10.0000 0.5178 0.4320 0.5563 0.5121 0.4820 2.5003 1.8346 4.5762 
5.0000 54.0000 3.0000 2.0000 0.0000 3.1150 2 -1.0000 1.0000 0.9100 -8.0000 4.0000 12.0000 0.0000 8.0000 -4.0000 0.4887 0.3081 0.6410 0.5084 0.5489 2.4950 1.9825 4.7208 
5.0000 22.0000 3.0000 -2.0000 0.0000 -9.3450 8 1.0000 1.0000 1.1860 8.0000 0.0000 -8.0000 4.0000 -12.0000 -4.0000 0.4957 0.3442 0.5117 0.6929 0.4481 2.4926 1.7880 4.5184 
5.0000 6.0000 3.0000 -4.0000 1.0000 6.2300 2 -1.0000 1.0000 1.1600 -14.0000 -2.0000 6.0000 -6.0000 2.0000 -10.0000 0.5000 0.5000 0.5000 0.5000 0.5000 2.5000 1.9711 4.7093 
5.0000 2.0000 3.0000 -4.0000 1.0000 -6.2300 8 1.0000 1.0000 1.0750 -14.0000 -2.0000 6.0000 -6.0000 2.0000 -10.0000 0.5000 0.5000 0.5000 0.5000 0.5000 2.5000 1.9141 4.6760 
5.0000 23.0000 3.0000 -2.0000 0.0000 -6.2300 8 1.0000 1.0000 1.0780 -12.0000 -4.0000 4.0000 -8.0000 8.0000 0.0000 0.4771 0.4081 0.5715 0.5031 0.5399 2.4997 1.9750 4.7256 
5.0000 1.0000 3.0000 -4.0000 1.0000 -9.3450 8 1.0000 1.0000 0.7880 -14.0000 -2.0000 2.0000 -6.0000 6.0000 -10.0000 0.5000 0.5000 0.5000 0.5000 0.5000 2.5000 1.9248 4.6759 
5.0000 4.0000 3.0000 -4.0000 1.0000 0.0000 2 -1.0000 0.0000 1.1430 6.0000 -2.0000 -10.0000 2.0000 -14.0000 -6.0000 0.5000 0.5000 0.5000 0.5000 0.5000 2.5000 1.8003 4.5591 
5.0000 39.0000 3.0000 0.0000 0.0000 0.0000 2 -1.0000 0.0000 1.0010 10.0000 -2.0000 -10.0000 2.0000 -6.0000 6.0000 0.4003 0.5306 0.4059 0.4717 0.6817 2.4902 1.7822 4.5159 
5.0000 13.0000 3.0000 -4.0000 0.0000 6.2300 2 -1.0000 1.0000 1.0470 2.0000 -6.0000 -14.0000 -2.0000 -10.0000 6.0000 0.5689 0.3047 0.6357 0.6633 0.3301 2.5028 1.7884 4.5453 
5.0000 7.0000 3.0000 -4.0000 1.0000 9.3450 2 -1.0000 1.0000 0.9940 -14.0000 -6.0000 6.0000 -10.0000 2.0000 -2.0000 0.5000 0.5000 0.5000 0.5000 0.5000 2.5000 1.8027 4.5425 
5.0000 40.0000 3.0000 0.0000 0.0000 3.1150 2 -1.0000 1.0000 1.5950 6.0000 -2.0000 -6.0000 2.0000 -10.0000 10.0000 0.6270 0.5943 0.5430 0.3901 0.3420 2.4965 1.9086 4.6559 
5.0000 41.0000 3.0000 0.0000 0.0000 6.2300 2 -1.0000 1.0000 1.1680 2.0000 -6.0000 -10.0000 10.0000 -2.0000 6.0000 0.3579 0.5591 0.7400 0.4964 0.3514 2.5048 1.8795 4.6307 
5.0000 67.0000 3.0000 4.0000 0.0000 0.0000 2 -1.0000 0.0000 1.2190 14.0000 2.0000 -2.0000 6.0000 -6.0000 10.0000 0.3642 0.4104 0.5620 0.4956 0.6744 2.5065 1.8357 4.5990 
5.0000 18.0000 3.0000 -2.0000 1.0000 0.0000 2 -1.0000 0.0000 0.6390 -12.0000 -4.0000 8.0000 -8.0000 4.0000 0.0000 0.5000 0.5000 0.5000 0.5000 0.5000 2.5000 1.7687 4.5259 
5.0000 19.0000 3.0000 -2.0000 1.0000 3.1150 2 -1.0000 1.0000 2.2000 0.0000 -8.0000 -12.0000 8.0000 -4.0000 4.0000 0.5000 0.5000 0.5000 0.5000 0.5000 2.5000 1.8471 4.6093 
5.0000 63.0000 3.0000 4.0000 1.0000 9.3450 2 -1.0000 1.0000 1.4480 6.0000 -2.0000 -6.0000 14.0000 2.0000 10.0000 0.5000 0.5000 0.5000 0.5000 0.5000 2.5000 1.9140 4.6592 
5.0000 29.0000 3.0000 0.0000 1.0000 -9.3450 8 1.0000 1.0000 1.0280 2.0000 -6.0000 -10.0000 10.0000 -2.0000 6.0000 0.5000 0.5000 0.5000 0.5000 0.5000 2.5000 1.9817 4.7258 
5.0000 11.0000 3.0000 -4.0000 0.0000 0.0000 8 1.0000 0.0000 1.1670 6.0000 -2.0000 -14.0000 2.0000 -10.0000 -6.0000 0.5666 0.7312 0.3251 0.5233 0.3503 2.4965 1.7806 4.5223 
5.0000 35.0000 3.0000 0.0000 1.0000 9.3450 2 -1.0000 1.0000 0.9440 10.0000 -2.0000 -6.0000 2.0000 -10.0000 6.0000 0.5000 0.5000 0.5000 0.5000 0.5000 2.5000 1.7759 4.5259 
5.0000 45.0000 3.0000 2.0000 1.0000 -3.1150 8 1.0000 1.0000 1.6360 -4.0000 8.0000 12.0000 -8.0000 4.0000 0.0000 0.5000 0.5000 0.5000 0.5000 0.5000 2.5000 1.8798 4.6258 
5.0000 12.0000 3.0000 -4.0000 0.0000 3.1150 2 -1.0000 1.0000 1.6710 6.0000 -2.0000 -10.0000 2.0000 -14.0000 -6.0000 0.3406 0.7836 0.4108 0.3051 0.6593 2.4993 1.8228 4.5586 
5.0000 53.0000 3.0000 2.0000 0.0000 0.0000 2 -1.0000 0.0000 1.4100 8.0000 0.0000 -8.0000 4.0000 -4.0000 12.0000 0.5137 0.3815 0.6933 0.5588 0.3611 2.5083 1.9441 4.7175 
5.0000 65.0000 3.0000 4.0000 0.0000 -6.2300 2 -1.0000 0.0000 2.1280 -6.0000 2.0000 14.0000 -2.0000 10.0000 6.0000 0.3926 0.7767 0.4299 0.3985 0.5060 2.5037 1.9444 4.6962 
5.0000 8.0000 3.0000 -4.0000 0.0000 -9.3450 2 -1.0000 0.0000 1.7330 -6.0000 2.0000 6.0000 -14.0000 -2.0000 -10.0000 0.6657 0.4331 0.7058 0.3311 0.3669 2.5027 1.8735 4.6286 
5.0000 15.0000 3.0000 -2.0000 1.0000 -9.3450 8 1.0000 1.0000 2.1290 4.0000 -4.0000 -12.0000 0.0000 -8.0000 8.0000 0.5000 0.5000 0.5000 0.5000 0.5000 2.5000 1.8759 4.6260 
5.0000 24.0000 3.0000 -2.0000 0.0000 -3.1150 2 -1.0000 0.0000 1.5130 0.0000 -8.0000 -12.0000 8.0000 -4.0000 4.0000 0.4073 0.5523 0.4793 0.7543 0.3160 2.5092 1.7713 4.5350 
5.0000 9.0000 3.0000 -4.0000 0.0000 -6.2300 8 1.0000 1.0000 1.1370 -10.0000 -2.0000 6.0000 -6.0000 2.0000 -14.0000 0.3603 0.7720 0.4468 0.3358 0.5812 2.4961 1.8142 4.5553 
5.0000 57.0000 3.0000 4.0000 1.0000 -9.3450 8 1.0000 1.0000 1.1630 14.0000 6.0000 -6.0000 10.0000 -2.0000 2.0000 0.5000 0.5000 0.5000 0.5000 0.5000 2.5000 1.9819 4.7258 
5.0000 26.0000 3.0000 -2.0000 0.0000 3.1150 2 -1.0000 1.0000 1.2550 -8.0000 4.0000 8.0000 -12.0000 0.0000 -4.0000 0.7236 0.4965 0.4069 0.3706 0.5001 2.4977 1.9079 4.6568 
5.0000 46.0000 3.0000 2.0000 1.0000 0.0000 2 -1.0000 0.0000 0.9160 -8.0000 4.0000 8.0000 0.0000 12.0000 -4.0000 0.5000 0.5000 0.5000 0.5000 0.5000 2.5000 1.8964 4.6593 
5.0000 52.0000 3.0000 2.0000 0.0000 -3.1150 8 1.0000 1.0000 2.2540 -8.0000 0.0000 12.0000 -4.0000 8.0000 4.0000 0.5524 0.6652 0.3490 0.5468 0.3962 2.5097 1.9254 4.6855 
5.0000 66.0000 3.0000 4.0000 0.0000 -3.1150 8 1.0000 1.0000 0.8330 -6.0000 6.0000 10.0000 2.0000 14.0000 -2.0000 0.5219 0.4751 0.5303 0.5567 0.4198 2.5037 1.9906 4.7464 
5.0000 58.0000 3.0000 4.0000 1.0000 -6.2300 8 1.0000 1.0000 1.0260 2.0000 10.0000 14.0000 -6.0000 6.0000 -2.0000 0.5000 0.5000 0.5000 0.5000 0.5000 2.5000 1.9107 4.6594 
5.0000 25.0000 3.0000 -2.0000 0.0000 0.0000 2 -1.0000 0.0000 2.0300 8.0000 0.0000 -12.0000 4.0000 -8.0000 -4.0000 0.4840 0.3980 0.5142 0.4010 0.6944 2.4916 1.7995 4.5341 
5.0000 31.0000 3.0000 0.0000 1.0000 -3.1150 2 -1.0000 0.0000 1.3410 6.0000 -2.0000 -10.0000 2.0000 -6.0000 10.0000 0.5000 0.5000 0.5000 0.5000 0.5000 2.5000 1.8768 4.6258 
5.0000 30.0000 3.0000 0.0000 1.0000 -6.2300 8 1.0000 1.0000 0.9970 -10.0000 2.0000 6.0000 -2.0000 10.0000 -6.0000 0.5000 0.5000 0.5000 0.5000 0.5000 2.5000 1.8014 4.5425 
5.0000 60.0000 3.0000 4.0000 1.0000 0.0000 2 -1.0000 0.0000 1.5490 -6.0000 2.0000 14.0000 -2.0000 10.0000 6.0000 0.5000 0.5000 0.5000 0.5000 0.5000 2.5000 1.9650 4.7093 
5.0000 70.0000 3.0000 4.0000 0.0000 9.3450 2 -1.0000 1.0000 1.5090 14.0000 2.0000 -6.0000 6.0000 -2.0000 10.0000 0.3179 0.7723 0.3313 0.6597 0.4265 2.5077 1.9964 4.7505 
5.0000 27.0000 3.0000 -2.0000 0.0000 6.2300 8 1.0000 0.0000 2.1620 -8.0000 0.0000 8.0000 -4.0000 4.0000 -12.0000 0.6948 0.4329 0.5046 0.4599 0.4019 2.4940 1.8470 4.6032 
5.0000 51.0000 3.0000 2.0000 0.0000 -6.2300 8 1.0000 1.0000 1.3610 -4.0000 8.0000 12.0000 -8.0000 4.0000 0.0000 0.3327 0.5218 0.4572 0.6198 0.5588 2.4904 1.7678 4.5162 
5.0000 56.0000 3.0000 2.0000 0.0000 9.3450 2 -1.0000 1.0000 1.0170 -4.0000 4.0000 8.0000 0.0000 12.0000 -8.0000 0.4097 0.6175 0.3606 0.4722 0.6394 2.4994 1.7687 4.5251 
5.0000 10.0000 3.0000 -4.0000 0.0000 -3.1150 8 1.0000 1.0000 1.2040 -10.0000 -2.0000 6.0000 -6.0000 2.0000 -14.0000 0.6940 0.3756 0.4388 0.3943 0.5924 2.4951 1.8601 4.6043 
5.0000 69.0000 3.0000 4.0000 0.0000 6.2300 2 -1.0000 1.0000 1.6700 -6.0000 2.0000 14.0000 -2.0000 10.0000 6.0000 0.5920 0.4396 0.3403 0.7214 0.4125 2.5057 1.8875 4.6483 
5.0000 16.0000 3.0000 -2.0000 1.0000 -6.2300 8 1.0000 1.0000 1.0770 8.0000 0.0000 -8.0000 4.0000 -12.0000 -4.0000 0.5000 0.5000 0.5000 0.5000 0.5000 2.5000 1.8365 4.5924 
5.0000 64.0000 3.0000 4.0000 0.0000 -9.3450 8 1.0000 1.0000 0.9690 14.0000 2.0000 -6.0000 6.0000 -2.0000 10.0000 0.3549 0.3275 0.7446 0.7710 0.3064 2.5045 1.7984 4.5471 
5.0000 62.0000 3.0000 4.0000 1.0000 6.2300 2 -1.0000 1.0000 1.1320 10.0000 2.0000 -6.0000 6.0000 -2.0000 14.0000 0.5000 0.5000 0.5000 0.5000 0.5000 2.5000 1.9362 4.6761 
5.0000 44.0000 3.0000 2.0000 1.0000 -6.2300 8 1.0000 1.0000 0.9470 4.0000 -4.0000 -8.0000 12.0000 0.0000 8.0000 0.5000 0.5000 0.5000 0.5000 0.5000 2.5000 1.9840 4.7259 
5.0000 55.0000 3.0000 2.0000 0.0000 6.2300 2 -1.0000 1.0000 1.4090 12.0000 4.0000 -8.0000 8.0000 -4.0000 0.0000 0.6803 0.5170 0.4026 0.5317 0.3714 2.5029 1.8519 4.6123 
5.0000 21.0000 3.0000 -2.0000 1.0000 9.3450 2 -1.0000 1.0000 1.0170 0.0000 -8.0000 -12.0000 8.0000 -4.0000 4.0000 0.5000 0.5000 0.5000 0.5000 0.5000 2.5000 1.9025 4.6591 
5.0000 47.0000 3.0000 2.0000 1.0000 3.1150 2 -1.0000 1.0000 1.5010 8.0000 0.0000 -4.0000 4.0000 -8.0000 12.0000 0.5000 0.5000 0.5000 0.5000 0.5000 2.5000 1.9866 4.7428 
5.0000 36.0000 3.0000 0.0000 0.0000 -9.3450 8 1.0000 1.0000 0.8970 10.0000 -2.0000 -10.0000 2.0000 -6.0000 6.0000 0.7970 0.5164 0.3218 0.5139 0.3540 2.5031 1.9493 4.7124 
5.0000 59.0000 3.0000 4.0000 1.0000 -3.1150 2 -1.0000 0.0000 0.6460 14.0000 6.0000 -6.0000 10.0000 -2.0000 2.0000 0.5000 0.5000 0.5000 0.5000 0.5000 2.5000 1.8834 4.6259 
5.0000 17.0000 3.0000 -2.0000 1.0000 -3.1150 8 1.0000 1.0000 2.2040 -8.0000 0.0000 8.0000 -4.0000 4.0000 -12.0000 0.5000 0.5000 0.5000 0.5000 0.5000 2.5000 1.9307 4.6761 
5.0000 50.0000 3.0000 2.0000 0.0000 -9.3450 8 1.0000 1.0000 0.8960 0.0000 8.0000 12.0000 -8.0000 4.0000 -4.0000 0.5665 0.6249 0.4714 0.3551 0.4851 2.5029 1.8614 4.6121 
5.0000 3.0000 3.0000 -4.0000 1.0000 -3.1150 2 -1.0000 0.0000 2.2050 -6.0000 2.0000 6.0000 -14.0000 -2.0000 -10.0000 0.5000 0.5000 0.5000 0.5000 0.5000 2.5000 1.9166 4.6594 
5.0000 14.0000 3.0000 -4.0000 0.0000 9.3450 2 -1.0000 1.0000 0.8600 -14.0000 -6.0000 2.0000 -10.0000 6.0000 -2.0000 0.7256 0.3010 0.3267 0.4640 0.6867 2.5039 1.9284 4.6797 
5.0000 33.0000 3.0000 0.0000 1.0000 3.1150 2 -1.0000 1.0000 0.8240 10.0000 -2.0000 -6.0000 2.0000 -10.0000 6.0000 0.5000 0.5000 0.5000 0.5000 0.5000 2.5000 1.7691 4.5259 
5.0000 49.0000 3.0000 2.0000 1.0000 9.3450 2 -1.0000 1.0000 0.7860 12.0000 4.0000 -8.0000 8.0000 -4.0000 0.0000 0.5000 0.5000 0.5000 0.5000 0.5000 2.5000 1.8384 4.5927 
5.0000 23.0000 4.0000 -2.0000 0.0000 -6.2300 8 1.0000 1.0000 1.8490 4.0000 -4.0000 -12.0000 0.0000 -8.0000 8.0000 0.3108 0.7809 0.5259 0.4688 0.4144 2.5008 1.9428 4.6935 
5.0000 70.0000 4.0000 4.0000 0.0000 9.3450 2 -1.0000 1.0000 1.0320 10.0000 -2.0000 -6.0000 14.0000 2.0000 6.0000 0.6954 0.3323 0.5488 0.3724 0.5455 2.4944 1.7565 4.5037 
5.0000 58.0000 4.0000 4.0000 1.0000 -6.2300 2 -1.0000 0.0000 0.8380 2.0000 10.0000 14.0000 -6.0000 6.0000 -2.0000 0.5000 0.5000 0.5000 0.5000 0.5000 2.5000 1.9299 4.6760 
5.0000 35.0000 4.0000 0.0000 1.0000 9.3450 2 -1.0000 1.0000 0.9300 2.0000 -6.0000 -10.0000 10.0000 -2.0000 6.0000 0.5000 0.5000 0.5000 0.5000 0.5000 2.5000 1.9963 4.7593 
5.0000 34.0000 4.0000 0.0000 1.0000 6.2300 2 -1.0000 1.0000 2.2710 -6.0000 2.0000 6.0000 -2.0000 10.0000 -10.0000 0.5000 0.5000 0.5000 0.5000 0.5000 2.5000 1.8518 4.6092 
5.0000 60.0000 4.0000 4.0000 1.0000 0.0000 2 -1.0000 0.0000 1.0430 -2.0000 6.0000 10.0000 2.0000 14.0000 -6.0000 0.5000 0.5000 0.5000 0.5000 0.5000 2.5000 1.9631 4.7093 
5.0000 28.0000 4.0000 -2.0000 0.0000 9.3450 2 -1.0000 1.0000 0.9520 8.0000 0.0000 -8.0000 4.0000 -12.0000 -4.0000 0.3163 0.7591 0.6496 0.4068 0.3726 2.5045 1.9663 4.7303 
5.0000 24.0000 4.0000 -2.0000 0.0000 -3.1150 8 1.0000 1.0000 1.0230 -8.0000 4.0000 8.0000 -12.0000 0.0000 -4.0000 0.4533 0.6984 0.3028 0.6213 0.4266 2.5024 1.9812 4.7283 
5.0000 57.0000 4.0000 4.0000 1.0000 -9.3450 2 -1.0000 0.0000 1.7270 14.0000 6.0000 -6.0000 10.0000 -2.0000 2.0000 0.5000 0.5000 0.5000 0.5000 0.5000 2.5000 1.9261 4.6758 
5.0000 67.0000 4.0000 4.0000 0.0000 0.0000 8 1.0000 0.0000 1.6040 -2.0000 6.0000 10.0000 2.0000 14.0000 -6.0000 0.5640 0.4435 0.6820 0.4273 0.3768 2.4936 1.9078 4.6529 
5.0000 55.0000 4.0000 2.0000 0.0000 6.2300 2 -1.0000 1.0000 3.3060 4.0000 -4.0000 -8.0000 12.0000 0.0000 8.0000 0.4124 0.3117 0.6280 0.6651 0.4799 2.4970 1.7684 4.5062 
5.0000 56.0000 4.0000 2.0000 0.0000 9.3450 2 -1.0000 1.0000 1.3070 12.0000 0.0000 -8.0000 4.0000 -4.0000 8.0000 0.4129 0.7978 0.3020 0.6369 0.3487 2.4983 1.9986 4.7408 
5.0000 25.0000 4.0000 -2.0000 0.0000 0.0000 2 -1.0000 0.0000 0.9380 4.0000 -4.0000 -8.0000 0.0000 -12.0000 8.0000 0.4220 0.7666 0.3466 0.4505 0.5110 2.4966 1.8345 4.5891 
5.0000 17.0000 4.0000 -2.0000 1.0000 -3.1150 8 1.0000 1.0000 0.9760 8.0000 -4.0000 -8.0000 0.0000 -12.0000 4.0000 0.5000 0.5000 0.5000 0.5000 0.5000 2.5000 1.8401 4.5926 
5.0000 6.0000 4.0000 -4.0000 1.0000 6.2300 2 -1.0000 1.0000 0.8300 6.0000 -2.0000 -14.0000 2.0000 -10.0000 -6.0000 0.5000 0.5000 0.5000 0.5000 0.5000 2.5000 1.9648 4.7261 
5.0000 19.0000 4.0000 -2.0000 1.0000 3.1150 2 -1.0000 1.0000 0.7950 8.0000 0.0000 -12.0000 4.0000 -8.0000 -4.0000 0.5000 0.5000 0.5000 0.5000 0.5000 2.5000 1.9738 4.7259 
5.0000 43.0000 4.0000 2.0000 1.0000 -9.3450 8 1.0000 1.0000 1.2140 -8.0000 4.0000 8.0000 0.0000 12.0000 -4.0000 0.5000 0.5000 0.5000 0.5000 0.5000 2.5000 1.8785 4.6258 
5.0000 15.0000 4.0000 -2.0000 1.0000 -9.3450 8 1.0000 1.0000 0.9380 0.0000 -8.0000 -12.0000 8.0000 -4.0000 4.0000 0.5000 0.5000 0.5000 0.5000 0.5000 2.5000 1.8678 4.6092 
5.0000 21.0000 4.0000 -2.0000 1.0000 9.3450 2 -1.0000 1.0000 1.1290 8.0000 0.0000 -12.0000 4.0000 -8.0000 -4.0000 0.5000 0.5000 0.5000 0.5000 0.5000 2.5000 1.7867 4.5258 
5.0000 45.0000 4.0000 2.0000 1.0000 -3.1150 8 1.0000 1.0000 2.3780 8.0000 -4.0000 -8.0000 12.0000 0.0000 4.0000 0.5000 0.5000 0.5000 0.5000 0.5000 2.5000 1.7997 4.5425 
5.0000 37.0000 4.0000 0.0000 0.0000 -6.2300 8 1.0000 1.0000 0.8220 2.0000 -6.0000 -10.0000 10.0000 -2.0000 6.0000 0.7196 0.3688 0.7258 0.3740 0.3178 2.5061 1.8884 4.6320 
5.0000 26.0000 4.0000 -2.0000 0.0000 3.1150 2 -1.0000 1.0000 1.0780 4.0000 -4.0000 -12.0000 0.0000 -8.0000 8.0000 0.7027 0.6235 0.5148 0.3490 0.3086 2.4986 1.8919 4.6411 
5.0000 11.0000 4.0000 -4.0000 0.0000 0.0000 8 1.0000 0.0000 0.9820 -10.0000 2.0000 6.0000 -14.0000 -2.0000 -6.0000 0.5096 0.4155 0.5426 0.6784 0.3625 2.5085 1.9852 4.7512 
5.0000 62.0000 4.0000 4.0000 1.0000 6.2300 2 -1.0000 1.0000 1.0250 10.0000 -2.0000 -6.0000 14.0000 2.0000 6.0000 0.5000 0.5000 0.5000 0.5000 0.5000 2.5000 1.9052 4.6591 
5.0000 53.0000 4.0000 2.0000 0.0000 0.0000 2 -1.0000 0.0000 0.6220 8.0000 -4.0000 -8.0000 12.0000 0.0000 4.0000 0.4545 0.3761 0.7153 0.4969 0.4541 2.4969 1.9646 4.7061 
5.0000 66.0000 4.0000 4.0000 0.0000 -3.1150 2 -1.0000 0.0000 0.7970 -6.0000 2.0000 14.0000 -2.0000 10.0000 6.0000 0.7159 0.3059 0.3466 0.4097 0.7169 2.4951 1.7621 4.5042 
5.0000 49.0000 4.0000 2.0000 1.0000 9.3450 2 -1.0000 1.0000 0.9120 -8.0000 0.0000 12.0000 -4.0000 8.0000 4.0000 0.5000 0.5000 0.5000 0.5000 0.5000 2.5000 1.8564 4.6091 
5.0000 69.0000 4.0000 4.0000 0.0000 6.2300 2 -1.0000 1.0000 1.0740 10.0000 2.0000 -6.0000 6.0000 -2.0000 14.0000 0.3380 0.5185 0.6710 0.4190 0.5577 2.5041 1.9386 4.6968 
5.0000 54.0000 4.0000 2.0000 0.0000 3.1150 2 -1.0000 1.0000 1.3180 -4.0000 8.0000 12.0000 -8.0000 4.0000 0.0000 0.5825 0.6076 0.4175 0.5101 0.3802 2.4979 1.8396 4.5738 
5.0000 47.0000 4.0000 2.0000 1.0000 3.1150 8 1.0000 0.0000 2.1900 12.0000 0.0000 -4.0000 4.0000 -8.0000 8.0000 0.5000 0.5000 0.5000 0.5000 0.5000 2.5000 1.7605 4.5093 
5.0000 12.0000 4.0000 -4.0000 0.0000 3.1150 2 -1.0000 1.0000 1.2160 6.0000 -2.0000 -14.0000 2.0000 -10.0000 -6.0000 0.7582 0.5566 0.3764 0.3466 0.4654 2.5032 1.8495 4.6124 
5.0000 16.0000 4.0000 -2.0000 1.0000 -6.2300 8 1.0000 1.0000 1.1330 4.0000 -4.0000 -8.0000 0.0000 -12.0000 8.0000 0.5000 0.5000 0.5000 0.5000 0.5000 2.5000 1.9675 4.7260 
5.0000 63.0000 4.0000 4.0000 1.0000 9.3450 2 -1.0000 1.0000 0.9480 14.0000 6.0000 -6.0000 10.0000 -2.0000 2.0000 0.5000 0.5000 0.5000 0.5000 0.5000 2.5000 1.8779 4.6259 
5.0000 27.0000 4.0000 -2.0000 0.0000 6.2300 2 -1.0000 1.0000 1.1490 8.0000 0.0000 -12.0000 4.0000 -8.0000 -4.0000 0.5359 0.6590 0.3265 0.6699 0.3073 2.4985 1.9000 4.6578 
5.0000 46.0000 4.0000 2.0000 1.0000 0.0000 2 -1.0000 0.0000 0.8240 12.0000 4.0000 -8.0000 8.0000 -4.0000 0.0000 0.5000 0.5000 0.5000 0.5000 0.5000 2.5000 1.9652 4.7092 
5.0000 29.0000 4.0000 0.0000 1.0000 -9.3450 8 1.0000 1.0000 0.9180 10.0000 2.0000 -6.0000 6.0000 -10.0000 -2.0000 0.5000 0.5000 0.5000 0.5000 0.5000 2.5000 1.9046 4.6593 
5.0000 32.0000 4.0000 0.0000 1.0000 0.0000 2 -1.0000 0.0000 0.8410 -6.0000 6.0000 10.0000 -10.0000 2.0000 -2.0000 0.5000 0.5000 0.5000 0.5000 0.5000 2.5000 1.7841 4.5259 
5.0000 3.0000 4.0000 -4.0000 1.0000 -3.1150 8 1.0000 1.0000 1.0380 6.0000 -2.0000 -14.0000 2.0000 -10.0000 -6.0000 0.5000 0.5000 0.5000 0.5000 0.5000 2.5000 1.7951 4.5426 
5.0000 4.0000 4.0000 -4.0000 1.0000 0.0000 2 -1.0000 0.0000 0.9560 -10.0000 2.0000 6.0000 -14.0000 -2.0000 -6.0000 0.5000 0.5000 0.5000 0.5000 0.5000 2.5000 1.9002 4.6426 
5.0000 5.0000 4.0000 -4.0000 1.0000 3.1150 2 -1.0000 1.0000 1.4530 -14.0000 -2.0000 6.0000 -6.0000 2.0000 -10.0000 0.5000 0.5000 0.5000 0.5000 0.5000 2.5000 1.9610 4.7260 
5.0000 44.0000 4.0000 2.0000 1.0000 -6.2300 8 1.0000 1.0000 1.2420 -8.0000 0.0000 12.0000 -4.0000 8.0000 4.0000 0.5000 0.5000 0.5000 0.5000 0.5000 2.5000 1.9472 4.7092 
5.0000 40.0000 4.0000 0.0000 0.0000 3.1150 2 -1.0000 1.0000 1.6300 6.0000 -2.0000 -10.0000 2.0000 -6.0000 10.0000 0.7088 0.4521 0.5362 0.4203 0.3872 2.5045 1.9762 4.7304 
5.0000 1.0000 4.0000 -4.0000 1.0000 -9.3450 8 1.0000 1.0000 1.0090 -14.0000 -2.0000 2.0000 -6.0000 6.0000 -10.0000 0.5000 0.5000 0.5000 0.5000 0.5000 2.5000 1.7761 4.5258 
5.0000 64.0000 4.0000 4.0000 0.0000 -9.3450 8 1.0000 1.0000 1.1100 10.0000 2.0000 -6.0000 6.0000 -2.0000 14.0000 0.3601 0.5280 0.4654 0.6604 0.4764 2.4903 1.9846 4.7329 
5.0000 39.0000 4.0000 0.0000 0.0000 0.0000 2 -1.0000 0.0000 0.9570 -6.0000 2.0000 10.0000 -2.0000 6.0000 -10.0000 0.5153 0.4276 0.4551 0.7499 0.3482 2.4962 1.8797 4.6220 
5.0000 68.0000 4.0000 4.0000 0.0000 3.1150 2 -1.0000 1.0000 1.2490 -2.0000 6.0000 14.0000 2.0000 10.0000 -6.0000 0.4688 0.3841 0.4392 0.7251 0.4850 2.5022 1.8654 4.6116 
5.0000 52.0000 4.0000 2.0000 0.0000 -3.1150 8 1.0000 1.0000 1.6700 12.0000 0.0000 -8.0000 4.0000 -4.0000 8.0000 0.3730 0.4840 0.7333 0.4743 0.4331 2.4977 1.9702 4.7069 
5.0000 59.0000 4.0000 4.0000 1.0000 -3.1150 8 1.0000 1.0000 0.9700 14.0000 2.0000 -2.0000 6.0000 -6.0000 10.0000 0.5000 0.5000 0.5000 0.5000 0.5000 2.5000 1.9498 4.7093 
5.0000 22.0000 4.0000 -2.0000 0.0000 -9.3450 8 1.0000 1.0000 1.1610 -4.0000 4.0000 8.0000 -12.0000 0.0000 -8.0000 0.4725 0.3573 0.5628 0.5045 0.6086 2.5057 1.7928 4.5482 
5.0000 31.0000 4.0000 0.0000 1.0000 -3.1150 2 -1.0000 0.0000 1.3410 6.0000 -2.0000 -10.0000 2.0000 -6.0000 10.0000 0.5000 0.5000 0.5000 0.5000 0.5000 2.5000 1.8194 4.5759 
5.0000 50.0000 4.0000 2.0000 0.0000 -9.3450 8 1.0000 1.0000 1.4930 12.0000 4.0000 -4.0000 8.0000 -8.0000 0.0000 0.3653 0.7832 0.5082 0.5345 0.3082 2.4994 1.7878 4.5419 
5.0000 14.0000 4.0000 -4.0000 0.0000 9.3450 2 -1.0000 1.0000 1.3220 -10.0000 -2.0000 6.0000 -6.0000 2.0000 -14.0000 0.5656 0.3959 0.4809 0.6501 0.4096 2.5021 1.9203 4.6780 
5.0000 33.0000 4.0000 0.0000 1.0000 3.1150 2 -1.0000 1.0000 0.8230 10.0000 2.0000 -10.0000 6.0000 -6.0000 -2.0000 0.5000 0.5000 0.5000 0.5000 0.5000 2.5000 1.8918 4.6425 
5.0000 18.0000 4.0000 -2.0000 1.0000 0.0000 2 -1.0000 0.0000 0.7440 8.0000 0.0000 -8.0000 4.0000 -12.0000 -4.0000 0.5000 0.5000 0.5000 0.5000 0.5000 2.5000 1.9166 4.6592 
5.0000 36.0000 4.0000 0.0000 0.0000 -9.3450 8 1.0000 1.0000 0.9400 6.0000 -2.0000 -6.0000 2.0000 -10.0000 10.0000 0.3633 0.6800 0.4509 0.3008 0.7001 2.4951 1.8666 4.6043 
5.0000 2.0000 4.0000 -4.0000 1.0000 -6.2300 8 1.0000 1.0000 0.9050 6.0000 -6.0000 -10.0000 -2.0000 -14.0000 2.0000 0.5000 0.5000 0.5000 0.5000 0.5000 2.5000 1.8704 4.6094 
5.0000 30.0000 4.0000 0.0000 1.0000 -6.2300 8 1.0000 1.0000 0.8070 -6.0000 2.0000 6.0000 -2.0000 10.0000 -10.0000 0.5000 0.5000 0.5000 0.5000 0.5000 2.5000 1.7578 4.4925 
5.0000 65.0000 4.0000 4.0000 0.0000 -6.2300 8 1.0000 1.0000 1.5640 14.0000 6.0000 -2.0000 10.0000 -6.0000 2.0000 0.3989 0.6798 0.4611 0.5541 0.4048 2.4987 1.7811 4.5413 
5.0000 51.0000 4.0000 2.0000 0.0000 -6.2300 8 1.0000 1.0000 2.4750 -8.0000 0.0000 8.0000 -4.0000 12.0000 4.0000 0.4340 0.5413 0.4298 0.4751 0.6251 2.5052 1.9435 4.6978 
5.0000 13.0000 4.0000 -4.0000 0.0000 6.2300 2 -1.0000 1.0000 1.0520 -10.0000 2.0000 6.0000 -14.0000 -2.0000 -6.0000 0.3614 0.4111 0.4896 0.5975 0.6373 2.4969 1.9939 4.7394 
5.0000 8.0000 4.0000 -4.0000 0.0000 -9.3450 8 1.0000 1.0000 0.9220 -14.0000 -6.0000 2.0000 -10.0000 6.0000 -2.0000 0.5842 0.4657 0.6366 0.3114 0.5041 2.5020 1.7507 4.5112 
5.0000 20.0000 4.0000 -2.0000 1.0000 6.2300 2 -1.0000 1.0000 0.9640 -12.0000 -4.0000 8.0000 -8.0000 4.0000 0.0000 0.5000 0.5000 0.5000 0.5000 0.5000 2.5000 1.9940 4.7426 
5.0000 42.0000 4.0000 0.0000 0.0000 9.3450 2 -1.0000 1.0000 0.7170 -6.0000 2.0000 10.0000 -2.0000 6.0000 -10.0000 0.6731 0.4588 0.4030 0.4399 0.5276 2.5024 1.9151 4.6616 
5.0000 61.0000 4.0000 4.0000 1.0000 3.1150 8 1.0000 0.0000 1.1850 -6.0000 2.0000 10.0000 -2.0000 14.0000 6.0000 0.5000 0.5000 0.5000 0.5000 0.5000 2.5000 1.9470 4.6926 
5.0000 7.0000 4.0000 -4.0000 1.0000 9.3450 2 -1.0000 1.0000 0.8940 6.0000 -6.0000 -14.0000 -2.0000 -10.0000 2.0000 0.5000 0.5000 0.5000 0.5000 0.5000 2.5000 1.8361 4.5758 
5.0000 10.0000 4.0000 -4.0000 0.0000 -3.1150 8 1.0000 1.0000 1.1370 -14.0000 -6.0000 2.0000 -10.0000 6.0000 -2.0000 0.5744 0.5211 0.3684 0.6770 0.3661 2.5070 1.7622 4.5329 
5.0000 38.0000 4.0000 0.0000 0.0000 -3.1150 2 -1.0000 0.0000 1.7400 -6.0000 6.0000 10.0000 -10.0000 2.0000 -2.0000 0.5068 0.3466 0.4754 0.5371 0.6361 2.5021 1.8314 4.5946 
5.0000 41.0000 4.0000 0.0000 0.0000 6.2300 2 -1.0000 1.0000 1.1900 2.0000 -6.0000 -10.0000 10.0000 -2.0000 6.0000 0.3082 0.4044 0.6328 0.6981 0.4551 2.4985 1.7680 4.5244 
5.0000 9.0000 4.0000 -4.0000 0.0000 -6.2300 8 1.0000 1.0000 0.8500 2.0000 -10.0000 -14.0000 6.0000 -6.0000 -2.0000 0.3321 0.3673 0.6524 0.7831 0.3688 2.5036 1.7815 4.5461 
5.0000 48.0000 4.0000 2.0000 1.0000 6.2300 2 -1.0000 1.0000 0.8440 0.0000 8.0000 12.0000 -8.0000 4.0000 -4.0000 0.5000 0.5000 0.5000 0.5000 0.5000 2.5000 1.8339 4.5925 
5.0000 32.0000 5.0000 0.0000 1.0000 0.0000 2 -1.0000 0.0000 1.7600 -10.0000 2.0000 6.0000 -2.0000 10.0000 -6.0000 0.5000 0.5000 0.5000 0.5000 0.5000 2.5000 1.8091 4.5592 
5.0000 10.0000 5.0000 -4.0000 0.0000 -3.1150 2 -1.0000 0.0000 1.3330 6.0000 -6.0000 -14.0000 -2.0000 -10.0000 2.0000 0.3952 0.3678 0.5971 0.4263 0.7227 2.5092 1.7562 4.5184 
5.0000 47.0000 5.0000 2.0000 1.0000 3.1150 2 -1.0000 1.0000 0.8460 12.0000 4.0000 -8.0000 8.0000 -4.0000 0.0000 0.5000 0.5000 0.5000 0.5000 0.5000 2.5000 1.7734 4.5259 
5.0000 17.0000 5.0000 -2.0000 1.0000 -3.1150 8 1.0000 1.0000 1.0860 8.0000 -4.0000 -8.0000 0.0000 -12.0000 4.0000 0.5000 0.5000 0.5000 0.5000 0.5000 2.5000 1.9174 4.6592 
5.0000 64.0000 5.0000 4.0000 0.0000 -9.3450 8 1.0000 1.0000 1.2900 2.0000 10.0000 14.0000 -6.0000 6.0000 -2.0000 0.6898 0.5581 0.3099 0.4411 0.4951 2.4939 1.9687 4.7033 
5.0000 58.0000 5.0000 4.0000 1.0000 -6.2300 8 1.0000 1.0000 1.6350 -6.0000 6.0000 10.0000 2.0000 14.0000 -2.0000 0.5000 0.5000 0.5000 0.5000 0.5000 2.5000 1.8412 4.5927 
5.0000 43.0000 5.0000 2.0000 1.0000 -9.3450 8 1.0000 1.0000 1.0460 -4.0000 4.0000 12.0000 0.0000 8.0000 -8.0000 0.5000 0.5000 0.5000 0.5000 0.5000 2.5000 1.8189 4.5757 
5.0000 3.0000 5.0000 -4.0000 1.0000 -3.1150 8 1.0000 1.0000 1.3320 -10.0000 2.0000 6.0000 -14.0000 -2.0000 -6.0000 0.5000 0.5000 0.5000 0.5000 0.5000 2.5000 1.9581 4.7094 
5.0000 69.0000 5.0000 4.0000 0.0000 6.2300 2 -1.0000 1.0000 0.9640 14.0000 6.0000 -6.0000 10.0000 -2.0000 2.0000 0.4002 0.3088 0.5613 0.6602 0.5640 2.4944 1.9612 4.7037 
5.0000 25.0000 5.0000 -2.0000 0.0000 0.0000 2 -1.0000 0.0000 0.9460 8.0000 -4.0000 -8.0000 0.0000 -12.0000 4.0000 0.4427 0.5757 0.5171 0.3929 0.5676 2.4960 1.8224 4.5718 
5.0000 50.0000 5.0000 2.0000 0.0000 -9.3450 8 1.0000 1.0000 1.1310 12.0000 4.0000 -8.0000 8.0000 -4.0000 0.0000 0.7196 0.3139 0.5127 0.4533 0.4917 2.4912 1.9590 4.7005 
5.0000 62.0000 5.0000 4.0000 1.0000 6.2300 2 -1.0000 1.0000 0.9540 10.0000 2.0000 -2.0000 6.0000 -6.0000 14.0000 0.5000 0.5000 0.5000 0.5000 0.5000 2.5000 1.8453 4.5926 
5.0000 57.0000 5.0000 4.0000 1.0000 -9.3450 8 1.0000 1.0000 1.2420 10.0000 -2.0000 -6.0000 14.0000 2.0000 6.0000 0.5000 0.5000 0.5000 0.5000 0.5000 2.5000 1.9697 4.7093 
5.0000 7.0000 5.0000 -4.0000 1.0000 9.3450 8 1.0000 0.0000 1.2740 6.0000 -6.0000 -10.0000 -2.0000 -14.0000 2.0000 0.5000 0.5000 0.5000 0.5000 0.5000 2.5000 1.7588 4.5092 
5.0000 26.0000 5.0000 -2.0000 0.0000 3.1150 2 -1.0000 1.0000 1.0130 -12.0000 -4.0000 8.0000 -8.0000 4.0000 0.0000 0.5796 0.4352 0.3230 0.3797 0.7876 2.5051 1.8986 4.6644 
5.0000 44.0000 5.0000 2.0000 1.0000 -6.2300 8 1.0000 1.0000 1.5160 -8.0000 4.0000 12.0000 0.0000 8.0000 -4.0000 0.5000 0.5000 0.5000 0.5000 0.5000 2.5000 1.7583 4.5092 
5.0000 49.0000 5.0000 2.0000 1.0000 9.3450 2 -1.0000 1.0000 0.9120 8.0000 -4.0000 -8.0000 12.0000 0.0000 4.0000 0.5000 0.5000 0.5000 0.5000 0.5000 2.5000 1.8908 4.6425 
5.0000 21.0000 5.0000 -2.0000 1.0000 9.3450 2 -1.0000 1.0000 1.0830 0.0000 -8.0000 -12.0000 8.0000 -4.0000 4.0000 0.5000 0.5000 0.5000 0.5000 0.5000 2.5000 1.7704 4.5258 
5.0000 18.0000 5.0000 -2.0000 1.0000 0.0000 2 -1.0000 0.0000 1.2380 4.0000 -4.0000 -12.0000 0.0000 -8.0000 8.0000 0.5000 0.5000 0.5000 0.5000 0.5000 2.5000 1.7860 4.5426 
5.0000 29.0000 5.0000 0.0000 1.0000 -9.3450 8 1.0000 1.0000 1.1290 6.0000 -2.0000 -10.0000 2.0000 -6.0000 10.0000 0.5000 0.5000 0.5000 0.5000 0.5000 2.5000 1.8456 4.5925 
5.0000 37.0000 5.0000 0.0000 0.0000 -6.2300 8 1.0000 1.0000 0.9470 10.0000 -2.0000 -10.0000 2.0000 -6.0000 6.0000 0.5214 0.4268 0.3110 0.7980 0.4408 2.4980 1.9235 4.6740 
5.0000 65.0000 5.0000 4.0000 0.0000 -6.2300 2 -1.0000 0.0000 0.7580 -2.0000 6.0000 14.0000 2.0000 10.0000 -6.0000 0.6657 0.5770 0.4940 0.3681 0.3953 2.5001 1.8812 4.6261 
5.0000 35.0000 5.0000 0.0000 1.0000 9.3450 2 -1.0000 1.0000 0.7990 6.0000 -2.0000 -10.0000 2.0000 -6.0000 10.0000 0.5000 0.5000 0.5000 0.5000 0.5000 2.5000 1.7762 4.5257 
5.0000 33.0000 5.0000 0.0000 1.0000 3.1150 2 -1.0000 1.0000 0.7850 2.0000 -6.0000 -10.0000 10.0000 -2.0000 6.0000 0.5000 0.5000 0.5000 0.5000 0.5000 2.5000 1.9597 4.7259 
5.0000 12.0000 5.0000 -4.0000 0.0000 3.1150 2 -1.0000 1.0000 1.1050 6.0000 -6.0000 -10.0000 -2.0000 -14.0000 2.0000 0.5050 0.3103 0.6154 0.7417 0.3230 2.4954 1.8771 4.6212 
5.0000 52.0000 5.0000 2.0000 0.0000 -3.1150 8 1.0000 1.0000 1.4770 4.0000 -4.0000 -8.0000 12.0000 0.0000 8.0000 0.3725 0.5782 0.7251 0.3531 0.4748 2.5037 1.8628 4.6297 
5.0000 68.0000 5.0000 4.0000 0.0000 3.1150 8 1.0000 0.0000 2.4170 -2.0000 10.0000 14.0000 -6.0000 6.0000 2.0000 0.3771 0.5799 0.4895 0.4260 0.6215 2.4939 1.9544 4.7032 
5.0000 6.0000 5.0000 -4.0000 1.0000 6.2300 2 -1.0000 1.0000 0.8230 -14.0000 -6.0000 6.0000 -10.0000 2.0000 -2.0000 0.5000 0.5000 0.5000 0.5000 0.5000 2.5000 1.9674 4.7260 
5.0000 24.0000 5.0000 -2.0000 0.0000 -3.1150 2 -1.0000 0.0000 1.4420 0.0000 -8.0000 -12.0000 8.0000 -4.0000 4.0000 0.3633 0.6403 0.7595 0.3440 0.3941 2.5012 1.9944 4.7438 
5.0000 67.0000 5.0000 4.0000 0.0000 0.0000 2 -1.0000 0.0000 0.7820 -6.0000 6.0000 14.0000 2.0000 10.0000 -2.0000 0.5475 0.4040 0.3233 0.7703 0.4565 2.5015 1.8297 4.5774 
5.0000 36.0000 5.0000 0.0000 0.0000 -9.3450 8 1.0000 1.0000 1.0550 10.0000 2.0000 -6.0000 6.0000 -10.0000 -2.0000 0.6123 0.4883 0.4582 0.5455 0.4057 2.5100 1.7521 4.5026 
5.0000 23.0000 5.0000 -2.0000 0.0000 -6.2300 8 1.0000 1.0000 0.9630 8.0000 0.0000 -12.0000 4.0000 -8.0000 -4.0000 0.3900 0.6652 0.3395 0.7448 0.3639 2.5034 1.7780 4.5292 
5.0000 2.0000 5.0000 -4.0000 1.0000 -6.2300 8 1.0000 1.0000 0.9030 6.0000 -2.0000 -14.0000 2.0000 -10.0000 -6.0000 0.5000 0.5000 0.5000 0.5000 0.5000 2.5000 1.8615 4.6259 
5.0000 27.0000 5.0000 -2.0000 0.0000 6.2300 2 -1.0000 1.0000 0.8570 -8.0000 0.0000 8.0000 -4.0000 4.0000 -12.0000 0.4310 0.5480 0.4452 0.6817 0.3883 2.4942 1.7807 4.5366 
5.0000 51.0000 5.0000 2.0000 0.0000 -6.2300 8 1.0000 1.0000 1.4500 -4.0000 4.0000 8.0000 0.0000 12.0000 -8.0000 0.3866 0.5815 0.4997 0.3385 0.6879 2.4942 1.9729 4.7200 
5.0000 14.0000 5.0000 -4.0000 0.0000 9.3450 2 -1.0000 1.0000 0.6930 6.0000 -2.0000 -10.0000 2.0000 -14.0000 -6.0000 0.5752 0.3977 0.7848 0.4093 0.3285 2.4954 1.8247 4.5712 
5.0000 42.0000 5.0000 0.0000 0.0000 9.3450 2 -1.0000 1.0000 1.0130 6.0000 -6.0000 -10.0000 10.0000 -2.0000 2.0000 0.3837 0.5890 0.5004 0.6137 0.4099 2.4967 1.8505 4.6058 
5.0000 16.0000 5.0000 -2.0000 1.0000 -6.2300 8 1.0000 1.0000 1.1820 -8.0000 4.0000 8.0000 -12.0000 0.0000 -4.0000 0.5000 0.5000 0.5000 0.5000 0.5000 2.5000 1.8588 4.6093 
5.0000 30.0000 5.0000 0.0000 1.0000 -6.2300 8 1.0000 1.0000 1.2770 -6.0000 2.0000 6.0000 -2.0000 10.0000 -10.0000 0.5000 0.5000 0.5000 0.5000 0.5000 2.5000 1.9913 4.7426 
5.0000 15.0000 5.0000 -2.0000 1.0000 -9.3450 8 1.0000 1.0000 0.7540 -8.0000 4.0000 8.0000 -12.0000 0.0000 -4.0000 0.5000 0.5000 0.5000 0.5000 0.5000 2.5000 1.9759 4.7258 
5.0000 31.0000 5.0000 0.0000 1.0000 -3.1150 8 1.0000 1.0000 2.0380 10.0000 -2.0000 -6.0000 2.0000 -10.0000 6.0000 0.5000 0.5000 0.5000 0.5000 0.5000 2.5000 1.8571 4.6092 
5.0000 41.0000 5.0000 0.0000 0.0000 6.2300 2 -1.0000 1.0000 0.6950 -10.0000 -2.0000 10.0000 -6.0000 6.0000 2.0000 0.3455 0.3916 0.6138 0.4853 0.6613 2.4975 1.8631 4.6235 
5.0000 66.0000 5.0000 4.0000 0.0000 -3.1150 2 -1.0000 0.0000 0.9860 14.0000 6.0000 -6.0000 10.0000 -2.0000 2.0000 0.4874 0.5876 0.4629 0.3541 0.6074 2.4994 1.7510 4.5086 
5.0000 38.0000 5.0000 0.0000 0.0000 -3.1150 8 1.0000 1.0000 1.7990 -10.0000 2.0000 10.0000 -2.0000 6.0000 -6.0000 0.4096 0.3467 0.6529 0.4401 0.6473 2.4966 1.8430 4.5891 
5.0000 60.0000 5.0000 4.0000 1.0000 0.0000 2 -1.0000 0.0000 0.7120 6.0000 -2.0000 -6.0000 14.0000 2.0000 10.0000 0.5000 0.5000 0.5000 0.5000 0.5000 2.5000 1.8335 4.5924 
5.0000 20.0000 5.0000 -2.0000 1.0000 6.2300 2 -1.0000 1.0000 1.1930 8.0000 0.0000 -8.0000 4.0000 -12.0000 -4.0000 0.5000 0.5000 0.5000 0.5000 0.5000 2.5000 1.8571 4.6092 
5.0000 13.0000 5.0000 -4.0000 0.0000 6.2300 2 -1.0000 1.0000 1.7780 6.0000 -6.0000 -10.0000 -2.0000 -14.0000 2.0000 0.5106 0.3725 0.5922 0.5604 0.4637 2.4993 1.9588 4.7086 
5.0000 48.0000 5.0000 2.0000 1.0000 6.2300 2 -1.0000 1.0000 0.8600 8.0000 0.0000 -4.0000 4.0000 -8.0000 12.0000 0.5000 0.5000 0.5000 0.5000 0.5000 2.5000 1.8656 4.6091 
5.0000 9.0000 5.0000 -4.0000 0.0000 -6.2300 8 1.0000 1.0000 1.2410 6.0000 -6.0000 -10.0000 -2.0000 -14.0000 2.0000 0.3188 0.7695 0.4873 0.4101 0.5059 2.4916 1.7641 4.5007 
5.0000 59.0000 5.0000 4.0000 1.0000 -3.1150 8 1.0000 1.0000 1.1720 -6.0000 6.0000 14.0000 2.0000 10.0000 -2.0000 0.5000 0.5000 0.5000 0.5000 0.5000 2.5000 1.8166 4.5591 
5.0000 56.0000 5.0000 2.0000 0.0000 9.3450 2 -1.0000 1.0000 0.9700 8.0000 0.0000 -4.0000 4.0000 -8.0000 12.0000 0.5106 0.3945 0.6401 0.3072 0.6414 2.4937 1.8441 4.6029 
5.0000 45.0000 5.0000 2.0000 1.0000 -3.1150 8 1.0000 1.0000 1.8390 8.0000 0.0000 -4.0000 4.0000 -8.0000 12.0000 0.5000 0.5000 0.5000 0.5000 0.5000 2.5000 1.7982 4.5593 
5.0000 61.0000 5.0000 4.0000 1.0000 3.1150 2 -1.0000 1.0000 1.0490 -6.0000 6.0000 10.0000 2.0000 14.0000 -2.0000 0.5000 0.5000 0.5000 0.5000 0.5000 2.5000 1.9997 4.7593 
5.0000 70.0000 5.0000 4.0000 0.0000 9.3450 2 -1.0000 1.0000 0.9060 10.0000 -2.0000 -6.0000 14.0000 2.0000 6.0000 0.5018 0.6724 0.3826 0.4395 0.5044 2.5009 1.8569 4.6101 
5.0000 34.0000 5.0000 0.0000 1.0000 6.2300 2 -1.0000 1.0000 0.7820 6.0000 -2.0000 -6.0000 2.0000 -10.0000 10.0000 0.5000 0.5000 0.5000 0.5000 0.5000 2.5000 1.9742 4.7260 
5.0000 8.0000 5.0000 -4.0000 0.0000 -9.3450 8 1.0000 1.0000 1.0100 6.0000 -2.0000 -10.0000 2.0000 -14.0000 -6.0000 0.5194 0.3897 0.5676 0.3772 0.6430 2.4969 1.8409 4.5894 
5.0000 11.0000 5.0000 -4.0000 0.0000 0.0000 8 1.0000 0.0000 1.0130 -2.0000 -10.0000 -14.0000 6.0000 -6.0000 2.0000 0.4508 0.6800 0.4422 0.4979 0.4319 2.5028 1.8550 4.6121 
5.0000 4.0000 5.0000 -4.0000 1.0000 0.0000 8 1.0000 0.0000 1.0320 -14.0000 -2.0000 6.0000 -6.0000 2.0000 -10.0000 0.5000 0.5000 0.5000 0.5000 0.5000 2.5000 1.7888 4.5426 
5.0000 46.0000 5.0000 2.0000 1.0000 0.0000 2 -1.0000 0.0000 1.0630 -4.0000 4.0000 8.0000 0.0000 12.0000 -8.0000 0.5000 0.5000 0.5000 0.5000 0.5000 2.5000 1.9540 4.6928 
5.0000 63.0000 5.0000 4.0000 1.0000 9.3450 2 -1.0000 1.0000 0.7150 14.0000 6.0000 -6.0000 10.0000 -2.0000 2.0000 0.5000 0.5000 0.5000 0.5000 0.5000 2.5000 1.9571 4.7094 
5.0000 28.0000 5.0000 -2.0000 0.0000 9.3450 2 -1.0000 1.0000 1.1960 4.0000 -4.0000 -12.0000 0.0000 -8.0000 8.0000 0.6362 0.6863 0.3121 0.5581 0.3138 2.5064 1.9993 4.7658 
5.0000 5.0000 5.0000 -4.0000 1.0000 3.1150 8 1.0000 0.0000 1.3540 6.0000 -2.0000 -14.0000 2.0000 -10.0000 -6.0000 0.5000 0.5000 0.5000 0.5000 0.5000 2.5000 1.7855 4.5425 
5.0000 19.0000 5.0000 -2.0000 1.0000 3.1150 2 -1.0000 1.0000 1.3730 8.0000 0.0000 -8.0000 4.0000 -12.0000 -4.0000 0.5000 0.5000 0.5000 0.5000 0.5000 2.5000 1.8576 4.6091 
5.0000 54.0000 5.0000 2.0000 0.0000 3.1150 2 -1.0000 1.0000 1.0850 12.0000 4.0000 -8.0000 8.0000 -4.0000 0.0000 0.4931 0.3038 0.5402 0.4231 0.7496 2.5097 1.7697 4.5355 
5.0000 1.0000 5.0000 -4.0000 1.0000 -9.3450 8 1.0000 1.0000 1.2860 -6.0000 2.0000 6.0000 -14.0000 -2.0000 -10.0000 0.5000 0.5000 0.5000 0.5000 0.5000 2.5000 1.7981 4.5426 
5.0000 53.0000 5.0000 2.0000 0.0000 0.0000 2 -1.0000 0.0000 0.7410 12.0000 4.0000 -8.0000 8.0000 -4.0000 0.0000 0.3262 0.4754 0.3919 0.6812 0.6177 2.4924 1.9067 4.6516 
5.0000 22.0000 5.0000 -2.0000 0.0000 -9.3450 8 1.0000 1.0000 0.8790 8.0000 -4.0000 -8.0000 0.0000 -12.0000 4.0000 0.3159 0.6894 0.5076 0.5824 0.3991 2.4943 1.9695 4.7035 
5.0000 55.0000 5.0000 2.0000 0.0000 6.2300 2 -1.0000 1.0000 0.7870 -8.0000 4.0000 12.0000 0.0000 8.0000 -4.0000 0.3952 0.7289 0.6760 0.3730 0.3348 2.5080 1.7550 4.5005 
5.0000 40.0000 5.0000 0.0000 0.0000 3.1150 2 -1.0000 1.0000 0.7530 6.0000 -2.0000 -10.0000 2.0000 -6.0000 10.0000 0.6237 0.3533 0.7894 0.3501 0.3767 2.4933 1.7787 4.5359 
5.0000 39.0000 5.0000 0.0000 0.0000 0.0000 2 -1.0000 0.0000 0.8730 2.0000 -6.0000 -10.0000 10.0000 -2.0000 6.0000 0.3751 0.3446 0.7123 0.4851 0.5764 2.4935 1.7956 4.5526 
5.0000 64.0000 6.0000 4.0000 0.0000 -9.3450 8 1.0000 1.0000 1.1050 14.0000 6.0000 -2.0000 10.0000 -6.0000 2.0000 0.3773 0.5504 0.4497 0.5343 0.5805 2.4922 1.7636 4.5014 
5.0000 30.0000 6.0000 0.0000 1.0000 -6.2300 2 -1.0000 0.0000 1.2490 -10.0000 -2.0000 10.0000 -6.0000 6.0000 2.0000 0.5000 0.5000 0.5000 0.5000 0.5000 2.5000 1.9982 4.7425 
5.0000 62.0000 6.0000 4.0000 1.0000 6.2300 2 -1.0000 1.0000 0.9940 -2.0000 10.0000 14.0000 -6.0000 6.0000 2.0000 0.5000 0.5000 0.5000 0.5000 0.5000 2.5000 1.8588 4.6092 
5.0000 7.0000 6.0000 -4.0000 1.0000 9.3450 2 -1.0000 1.0000 0.9520 2.0000 -6.0000 -14.0000 -2.0000 -10.0000 6.0000 0.5000 0.5000 0.5000 0.5000 0.5000 2.5000 1.7960 4.5426 
5.0000 8.0000 6.0000 -4.0000 0.0000 -9.3450 8 1.0000 1.0000 0.9230 -14.0000 -6.0000 6.0000 -10.0000 2.0000 -2.0000 0.5431 0.3383 0.5078 0.4516 0.6690 2.5097 1.8922 4.6523 
5.0000 37.0000 6.0000 0.0000 0.0000 -6.2300 8 1.0000 1.0000 1.0020 -10.0000 2.0000 6.0000 -2.0000 10.0000 -6.0000 0.4141 0.4732 0.5025 0.5921 0.5119 2.4938 1.8884 4.6196 
5.0000 66.0000 6.0000 4.0000 0.0000 -3.1150 2 -1.0000 0.0000 1.1300 -6.0000 6.0000 14.0000 2.0000 10.0000 -2.0000 0.3565 0.7157 0.5321 0.4689 0.4258 2.4990 1.9212 4.6582 
5.0000 65.0000 6.0000 4.0000 0.0000 -6.2300 2 -1.0000 0.0000 1.0420 14.0000 2.0000 -2.0000 6.0000 -6.0000 10.0000 0.5080 0.7626 0.3188 0.3699 0.5308 2.4902 1.9776 4.7328 
5.0000 12.0000 6.0000 -4.0000 0.0000 3.1150 8 1.0000 0.0000 1.9910 -14.0000 -2.0000 6.0000 -6.0000 2.0000 -10.0000 0.4515 0.7103 0.4704 0.4116 0.4655 2.5091 1.9687 4.7350 
5.0000 6.0000 6.0000 -4.0000 1.0000 6.2300 2 -1.0000 1.0000 1.9160 -14.0000 -2.0000 2.0000 -6.0000 6.0000 -10.0000 0.5000 0.5000 0.5000 0.5000 0.5000 2.5000 1.8210 4.5758 
5.0000 32.0000 6.0000 0.0000 1.0000 0.0000 2 -1.0000 0.0000 0.8400 6.0000 -2.0000 -6.0000 2.0000 -10.0000 10.0000 0.5000 0.5000 0.5000 0.5000 0.5000 2.5000 1.8689 4.6260 
5.0000 36.0000 6.0000 0.0000 0.0000 -9.3450 8 1.0000 1.0000 0.9720 6.0000 -6.0000 -10.0000 10.0000 -2.0000 2.0000 0.5377 0.6020 0.3845 0.6369 0.3473 2.5084 1.9857 4.7511 
5.0000 29.0000 6.0000 0.0000 1.0000 -9.3450 8 1.0000 1.0000 1.5130 -10.0000 2.0000 6.0000 -2.0000 10.0000 -6.0000 0.5000 0.5000 0.5000 0.5000 0.5000 2.5000 1.7898 4.5426 
5.0000 28.0000 6.0000 -2.0000 0.0000 9.3450 2 -1.0000 1.0000 1.2780 -12.0000 -4.0000 4.0000 -8.0000 8.0000 0.0000 0.6061 0.3764 0.3511 0.7419 0.4286 2.5041 1.8959 4.6467 
5.0000 25.0000 6.0000 -2.0000 0.0000 0.0000 2 -1.0000 0.0000 1.2450 4.0000 -4.0000 -8.0000 0.0000 -12.0000 8.0000 0.5701 0.3548 0.5119 0.7017 0.3562 2.4947 1.7613 4.5039 
5.0000 54.0000 6.0000 2.0000 0.0000 3.1150 8 1.0000 0.0000 1.2710 12.0000 0.0000 -4.0000 4.0000 -8.0000 8.0000 0.5860 0.3887 0.3227 0.7758 0.4239 2.4970 1.8419 4.5727 
5.0000 55.0000 6.0000 2.0000 0.0000 6.2300 2 -1.0000 1.0000 1.6510 4.0000 -4.0000 -8.0000 12.0000 0.0000 8.0000 0.6202 0.6642 0.3232 0.3990 0.4848 2.4915 1.9712 4.7172 
5.0000 45.0000 6.0000 2.0000 1.0000 -3.1150 2 -1.0000 0.0000 0.8790 8.0000 -4.0000 -8.0000 12.0000 0.0000 4.0000 0.5000 0.5000 0.5000 0.5000 0.5000 2.5000 1.9769 4.7260 
5.0000 5.0000 6.0000 -4.0000 1.0000 3.1150 2 -1.0000 1.0000 0.7780 6.0000 -6.0000 -14.0000 -2.0000 -10.0000 2.0000 0.5000 0.5000 0.5000 0.5000 0.5000 2.5000 1.9341 4.6925 
5.0000 3.0000 6.0000 -4.0000 1.0000 -3.1150 2 -1.0000 0.0000 0.8180 -14.0000 -6.0000 2.0000 -10.0000 6.0000 -2.0000 0.5000 0.5000 0.5000 0.5000 0.5000 2.5000 1.9457 4.6925 
5.0000 35.0000 6.0000 0.0000 1.0000 9.3450 2 -1.0000 1.0000 1.2320 -6.0000 2.0000 6.0000 -2.0000 10.0000 -10.0000 0.5000 0.5000 0.5000 0.5000 0.5000 2.5000 1.7692 4.5259 
5.0000 26.0000 6.0000 -2.0000 0.0000 3.1150 2 -1.0000 1.0000 0.9580 -4.0000 4.0000 8.0000 -12.0000 0.0000 -8.0000 0.3687 0.6253 0.3096 0.7464 0.4564 2.5064 1.7509 4.4989 
5.0000 2.0000 6.0000 -4.0000 1.0000 -6.2300 8 1.0000 1.0000 1.0770 2.0000 -6.0000 -10.0000 -2.0000 -14.0000 6.0000 0.5000 0.5000 0.5000 0.5000 0.5000 2.5000 1.8653 4.6092 
5.0000 27.0000 6.0000 -2.0000 0.0000 6.2300 2 -1.0000 1.0000 1.0190 -4.0000 4.0000 8.0000 -12.0000 0.0000 -8.0000 0.7261 0.3297 0.3561 0.7227 0.3599 2.4944 1.9398 4.6703 
5.0000 38.0000 6.0000 0.0000 0.0000 -3.1150 2 -1.0000 0.0000 1.4000 -10.0000 -2.0000 10.0000 -6.0000 6.0000 2.0000 0.4142 0.7853 0.5843 0.4052 0.3062 2.4952 1.9941 4.7377 
5.0000 39.0000 6.0000 0.0000 0.0000 0.0000 2 -1.0000 0.0000 1.2290 6.0000 -2.0000 -10.0000 2.0000 -6.0000 10.0000 0.3248 0.6457 0.3060 0.7090 0.5220 2.5075 1.9551 4.7167 
5.0000 70.0000 6.0000 4.0000 0.0000 9.3450 8 1.0000 0.0000 1.1840 6.0000 -2.0000 -6.0000 14.0000 2.0000 10.0000 0.3067 0.4359 0.6810 0.7775 0.3055 2.5066 1.7881 4.5491 
5.0000 51.0000 6.0000 2.0000 0.0000 -6.2300 8 1.0000 1.0000 0.9070 8.0000 -4.0000 -8.0000 12.0000 0.0000 4.0000 0.4128 0.5261 0.3383 0.6608 0.5617 2.4997 1.9424 4.6924 
5.0000 24.0000 6.0000 -2.0000 0.0000 -3.1150 2 -1.0000 0.0000 0.6720 4.0000 -4.0000 -12.0000 0.0000 -8.0000 8.0000 0.6615 0.3356 0.3969 0.5837 0.5254 2.5030 1.8884 4.6455 
5.0000 23.0000 6.0000 -2.0000 0.0000 -6.2300 8 1.0000 1.0000 1.2760 -12.0000 -4.0000 8.0000 -8.0000 4.0000 0.0000 0.4952 0.6213 0.4228 0.3324 0.6260 2.4977 1.9436 4.6902 
5.0000 52.0000 6.0000 2.0000 0.0000 -3.1150 2 -1.0000 0.0000 1.5430 12.0000 4.0000 -4.0000 8.0000 -8.0000 0.0000 0.5625 0.4534 0.3121 0.5307 0.6320 2.4907 1.8177 4.5500 
5.0000 47.0000 6.0000 2.0000 1.0000 3.1150 2 -1.0000 1.0000 1.4220 -4.0000 4.0000 12.0000 0.0000 8.0000 -8.0000 0.5000 0.5000 0.5000 0.5000 0.5000 2.5000 1.8408 4.5926 
5.0000 19.0000 6.0000 -2.0000 1.0000 3.1150 2 -1.0000 1.0000 0.9600 0.0000 -8.0000 -12.0000 8.0000 -4.0000 4.0000 0.5000 0.5000 0.5000 0.5000 0.5000 2.5000 1.8532 4.5924 
5.0000 15.0000 6.0000 -2.0000 1.0000 -9.3450 8 1.0000 1.0000 0.9830 -8.0000 0.0000 4.0000 -4.0000 8.0000 -12.0000 0.5000 0.5000 0.5000 0.5000 0.5000 2.5000 1.8143 4.5758 
5.0000 16.0000 6.0000 -2.0000 1.0000 -6.2300 8 1.0000 1.0000 1.1090 8.0000 0.0000 -12.0000 4.0000 -8.0000 -4.0000 0.5000 0.5000 0.5000 0.5000 0.5000 2.5000 1.9511 4.7094 
5.0000 61.0000 6.0000 4.0000 1.0000 3.1150 2 -1.0000 1.0000 0.8700 -6.0000 6.0000 14.0000 2.0000 10.0000 -2.0000 0.5000 0.5000 0.5000 0.5000 0.5000 2.5000 1.7855 4.5426 
5.0000 63.0000 6.0000 4.0000 1.0000 9.3450 2 -1.0000 1.0000 1.0270 -2.0000 6.0000 10.0000 2.0000 14.0000 -6.0000 0.5000 0.5000 0.5000 0.5000 0.5000 2.5000 1.7592 4.5091 
5.0000 31.0000 6.0000 0.0000 1.0000 -3.1150 8 1.0000 1.0000 1.0670 10.0000 -2.0000 -6.0000 2.0000 -10.0000 6.0000 0.5000 0.5000 0.5000 0.5000 0.5000 2.5000 1.8889 4.6427 
5.0000 43.0000 6.0000 2.0000 1.0000 -9.3450 8 1.0000 1.0000 0.7890 -8.0000 4.0000 12.0000 0.0000 8.0000 -4.0000 0.5000 0.5000 0.5000 0.5000 0.5000 2.5000 1.8168 4.5593 
5.0000 9.0000 6.0000 -4.0000 0.0000 -6.2300 8 1.0000 1.0000 0.9900 6.0000 -6.0000 -10.0000 -2.0000 -14.0000 2.0000 0.4187 0.5262 0.5829 0.6394 0.3300 2.4972 1.9855 4.7232 
5.0000 1.0000 6.0000 -4.0000 1.0000 -9.3450 8 1.0000 1.0000 0.9930 -14.0000 -2.0000 6.0000 -6.0000 2.0000 -10.0000 0.5000 0.5000 0.5000 0.5000 0.5000 2.5000 1.8521 4.5924 
5.0000 11.0000 6.0000 -4.0000 0.0000 0.0000 2 -1.0000 0.0000 2.0500 6.0000 -6.0000 -14.0000 -2.0000 -10.0000 2.0000 0.3665 0.5379 0.7052 0.3537 0.5352 2.4985 1.9411 4.6910 
5.0000 22.0000 6.0000 -2.0000 0.0000 -9.3450 8 1.0000 1.0000 1.1710 8.0000 0.0000 -8.0000 4.0000 -12.0000 -4.0000 0.3503 0.7505 0.3090 0.5043 0.5911 2.5052 1.8627 4.6143 
5.0000 48.0000 6.0000 2.0000 1.0000 6.2300 2 -1.0000 1.0000 1.3850 -4.0000 4.0000 12.0000 0.0000 8.0000 -8.0000 0.5000 0.5000 0.5000 0.5000 0.5000 2.5000 1.9989 4.7594 
5.0000 14.0000 6.0000 -4.0000 0.0000 9.3450 2 -1.0000 1.0000 0.8360 -14.0000 -2.0000 6.0000 -6.0000 2.0000 -10.0000 0.5886 0.3220 0.4441 0.5947 0.5511 2.5005 1.8238 4.5763 
5.0000 67.0000 6.0000 4.0000 0.0000 0.0000 2 -1.0000 0.0000 1.0880 -6.0000 6.0000 14.0000 2.0000 10.0000 -2.0000 0.6174 0.3384 0.7505 0.4624 0.3404 2.5092 1.9824 4.7519 
5.0000 18.0000 6.0000 -2.0000 1.0000 0.0000 2 -1.0000 0.0000 1.5810 -12.0000 0.0000 8.0000 -4.0000 4.0000 -8.0000 0.5000 0.5000 0.5000 0.5000 0.5000 2.5000 1.9142 4.6594 
5.0000 49.0000 6.0000 2.0000 1.0000 9.3450 2 -1.0000 1.0000 0.9090 -8.0000 4.0000 8.0000 0.0000 12.0000 -4.0000 0.5000 0.5000 0.5000 0.5000 0.5000 2.5000 1.9500 4.6926 
5.0000 46.0000 6.0000 2.0000 1.0000 0.0000 2 -1.0000 0.0000 1.1440 8.0000 -4.0000 -8.0000 12.0000 0.0000 4.0000 0.5000 0.5000 0.5000 0.5000 0.5000 2.5000 1.8031 4.5426 
5.0000 41.0000 6.0000 0.0000 0.0000 6.2300 2 -1.0000 1.0000 1.0400 6.0000 -2.0000 -6.0000 2.0000 -10.0000 10.0000 0.3378 0.5264 0.7870 0.4017 0.4533 2.5062 1.7750 4.5321 
5.0000 21.0000 6.0000 -2.0000 1.0000 9.3450 2 -1.0000 1.0000 0.7330 -4.0000 4.0000 8.0000 -12.0000 0.0000 -8.0000 0.5000 0.5000 0.5000 0.5000 0.5000 2.5000 1.9779 4.7259 
5.0000 10.0000 6.0000 -4.0000 0.0000 -3.1150 8 1.0000 1.0000 1.2250 -14.0000 -2.0000 2.0000 -6.0000 6.0000 -10.0000 0.3767 0.5832 0.3616 0.7292 0.4440 2.4947 1.9080 4.6372 
5.0000 59.0000 6.0000 4.0000 1.0000 -3.1150 2 -1.0000 0.0000 0.9240 -2.0000 6.0000 10.0000 2.0000 14.0000 -6.0000 0.5000 0.5000 0.5000 0.5000 0.5000 2.5000 1.8326 4.5925 
5.0000 68.0000 6.0000 4.0000 0.0000 3.1150 2 -1.0000 1.0000 0.7890 2.0000 10.0000 14.0000 -6.0000 6.0000 -2.0000 0.5595 0.4480 0.3010 0.6168 0.5707 2.4960 1.7759 4.5219 
5.0000 50.0000 6.0000 2.0000 0.0000 -9.3450 8 1.0000 1.0000 1.3640 -8.0000 0.0000 12.0000 -4.0000 8.0000 4.0000 0.4969 0.3415 0.4369 0.6671 0.5646 2.5070 1.7880 4.5495 
5.0000 4.0000 6.0000 -4.0000 1.0000 0.0000 8 1.0000 0.0000 1.0660 6.0000 -6.0000 -14.0000 -2.0000 -10.0000 2.0000 0.5000 0.5000 0.5000 0.5000 0.5000 2.5000 1.9596 4.7091 
5.0000 42.0000 6.0000 0.0000 0.0000 9.3450 2 -1.0000 1.0000 0.7640 -6.0000 2.0000 6.0000 -2.0000 10.0000 -10.0000 0.4941 0.4514 0.5182 0.3985 0.6392 2.5013 1.8215 4.5770 
5.0000 40.0000 6.0000 0.0000 0.0000 3.1150 8 1.0000 0.0000 1.3270 -10.0000 -2.0000 10.0000 -6.0000 6.0000 2.0000 0.6347 0.3152 0.7677 0.4402 0.3328 2.4907 1.9620 4.7001 
5.0000 53.0000 6.0000 2.0000 0.0000 0.0000 8 1.0000 0.0000 1.2480 -4.0000 8.0000 12.0000 -8.0000 4.0000 0.0000 0.5089 0.3390 0.4014 0.6049 0.6544 2.5085 1.9613 4.7178 
5.0000 56.0000 6.0000 2.0000 0.0000 9.3450 2 -1.0000 1.0000 2.3660 12.0000 4.0000 -8.0000 8.0000 -4.0000 0.0000 0.6205 0.3926 0.4777 0.6033 0.4097 2.5039 1.8979 4.6464 
5.0000 34.0000 6.0000 0.0000 1.0000 6.2300 2 -1.0000 1.0000 2.5990 6.0000 -2.0000 -10.0000 2.0000 -6.0000 10.0000 0.5000 0.5000 0.5000 0.5000 0.5000 2.5000 1.7764 4.5425 
5.0000 13.0000 6.0000 -4.0000 0.0000 6.2300 2 -1.0000 1.0000 0.9100 -10.0000 2.0000 6.0000 -14.0000 -2.0000 -6.0000 0.4074 0.5638 0.4787 0.5610 0.4799 2.4909 1.9088 4.6501 
5.0000 17.0000 6.0000 -2.0000 1.0000 -3.1150 2 -1.0000 0.0000 0.8060 8.0000 -4.0000 -8.0000 0.0000 -12.0000 4.0000 0.5000 0.5000 0.5000 0.5000 0.5000 2.5000 1.7798 4.5424 
5.0000 60.0000 6.0000 4.0000 1.0000 0.0000 2 -1.0000 0.0000 0.9820 -2.0000 6.0000 14.0000 2.0000 10.0000 -6.0000 0.5000 0.5000 0.5000 0.5000 0.5000 2.5000 1.7807 4.5258 
5.0000 57.0000 6.0000 4.0000 1.0000 -9.3450 8 1.0000 1.0000 1.5830 -2.0000 6.0000 14.0000 2.0000 10.0000 -6.0000 0.5000 0.5000 0.5000 0.5000 0.5000 2.5000 1.8937 4.6426 
5.0000 20.0000 6.0000 -2.0000 1.0000 6.2300 8 1.0000 0.0000 0.8680 -4.0000 4.0000 8.0000 -12.0000 0.0000 -8.0000 0.5000 0.5000 0.5000 0.5000 0.5000 2.5000 1.8111 4.5592 
5.0000 33.0000 6.0000 0.0000 1.0000 3.1150 8 1.0000 0.0000 0.8420 6.0000 -6.0000 -10.0000 10.0000 -2.0000 2.0000 0.5000 0.5000 0.5000 0.5000 0.5000 2.5000 1.7749 4.5259 
5.0000 69.0000 6.0000 4.0000 0.0000 6.2300 2 -1.0000 1.0000 1.5270 10.0000 -2.0000 -6.0000 14.0000 2.0000 6.0000 0.6624 0.6050 0.3470 0.4867 0.4067 2.5078 1.9347 4.6838 
5.0000 44.0000 6.0000 2.0000 1.0000 -6.2300 8 1.0000 1.0000 1.5210 12.0000 0.0000 -8.0000 4.0000 -4.0000 8.0000 0.5000 0.5000 0.5000 0.5000 0.5000 2.5000 1.8055 4.5426 
5.0000 58.0000 6.0000 4.0000 1.0000 -6.2300 8 1.0000 1.0000 0.9700 -6.0000 6.0000 10.0000 2.0000 14.0000 -2.0000 0.5000 0.5000 0.5000 0.5000 0.5000 2.5000 1.9124 4.6758 
