subNo index block mean periodicity testLevel pressedKey answer isCorrect rt s1 s2 s3 s4 s5 s6 t1 t2 t3 t4 t5 seqDuration startInterval trialDuration 
3.0000 3.0000 1.0000 -4.0000 1.0000 -3.3000 8 1.0000 1.0000 0.9520 -14.0000 -2.0000 2.0000 -6.0000 6.0000 -10.0000 0.5000 0.5000 0.5000 0.5000 0.5000 2.5000 1.8565 4.6092 
3.0000 6.0000 1.0000 -4.0000 1.0000 6.6000 2 -1.0000 1.0000 0.8970 6.0000 -6.0000 -10.0000 -2.0000 -14.0000 2.0000 0.5000 0.5000 0.5000 0.5000 0.5000 2.5000 1.9298 4.6926 
3.0000 50.0000 1.0000 2.0000 0.0000 -9.9000 8 1.0000 1.0000 0.6840 8.0000 -4.0000 -8.0000 12.0000 0.0000 4.0000 0.5020 0.6565 0.3141 0.5946 0.4367 2.5039 1.7779 4.5296 
3.0000 54.0000 1.0000 2.0000 0.0000 3.3000 8 1.0000 0.0000 2.2680 4.0000 -4.0000 -8.0000 12.0000 0.0000 8.0000 0.5067 0.4360 0.4066 0.5332 0.6088 2.4913 1.8776 4.6172 
3.0000 34.0000 1.0000 0.0000 1.0000 6.6000 2 -1.0000 1.0000 2.4630 6.0000 -6.0000 -10.0000 10.0000 -2.0000 2.0000 0.5000 0.5000 0.5000 0.5000 0.5000 2.5000 1.7865 4.5425 
3.0000 26.0000 1.0000 -2.0000 0.0000 3.3000 2 -1.0000 1.0000 1.5490 0.0000 -8.0000 -12.0000 8.0000 -4.0000 4.0000 0.3346 0.6256 0.5569 0.4655 0.5221 2.5046 1.8537 4.6138 
3.0000 37.0000 1.0000 0.0000 0.0000 -6.6000 8 1.0000 1.0000 0.9670 10.0000 -2.0000 -6.0000 2.0000 -10.0000 6.0000 0.3666 0.7530 0.3622 0.6770 0.3336 2.4924 1.7692 4.5016 
3.0000 38.0000 1.0000 0.0000 0.0000 -3.3000 8 1.0000 1.0000 0.8540 -10.0000 2.0000 6.0000 -2.0000 10.0000 -6.0000 0.3841 0.5618 0.4050 0.5237 0.6319 2.5064 1.9919 4.7491 
3.0000 58.0000 1.0000 4.0000 1.0000 -6.6000 8 1.0000 1.0000 0.5720 -6.0000 6.0000 14.0000 2.0000 10.0000 -2.0000 0.5000 0.5000 0.5000 0.5000 0.5000 2.5000 1.9148 4.6592 
3.0000 7.0000 1.0000 -4.0000 1.0000 9.9000 2 -1.0000 1.0000 0.9630 6.0000 -6.0000 -14.0000 -2.0000 -10.0000 2.0000 0.5000 0.5000 0.5000 0.5000 0.5000 2.5000 1.8159 4.5757 
3.0000 23.0000 1.0000 -2.0000 0.0000 -6.6000 8 1.0000 1.0000 0.7290 -8.0000 0.0000 4.0000 -4.0000 8.0000 -12.0000 0.5958 0.7143 0.4477 0.4163 0.3261 2.5002 1.7760 4.5260 
3.0000 49.0000 1.0000 2.0000 1.0000 9.9000 2 -1.0000 1.0000 0.8270 8.0000 0.0000 -8.0000 4.0000 -4.0000 12.0000 0.5000 0.5000 0.5000 0.5000 0.5000 2.5000 1.9639 4.7258 
3.0000 13.0000 1.0000 -4.0000 0.0000 6.6000 2 -1.0000 1.0000 1.0560 -14.0000 -2.0000 2.0000 -6.0000 6.0000 -10.0000 0.3655 0.4181 0.6196 0.3003 0.7993 2.5028 1.9350 4.6954 
3.0000 32.0000 1.0000 0.0000 1.0000 0.0000 8 1.0000 0.0000 0.9770 6.0000 -2.0000 -10.0000 2.0000 -6.0000 10.0000 0.5000 0.5000 0.5000 0.5000 0.5000 2.5000 1.8702 4.6258 
3.0000 29.0000 1.0000 0.0000 1.0000 -9.9000 8 1.0000 1.0000 0.6370 2.0000 -6.0000 -10.0000 10.0000 -2.0000 6.0000 0.5000 0.5000 0.5000 0.5000 0.5000 2.5000 1.8458 4.5925 
3.0000 42.0000 1.0000 0.0000 0.0000 9.9000 2 -1.0000 1.0000 0.9240 -2.0000 6.0000 10.0000 -10.0000 2.0000 -6.0000 0.6715 0.4712 0.3305 0.4199 0.5971 2.4902 1.7986 4.5327 
3.0000 53.0000 1.0000 2.0000 0.0000 0.0000 8 1.0000 0.0000 1.0140 -4.0000 8.0000 12.0000 -8.0000 4.0000 0.0000 0.4953 0.4331 0.3932 0.5049 0.6815 2.5080 1.9235 4.6841 
3.0000 47.0000 1.0000 2.0000 1.0000 3.3000 8 1.0000 0.0000 1.0240 4.0000 -4.0000 -8.0000 12.0000 0.0000 8.0000 0.5000 0.5000 0.5000 0.5000 0.5000 2.5000 1.8974 4.6426 
3.0000 46.0000 1.0000 2.0000 1.0000 0.0000 8 1.0000 0.0000 0.8240 8.0000 0.0000 -8.0000 4.0000 -4.0000 12.0000 0.5000 0.5000 0.5000 0.5000 0.5000 2.5000 1.8813 4.6426 
3.0000 14.0000 1.0000 -4.0000 0.0000 9.9000 2 -1.0000 1.0000 1.1890 -14.0000 -2.0000 6.0000 -6.0000 2.0000 -10.0000 0.3141 0.6382 0.3702 0.5661 0.6143 2.5028 1.7613 4.5287 
3.0000 68.0000 1.0000 4.0000 0.0000 3.3000 2 -1.0000 1.0000 1.1650 14.0000 2.0000 -2.0000 6.0000 -6.0000 10.0000 0.3075 0.7726 0.5011 0.5999 0.3103 2.4914 1.8937 4.6340 
3.0000 64.0000 1.0000 4.0000 0.0000 -9.9000 8 1.0000 1.0000 1.4930 -6.0000 2.0000 14.0000 -2.0000 10.0000 6.0000 0.5653 0.4385 0.7107 0.3449 0.4329 2.4922 1.7886 4.5349 
3.0000 40.0000 1.0000 0.0000 0.0000 3.3000 2 -1.0000 1.0000 3.5270 -10.0000 -2.0000 10.0000 -6.0000 6.0000 2.0000 0.4406 0.6188 0.5421 0.4202 0.4828 2.5045 1.7910 4.5469 
3.0000 12.0000 1.0000 -4.0000 0.0000 3.3000 2 -1.0000 1.0000 3.0140 -6.0000 2.0000 6.0000 -14.0000 -2.0000 -10.0000 0.6893 0.3149 0.3746 0.3211 0.7964 2.4963 1.7912 4.5388 
3.0000 11.0000 1.0000 -4.0000 0.0000 0.0000 2 -1.0000 0.0000 1.7420 6.0000 -2.0000 -10.0000 2.0000 -14.0000 -6.0000 0.7770 0.3829 0.5353 0.4183 0.3865 2.5000 1.9011 4.6425 
3.0000 18.0000 1.0000 -2.0000 1.0000 0.0000 8 1.0000 0.0000 1.8960 0.0000 -8.0000 -12.0000 8.0000 -4.0000 4.0000 0.5000 0.5000 0.5000 0.5000 0.5000 2.5000 1.9408 4.6926 
3.0000 30.0000 1.0000 0.0000 1.0000 -6.6000 8 1.0000 1.0000 0.6780 6.0000 -2.0000 -6.0000 2.0000 -10.0000 10.0000 0.5000 0.5000 0.5000 0.5000 0.5000 2.5000 1.8504 4.6093 
3.0000 25.0000 1.0000 -2.0000 0.0000 0.0000 8 1.0000 0.0000 0.8370 -12.0000 -4.0000 4.0000 -8.0000 8.0000 0.0000 0.5119 0.3430 0.4265 0.6767 0.5451 2.5032 1.8310 4.5956 
3.0000 36.0000 1.0000 0.0000 0.0000 -9.9000 8 1.0000 1.0000 0.6510 10.0000 2.0000 -6.0000 6.0000 -10.0000 -2.0000 0.5238 0.3761 0.6593 0.6237 0.3183 2.5012 1.9677 4.7272 
3.0000 43.0000 1.0000 2.0000 1.0000 -9.9000 8 1.0000 1.0000 0.4890 8.0000 0.0000 -8.0000 4.0000 -4.0000 12.0000 0.5000 0.5000 0.5000 0.5000 0.5000 2.5000 1.9416 4.6925 
3.0000 35.0000 1.0000 0.0000 1.0000 9.9000 2 -1.0000 1.0000 0.6720 -6.0000 6.0000 10.0000 -10.0000 2.0000 -2.0000 0.5000 0.5000 0.5000 0.5000 0.5000 2.5000 1.8583 4.6092 
3.0000 63.0000 1.0000 4.0000 1.0000 9.9000 2 -1.0000 1.0000 1.9680 -6.0000 2.0000 10.0000 -2.0000 14.0000 6.0000 0.5000 0.5000 0.5000 0.5000 0.5000 2.5000 1.8645 4.6092 
3.0000 15.0000 1.0000 -2.0000 1.0000 -9.9000 8 1.0000 1.0000 0.8630 -12.0000 0.0000 4.0000 -4.0000 8.0000 -8.0000 0.5000 0.5000 0.5000 0.5000 0.5000 2.5000 1.8297 4.5758 
3.0000 66.0000 1.0000 4.0000 0.0000 -3.3000 8 1.0000 1.0000 1.0890 2.0000 10.0000 14.0000 -6.0000 6.0000 -2.0000 0.3042 0.7269 0.5097 0.4013 0.5672 2.5093 1.7943 4.5518 
3.0000 22.0000 1.0000 -2.0000 0.0000 -9.9000 8 1.0000 1.0000 0.5830 4.0000 -4.0000 -8.0000 0.0000 -12.0000 8.0000 0.4397 0.4884 0.3589 0.6296 0.5803 2.4969 1.9188 4.6561 
3.0000 60.0000 1.0000 4.0000 1.0000 0.0000 2 -1.0000 0.0000 0.7620 -2.0000 6.0000 10.0000 2.0000 14.0000 -6.0000 0.5000 0.5000 0.5000 0.5000 0.5000 2.5000 1.9218 4.6591 
3.0000 69.0000 1.0000 4.0000 0.0000 6.6000 2 -1.0000 1.0000 4.6350 14.0000 6.0000 -6.0000 10.0000 -2.0000 2.0000 0.5182 0.5763 0.4121 0.3554 0.6344 2.4964 1.9244 4.6724 
3.0000 28.0000 1.0000 -2.0000 0.0000 9.9000 8 1.0000 0.0000 2.9240 8.0000 0.0000 -12.0000 4.0000 -8.0000 -4.0000 0.3928 0.7296 0.4652 0.4122 0.5087 2.5085 1.9878 4.7510 
3.0000 24.0000 1.0000 -2.0000 0.0000 -3.3000 8 1.0000 1.0000 0.6920 8.0000 -4.0000 -8.0000 0.0000 -12.0000 4.0000 0.7687 0.3627 0.5880 0.4451 0.3430 2.5076 1.9917 4.7500 
3.0000 39.0000 1.0000 0.0000 0.0000 0.0000 8 1.0000 0.0000 0.5660 -2.0000 6.0000 10.0000 -10.0000 2.0000 -6.0000 0.4635 0.3089 0.5016 0.4258 0.7919 2.4917 1.9695 4.7176 
3.0000 45.0000 1.0000 2.0000 1.0000 -3.3000 8 1.0000 1.0000 0.7000 -8.0000 4.0000 8.0000 0.0000 12.0000 -4.0000 0.5000 0.5000 0.5000 0.5000 0.5000 2.5000 1.8329 4.5759 
3.0000 67.0000 1.0000 4.0000 0.0000 0.0000 2 -1.0000 0.0000 3.2310 -6.0000 6.0000 14.0000 2.0000 10.0000 -2.0000 0.3354 0.5613 0.3344 0.5892 0.6805 2.5009 1.9728 4.7268 
3.0000 17.0000 1.0000 -2.0000 1.0000 -3.3000 8 1.0000 1.0000 0.5320 -8.0000 0.0000 4.0000 -4.0000 8.0000 -12.0000 0.5000 0.5000 0.5000 0.5000 0.5000 2.5000 1.7524 4.4925 
3.0000 61.0000 1.0000 4.0000 1.0000 3.3000 2 -1.0000 1.0000 0.6980 -2.0000 6.0000 14.0000 2.0000 10.0000 -6.0000 0.5000 0.5000 0.5000 0.5000 0.5000 2.5000 1.9060 4.6426 
3.0000 52.0000 1.0000 2.0000 0.0000 -3.3000 8 1.0000 1.0000 0.6350 4.0000 -4.0000 -8.0000 12.0000 0.0000 8.0000 0.5650 0.6589 0.3846 0.5513 0.3342 2.4940 1.9763 4.7200 
3.0000 65.0000 1.0000 4.0000 0.0000 -6.6000 8 1.0000 1.0000 0.4640 10.0000 2.0000 -2.0000 6.0000 -6.0000 14.0000 0.5066 0.7723 0.3813 0.5145 0.3209 2.4956 1.9550 4.7049 
3.0000 59.0000 1.0000 4.0000 1.0000 -3.3000 2 -1.0000 0.0000 1.8910 -2.0000 10.0000 14.0000 -6.0000 6.0000 2.0000 0.5000 0.5000 0.5000 0.5000 0.5000 2.5000 1.8489 4.6092 
3.0000 33.0000 1.0000 0.0000 1.0000 3.3000 2 -1.0000 1.0000 3.2730 2.0000 -6.0000 -10.0000 10.0000 -2.0000 6.0000 0.5000 0.5000 0.5000 0.5000 0.5000 2.5000 1.8322 4.5759 
3.0000 41.0000 1.0000 0.0000 0.0000 6.6000 2 -1.0000 1.0000 0.6710 -6.0000 2.0000 6.0000 -2.0000 10.0000 -10.0000 0.6093 0.6357 0.4470 0.3171 0.4896 2.4988 1.9250 4.6747 
3.0000 4.0000 1.0000 -4.0000 1.0000 0.0000 8 1.0000 0.0000 1.1520 -10.0000 -2.0000 6.0000 -6.0000 2.0000 -14.0000 0.5000 0.5000 0.5000 0.5000 0.5000 2.5000 1.8330 4.5759 
3.0000 51.0000 1.0000 2.0000 0.0000 -6.6000 8 1.0000 1.0000 0.6880 4.0000 -4.0000 -8.0000 12.0000 0.0000 8.0000 0.4166 0.6387 0.4560 0.3168 0.6781 2.5062 1.7881 4.5320 
3.0000 8.0000 1.0000 -4.0000 0.0000 -9.9000 8 1.0000 1.0000 0.6880 6.0000 -2.0000 -14.0000 2.0000 -10.0000 -6.0000 0.3912 0.4201 0.6378 0.5776 0.4824 2.5089 1.8462 4.6016 
3.0000 62.0000 1.0000 4.0000 1.0000 6.6000 2 -1.0000 1.0000 0.6520 2.0000 10.0000 14.0000 -6.0000 6.0000 -2.0000 0.5000 0.5000 0.5000 0.5000 0.5000 2.5000 1.9874 4.7259 
3.0000 27.0000 1.0000 -2.0000 0.0000 6.6000 2 -1.0000 1.0000 0.9580 4.0000 -4.0000 -12.0000 0.0000 -8.0000 8.0000 0.3369 0.6010 0.3711 0.4636 0.7255 2.4981 1.8100 4.5574 
3.0000 31.0000 1.0000 0.0000 1.0000 -3.3000 8 1.0000 1.0000 1.0770 6.0000 -6.0000 -10.0000 10.0000 -2.0000 2.0000 0.5000 0.5000 0.5000 0.5000 0.5000 2.5000 1.8243 4.5758 
3.0000 9.0000 1.0000 -4.0000 0.0000 -6.6000 8 1.0000 1.0000 0.6270 -10.0000 -2.0000 6.0000 -6.0000 2.0000 -14.0000 0.5241 0.4235 0.3302 0.4409 0.7790 2.4977 1.8329 4.5901 
3.0000 20.0000 1.0000 -2.0000 1.0000 6.6000 2 -1.0000 1.0000 0.6850 -12.0000 -4.0000 4.0000 -8.0000 8.0000 0.0000 0.5000 0.5000 0.5000 0.5000 0.5000 2.5000 1.8671 4.6260 
3.0000 44.0000 1.0000 2.0000 1.0000 -6.6000 8 1.0000 1.0000 0.5970 -8.0000 4.0000 8.0000 0.0000 12.0000 -4.0000 0.5000 0.5000 0.5000 0.5000 0.5000 2.5000 1.8638 4.6094 
3.0000 10.0000 1.0000 -4.0000 0.0000 -3.3000 8 1.0000 1.0000 0.7560 6.0000 -6.0000 -10.0000 -2.0000 -14.0000 2.0000 0.3288 0.5354 0.6173 0.3491 0.6726 2.5031 1.9455 4.6956 
3.0000 1.0000 1.0000 -4.0000 1.0000 -9.9000 8 1.0000 1.0000 0.5970 -6.0000 2.0000 6.0000 -14.0000 -2.0000 -10.0000 0.5000 0.5000 0.5000 0.5000 0.5000 2.5000 1.9908 4.7425 
3.0000 48.0000 1.0000 2.0000 1.0000 6.6000 2 -1.0000 1.0000 1.2930 -4.0000 8.0000 12.0000 -8.0000 4.0000 0.0000 0.5000 0.5000 0.5000 0.5000 0.5000 2.5000 1.9150 4.6592 
3.0000 70.0000 1.0000 4.0000 0.0000 9.9000 2 -1.0000 1.0000 0.9480 10.0000 -2.0000 -6.0000 14.0000 2.0000 6.0000 0.3376 0.4198 0.5044 0.5722 0.6564 2.4904 1.9015 4.6331 
3.0000 55.0000 1.0000 2.0000 0.0000 6.6000 2 -1.0000 1.0000 1.6250 4.0000 -4.0000 -8.0000 12.0000 0.0000 8.0000 0.6191 0.4337 0.3702 0.7431 0.3316 2.4976 1.8574 4.6069 
3.0000 5.0000 1.0000 -4.0000 1.0000 3.3000 8 1.0000 0.0000 1.2800 6.0000 -2.0000 -14.0000 2.0000 -10.0000 -6.0000 0.5000 0.5000 0.5000 0.5000 0.5000 2.5000 1.9128 4.6758 
3.0000 56.0000 1.0000 2.0000 0.0000 9.9000 2 -1.0000 1.0000 0.8640 0.0000 8.0000 12.0000 -8.0000 4.0000 -4.0000 0.3911 0.5070 0.6514 0.5246 0.4235 2.4977 1.8923 4.6403 
3.0000 16.0000 1.0000 -2.0000 1.0000 -6.6000 8 1.0000 1.0000 0.7530 -4.0000 4.0000 8.0000 -12.0000 0.0000 -8.0000 0.5000 0.5000 0.5000 0.5000 0.5000 2.5000 1.7980 4.5426 
3.0000 2.0000 1.0000 -4.0000 1.0000 -6.6000 8 1.0000 1.0000 0.6000 6.0000 -6.0000 -10.0000 -2.0000 -14.0000 2.0000 0.5000 0.5000 0.5000 0.5000 0.5000 2.5000 1.8032 4.5592 
3.0000 21.0000 1.0000 -2.0000 1.0000 9.9000 2 -1.0000 1.0000 0.8560 8.0000 0.0000 -8.0000 4.0000 -12.0000 -4.0000 0.5000 0.5000 0.5000 0.5000 0.5000 2.5000 1.7534 4.5092 
3.0000 19.0000 1.0000 -2.0000 1.0000 3.3000 2 -1.0000 1.0000 0.9030 8.0000 0.0000 -12.0000 4.0000 -8.0000 -4.0000 0.5000 0.5000 0.5000 0.5000 0.5000 2.5000 1.9170 4.6592 
3.0000 57.0000 1.0000 4.0000 1.0000 -9.9000 8 1.0000 1.0000 0.6210 -2.0000 6.0000 14.0000 2.0000 10.0000 -6.0000 0.5000 0.5000 0.5000 0.5000 0.5000 2.5000 1.8858 4.6259 
3.0000 62.0000 2.0000 4.0000 1.0000 6.6000 2 -1.0000 1.0000 1.0750 14.0000 6.0000 -6.0000 10.0000 -2.0000 2.0000 0.5000 0.5000 0.5000 0.5000 0.5000 2.5000 1.8345 4.5759 
3.0000 13.0000 2.0000 -4.0000 0.0000 6.6000 8 1.0000 0.0000 0.7860 2.0000 -6.0000 -10.0000 -2.0000 -14.0000 6.0000 0.3765 0.3034 0.5058 0.5531 0.7554 2.4943 1.9194 4.6534 
3.0000 51.0000 2.0000 2.0000 0.0000 -6.6000 8 1.0000 1.0000 0.5240 -8.0000 4.0000 12.0000 0.0000 8.0000 -4.0000 0.7313 0.4658 0.3354 0.6645 0.3047 2.5017 1.8641 4.6276 
3.0000 26.0000 2.0000 -2.0000 0.0000 3.3000 8 1.0000 0.0000 0.7640 8.0000 -4.0000 -8.0000 0.0000 -12.0000 4.0000 0.4524 0.3425 0.4136 0.7838 0.5172 2.5095 1.9488 4.7186 
3.0000 69.0000 2.0000 4.0000 0.0000 6.6000 2 -1.0000 1.0000 0.8040 2.0000 10.0000 14.0000 -6.0000 6.0000 -2.0000 0.4410 0.5961 0.5581 0.5845 0.3223 2.5020 1.7670 4.5279 
3.0000 27.0000 2.0000 -2.0000 0.0000 6.6000 8 1.0000 0.0000 1.9260 -8.0000 4.0000 8.0000 -12.0000 0.0000 -4.0000 0.3933 0.5075 0.6153 0.4235 0.5671 2.5066 1.8642 4.6158 
3.0000 39.0000 2.0000 0.0000 0.0000 0.0000 2 -1.0000 0.0000 1.8240 -10.0000 -2.0000 6.0000 -6.0000 10.0000 2.0000 0.4465 0.3064 0.5895 0.4156 0.7395 2.4974 1.7603 4.5067 
3.0000 54.0000 2.0000 2.0000 0.0000 3.3000 8 1.0000 0.0000 2.2530 12.0000 0.0000 -8.0000 4.0000 -4.0000 8.0000 0.3091 0.6989 0.6532 0.3407 0.5076 2.5095 1.9671 4.7186 
3.0000 47.0000 2.0000 2.0000 1.0000 3.3000 2 -1.0000 1.0000 1.0800 4.0000 -4.0000 -8.0000 12.0000 0.0000 8.0000 0.5000 0.5000 0.5000 0.5000 0.5000 2.5000 1.8190 4.5593 
3.0000 17.0000 2.0000 -2.0000 1.0000 -3.3000 8 1.0000 1.0000 0.7210 -4.0000 4.0000 8.0000 -12.0000 0.0000 -8.0000 0.5000 0.5000 0.5000 0.5000 0.5000 2.5000 1.8555 4.5925 
3.0000 2.0000 2.0000 -4.0000 1.0000 -6.6000 8 1.0000 1.0000 0.5270 6.0000 -2.0000 -10.0000 2.0000 -14.0000 -6.0000 0.5000 0.5000 0.5000 0.5000 0.5000 2.5000 1.8496 4.5925 
3.0000 10.0000 2.0000 -4.0000 0.0000 -3.3000 8 1.0000 1.0000 0.4780 -14.0000 -6.0000 2.0000 -10.0000 6.0000 -2.0000 0.5986 0.3730 0.5660 0.6589 0.3134 2.5098 1.8263 4.5857 
3.0000 23.0000 2.0000 -2.0000 0.0000 -6.6000 8 1.0000 1.0000 1.2060 -4.0000 4.0000 8.0000 -12.0000 0.0000 -8.0000 0.3409 0.6119 0.4879 0.7444 0.3123 2.4973 1.8933 4.6399 
3.0000 30.0000 2.0000 0.0000 1.0000 -6.6000 8 1.0000 1.0000 0.5610 6.0000 -2.0000 -6.0000 2.0000 -10.0000 10.0000 0.5000 0.5000 0.5000 0.5000 0.5000 2.5000 1.8038 4.5591 
3.0000 48.0000 2.0000 2.0000 1.0000 6.6000 2 -1.0000 1.0000 0.9840 8.0000 -4.0000 -8.0000 12.0000 0.0000 4.0000 0.5000 0.5000 0.5000 0.5000 0.5000 2.5000 1.7931 4.5425 
3.0000 57.0000 2.0000 4.0000 1.0000 -9.9000 8 1.0000 1.0000 0.8310 -6.0000 2.0000 10.0000 -2.0000 14.0000 6.0000 0.5000 0.5000 0.5000 0.5000 0.5000 2.5000 1.7637 4.5092 
3.0000 18.0000 2.0000 -2.0000 1.0000 0.0000 2 -1.0000 0.0000 0.9290 8.0000 0.0000 -12.0000 4.0000 -8.0000 -4.0000 0.5000 0.5000 0.5000 0.5000 0.5000 2.5000 1.8235 4.5758 
3.0000 33.0000 2.0000 0.0000 1.0000 3.3000 2 -1.0000 1.0000 0.8330 -10.0000 -2.0000 10.0000 -6.0000 6.0000 2.0000 0.5000 0.5000 0.5000 0.5000 0.5000 2.5000 1.8092 4.5592 
3.0000 28.0000 2.0000 -2.0000 0.0000 9.9000 2 -1.0000 1.0000 2.6390 4.0000 -8.0000 -12.0000 8.0000 -4.0000 0.0000 0.3415 0.6205 0.5253 0.3179 0.7007 2.5059 1.9417 4.6985 
3.0000 66.0000 2.0000 4.0000 0.0000 -3.3000 8 1.0000 1.0000 0.9010 10.0000 -2.0000 -6.0000 14.0000 2.0000 6.0000 0.4597 0.3807 0.6345 0.3101 0.7208 2.5057 1.9270 4.6817 
3.0000 11.0000 2.0000 -4.0000 0.0000 0.0000 8 1.0000 0.0000 0.6810 -10.0000 -2.0000 2.0000 -6.0000 6.0000 -14.0000 0.3293 0.4535 0.7347 0.5136 0.4726 2.5036 1.8838 4.6461 
3.0000 1.0000 2.0000 -4.0000 1.0000 -9.9000 8 1.0000 1.0000 0.4740 -14.0000 -2.0000 2.0000 -6.0000 6.0000 -10.0000 0.5000 0.5000 0.5000 0.5000 0.5000 2.5000 1.8240 4.5759 
3.0000 31.0000 2.0000 0.0000 1.0000 -3.3000 8 1.0000 1.0000 0.5100 10.0000 -2.0000 -6.0000 2.0000 -10.0000 6.0000 0.5000 0.5000 0.5000 0.5000 0.5000 2.5000 1.7758 4.5259 
3.0000 7.0000 2.0000 -4.0000 1.0000 9.9000 2 -1.0000 1.0000 0.7370 2.0000 -10.0000 -14.0000 6.0000 -6.0000 -2.0000 0.5000 0.5000 0.5000 0.5000 0.5000 2.5000 1.7805 4.5258 
3.0000 20.0000 2.0000 -2.0000 1.0000 6.6000 2 -1.0000 1.0000 0.8600 -12.0000 -4.0000 8.0000 -8.0000 4.0000 0.0000 0.5000 0.5000 0.5000 0.5000 0.5000 2.5000 1.9256 4.6758 
3.0000 15.0000 2.0000 -2.0000 1.0000 -9.9000 8 1.0000 1.0000 0.6000 0.0000 -8.0000 -12.0000 8.0000 -4.0000 4.0000 0.5000 0.5000 0.5000 0.5000 0.5000 2.5000 1.9337 4.6761 
3.0000 46.0000 2.0000 2.0000 1.0000 0.0000 2 -1.0000 0.0000 0.8990 -8.0000 4.0000 8.0000 0.0000 12.0000 -4.0000 0.5000 0.5000 0.5000 0.5000 0.5000 2.5000 1.8727 4.6259 
3.0000 45.0000 2.0000 2.0000 1.0000 -3.3000 8 1.0000 1.0000 0.7390 12.0000 4.0000 -8.0000 8.0000 -4.0000 0.0000 0.5000 0.5000 0.5000 0.5000 0.5000 2.5000 1.8314 4.5759 
3.0000 19.0000 2.0000 -2.0000 1.0000 3.3000 2 -1.0000 1.0000 1.8910 -12.0000 0.0000 4.0000 -4.0000 8.0000 -8.0000 0.5000 0.5000 0.5000 0.5000 0.5000 2.5000 1.7925 4.5425 
3.0000 34.0000 2.0000 0.0000 1.0000 6.6000 2 -1.0000 1.0000 0.7230 -10.0000 -2.0000 6.0000 -6.0000 10.0000 2.0000 0.5000 0.5000 0.5000 0.5000 0.5000 2.5000 1.8659 4.6258 
3.0000 63.0000 2.0000 4.0000 1.0000 9.9000 2 -1.0000 1.0000 0.9580 6.0000 -2.0000 -6.0000 14.0000 2.0000 10.0000 0.5000 0.5000 0.5000 0.5000 0.5000 2.5000 1.8868 4.6426 
3.0000 53.0000 2.0000 2.0000 0.0000 0.0000 2 -1.0000 0.0000 2.9400 8.0000 0.0000 -4.0000 4.0000 -8.0000 12.0000 0.3584 0.3197 0.7495 0.3052 0.7636 2.4964 1.8225 4.5722 
3.0000 40.0000 2.0000 0.0000 0.0000 3.3000 8 1.0000 0.0000 1.8590 10.0000 -2.0000 -10.0000 2.0000 -6.0000 6.0000 0.3394 0.4835 0.3988 0.6014 0.6819 2.5049 1.9549 4.7142 
3.0000 22.0000 2.0000 -2.0000 0.0000 -9.9000 8 1.0000 1.0000 0.4630 -12.0000 -4.0000 8.0000 -8.0000 4.0000 0.0000 0.3437 0.6428 0.6691 0.3453 0.4997 2.5005 1.9777 4.7265 
3.0000 14.0000 2.0000 -4.0000 0.0000 9.9000 2 -1.0000 1.0000 0.6280 -6.0000 2.0000 6.0000 -14.0000 -2.0000 -10.0000 0.5072 0.3877 0.4986 0.5786 0.5357 2.5078 1.9307 4.6838 
3.0000 43.0000 2.0000 2.0000 1.0000 -9.9000 8 1.0000 1.0000 0.7370 8.0000 0.0000 -8.0000 4.0000 -4.0000 12.0000 0.5000 0.5000 0.5000 0.5000 0.5000 2.5000 1.9975 4.7426 
3.0000 12.0000 2.0000 -4.0000 0.0000 3.3000 2 -1.0000 1.0000 2.5950 -2.0000 -10.0000 -14.0000 6.0000 -6.0000 2.0000 0.5077 0.3169 0.4869 0.4233 0.7563 2.4911 1.8087 4.5503 
3.0000 8.0000 2.0000 -4.0000 0.0000 -9.9000 8 1.0000 1.0000 0.4250 -10.0000 -2.0000 6.0000 -6.0000 2.0000 -14.0000 0.5637 0.5992 0.4276 0.4691 0.4381 2.4977 1.7896 4.5236 
3.0000 67.0000 2.0000 4.0000 0.0000 0.0000 2 -1.0000 0.0000 0.8760 14.0000 6.0000 -2.0000 10.0000 -6.0000 2.0000 0.5521 0.5081 0.4238 0.3718 0.6384 2.4941 1.8234 4.5699 
3.0000 9.0000 2.0000 -4.0000 0.0000 -6.6000 8 1.0000 1.0000 0.7110 6.0000 -2.0000 -14.0000 2.0000 -10.0000 -6.0000 0.5606 0.4470 0.5158 0.6537 0.3211 2.4982 1.7532 4.5074 
3.0000 6.0000 2.0000 -4.0000 1.0000 6.6000 2 -1.0000 1.0000 0.6460 -10.0000 -2.0000 2.0000 -6.0000 6.0000 -14.0000 0.5000 0.5000 0.5000 0.5000 0.5000 2.5000 1.8886 4.6425 
3.0000 44.0000 2.0000 2.0000 1.0000 -6.6000 8 1.0000 1.0000 0.9040 12.0000 0.0000 -4.0000 4.0000 -8.0000 8.0000 0.5000 0.5000 0.5000 0.5000 0.5000 2.5000 1.8492 4.6093 
3.0000 38.0000 2.0000 0.0000 0.0000 -3.3000 8 1.0000 1.0000 0.6510 10.0000 2.0000 -10.0000 6.0000 -6.0000 -2.0000 0.3738 0.7072 0.6339 0.3052 0.4853 2.5055 1.9032 4.6647 
3.0000 36.0000 2.0000 0.0000 0.0000 -9.9000 8 1.0000 1.0000 0.7750 -10.0000 -2.0000 10.0000 -6.0000 6.0000 2.0000 0.5782 0.3019 0.7980 0.3514 0.4675 2.4971 1.9728 4.7232 
3.0000 24.0000 2.0000 -2.0000 0.0000 -3.3000 8 1.0000 1.0000 1.5610 0.0000 -8.0000 -12.0000 8.0000 -4.0000 4.0000 0.3930 0.4676 0.5655 0.4555 0.6195 2.5012 1.9389 4.6939 
3.0000 49.0000 2.0000 2.0000 1.0000 9.9000 2 -1.0000 1.0000 1.4980 12.0000 0.0000 -8.0000 4.0000 -4.0000 8.0000 0.5000 0.5000 0.5000 0.5000 0.5000 2.5000 1.9498 4.6926 
3.0000 42.0000 2.0000 0.0000 0.0000 9.9000 2 -1.0000 1.0000 0.6940 6.0000 -2.0000 -10.0000 2.0000 -6.0000 10.0000 0.4789 0.4252 0.3872 0.7198 0.4861 2.4971 1.7866 4.5230 
3.0000 52.0000 2.0000 2.0000 0.0000 -3.3000 8 1.0000 1.0000 1.6140 -8.0000 0.0000 8.0000 -4.0000 12.0000 4.0000 0.4290 0.4868 0.5621 0.4424 0.5818 2.5021 1.7947 4.5445 
3.0000 29.0000 2.0000 0.0000 1.0000 -9.9000 8 1.0000 1.0000 0.5490 -2.0000 6.0000 10.0000 -10.0000 2.0000 -6.0000 0.5000 0.5000 0.5000 0.5000 0.5000 2.5000 1.9589 4.7093 
3.0000 64.0000 2.0000 4.0000 0.0000 -9.9000 8 1.0000 1.0000 0.6860 10.0000 2.0000 -2.0000 6.0000 -6.0000 14.0000 0.3764 0.6509 0.6000 0.4057 0.4734 2.5063 1.9730 4.7323 
3.0000 55.0000 2.0000 2.0000 0.0000 6.6000 2 -1.0000 1.0000 0.9270 -8.0000 4.0000 8.0000 0.0000 12.0000 -4.0000 0.6012 0.3377 0.6651 0.3557 0.5434 2.5031 1.8474 4.5956 
3.0000 68.0000 2.0000 4.0000 0.0000 3.3000 2 -1.0000 1.0000 1.0630 -2.0000 6.0000 14.0000 2.0000 10.0000 -6.0000 0.7434 0.3551 0.6097 0.4816 0.3191 2.5089 1.7698 4.5347 
3.0000 59.0000 2.0000 4.0000 1.0000 -3.3000 8 1.0000 1.0000 0.9900 -6.0000 6.0000 14.0000 2.0000 10.0000 -2.0000 0.5000 0.5000 0.5000 0.5000 0.5000 2.5000 1.8786 4.6260 
3.0000 32.0000 2.0000 0.0000 1.0000 0.0000 8 1.0000 0.0000 0.6940 6.0000 -2.0000 -6.0000 2.0000 -10.0000 10.0000 0.5000 0.5000 0.5000 0.5000 0.5000 2.5000 1.7667 4.5091 
3.0000 41.0000 2.0000 0.0000 0.0000 6.6000 2 -1.0000 1.0000 0.6720 10.0000 2.0000 -6.0000 6.0000 -10.0000 -2.0000 0.3784 0.6800 0.6328 0.4235 0.3776 2.4923 1.8174 4.5515 
3.0000 35.0000 2.0000 0.0000 1.0000 9.9000 2 -1.0000 1.0000 0.8200 -2.0000 6.0000 10.0000 -10.0000 2.0000 -6.0000 0.5000 0.5000 0.5000 0.5000 0.5000 2.5000 1.7570 4.5093 
3.0000 56.0000 2.0000 2.0000 0.0000 9.9000 2 -1.0000 1.0000 0.6190 -8.0000 0.0000 8.0000 -4.0000 12.0000 4.0000 0.3746 0.4498 0.3188 0.7188 0.6324 2.4945 1.9772 4.7205 
3.0000 65.0000 2.0000 4.0000 0.0000 -6.6000 8 1.0000 1.0000 0.7180 2.0000 10.0000 14.0000 -6.0000 6.0000 -2.0000 0.4182 0.5249 0.7630 0.3308 0.4719 2.5087 1.9632 4.7345 
3.0000 61.0000 2.0000 4.0000 1.0000 3.3000 2 -1.0000 1.0000 0.6540 -6.0000 6.0000 14.0000 2.0000 10.0000 -2.0000 0.5000 0.5000 0.5000 0.5000 0.5000 2.5000 1.8433 4.5925 
3.0000 37.0000 2.0000 0.0000 0.0000 -6.6000 8 1.0000 1.0000 0.4990 -6.0000 2.0000 6.0000 -2.0000 10.0000 -10.0000 0.6616 0.4455 0.5889 0.5098 0.3001 2.5059 1.9348 4.6984 
3.0000 50.0000 2.0000 2.0000 0.0000 -9.9000 8 1.0000 1.0000 0.5760 -8.0000 4.0000 8.0000 0.0000 12.0000 -4.0000 0.3356 0.7056 0.4249 0.3518 0.6823 2.5003 1.9299 4.6763 
3.0000 25.0000 2.0000 -2.0000 0.0000 0.0000 8 1.0000 0.0000 1.0310 8.0000 -4.0000 -12.0000 0.0000 -8.0000 4.0000 0.3097 0.4442 0.6094 0.4735 0.6607 2.4974 1.9348 4.6901 
3.0000 60.0000 2.0000 4.0000 1.0000 0.0000 8 1.0000 0.0000 4.1960 -6.0000 6.0000 10.0000 2.0000 14.0000 -2.0000 0.5000 0.5000 0.5000 0.5000 0.5000 2.5000 1.9969 4.7427 
3.0000 4.0000 2.0000 -4.0000 1.0000 0.0000 2 -1.0000 0.0000 3.8990 -14.0000 -2.0000 6.0000 -6.0000 2.0000 -10.0000 0.5000 0.5000 0.5000 0.5000 0.5000 2.5000 1.9390 4.6925 
3.0000 3.0000 2.0000 -4.0000 1.0000 -3.3000 8 1.0000 1.0000 1.0050 6.0000 -6.0000 -14.0000 -2.0000 -10.0000 2.0000 0.5000 0.5000 0.5000 0.5000 0.5000 2.5000 1.8231 4.5591 
3.0000 70.0000 2.0000 4.0000 0.0000 9.9000 2 -1.0000 1.0000 0.7620 14.0000 2.0000 -6.0000 6.0000 -2.0000 10.0000 0.7739 0.3231 0.4445 0.3364 0.6170 2.4949 1.9564 4.7042 
3.0000 16.0000 2.0000 -2.0000 1.0000 -6.6000 8 1.0000 1.0000 1.0600 8.0000 -4.0000 -12.0000 0.0000 -8.0000 4.0000 0.5000 0.5000 0.5000 0.5000 0.5000 2.5000 1.9197 4.6760 
3.0000 21.0000 2.0000 -2.0000 1.0000 9.9000 2 -1.0000 1.0000 1.0870 4.0000 -4.0000 -12.0000 0.0000 -8.0000 8.0000 0.5000 0.5000 0.5000 0.5000 0.5000 2.5000 1.9895 4.7427 
3.0000 5.0000 2.0000 -4.0000 1.0000 3.3000 2 -1.0000 1.0000 2.3020 2.0000 -6.0000 -14.0000 -2.0000 -10.0000 6.0000 0.5000 0.5000 0.5000 0.5000 0.5000 2.5000 1.8682 4.6259 
3.0000 58.0000 2.0000 4.0000 1.0000 -6.6000 8 1.0000 1.0000 0.7270 10.0000 -2.0000 -6.0000 14.0000 2.0000 6.0000 0.5000 0.5000 0.5000 0.5000 0.5000 2.5000 1.8080 4.5591 
3.0000 31.0000 3.0000 0.0000 1.0000 -3.3000 8 1.0000 1.0000 0.6200 -2.0000 6.0000 10.0000 -10.0000 2.0000 -6.0000 0.5000 0.5000 0.5000 0.5000 0.5000 2.5000 1.8608 4.6092 
3.0000 24.0000 3.0000 -2.0000 0.0000 -3.3000 8 1.0000 1.0000 0.5200 8.0000 -4.0000 -12.0000 0.0000 -8.0000 4.0000 0.5674 0.6827 0.3692 0.3312 0.5523 2.5028 1.8150 4.5620 
3.0000 70.0000 3.0000 4.0000 0.0000 9.9000 2 -1.0000 1.0000 0.7550 -2.0000 6.0000 14.0000 2.0000 10.0000 -6.0000 0.3851 0.4567 0.4955 0.4465 0.7180 2.5018 1.9545 4.7111 
3.0000 47.0000 3.0000 2.0000 1.0000 3.3000 8 1.0000 0.0000 0.6250 12.0000 0.0000 -8.0000 4.0000 -4.0000 8.0000 0.5000 0.5000 0.5000 0.5000 0.5000 2.5000 1.8686 4.6092 
3.0000 37.0000 3.0000 0.0000 0.0000 -6.6000 8 1.0000 1.0000 0.5640 10.0000 -2.0000 -6.0000 2.0000 -10.0000 6.0000 0.3539 0.4605 0.7381 0.3514 0.5988 2.5027 1.8246 4.5786 
3.0000 55.0000 3.0000 2.0000 0.0000 6.6000 2 -1.0000 1.0000 0.7440 -8.0000 4.0000 12.0000 0.0000 8.0000 -4.0000 0.6234 0.5498 0.6321 0.3200 0.3713 2.4966 1.9728 4.7058 
3.0000 1.0000 3.0000 -4.0000 1.0000 -9.9000 8 1.0000 1.0000 0.4970 -14.0000 -2.0000 2.0000 -6.0000 6.0000 -10.0000 0.5000 0.5000 0.5000 0.5000 0.5000 2.5000 1.9209 4.6759 
3.0000 32.0000 3.0000 0.0000 1.0000 0.0000 8 1.0000 0.0000 2.0630 -10.0000 2.0000 6.0000 -2.0000 10.0000 -6.0000 0.5000 0.5000 0.5000 0.5000 0.5000 2.5000 1.8753 4.6258 
3.0000 48.0000 3.0000 2.0000 1.0000 6.6000 2 -1.0000 1.0000 0.8640 8.0000 0.0000 -4.0000 4.0000 -8.0000 12.0000 0.5000 0.5000 0.5000 0.5000 0.5000 2.5000 1.8024 4.5592 
3.0000 58.0000 3.0000 4.0000 1.0000 -6.6000 8 1.0000 1.0000 0.6820 -2.0000 6.0000 10.0000 2.0000 14.0000 -6.0000 0.5000 0.5000 0.5000 0.5000 0.5000 2.5000 1.8557 4.6092 
3.0000 30.0000 3.0000 0.0000 1.0000 -6.6000 8 1.0000 1.0000 0.6880 -10.0000 -2.0000 6.0000 -6.0000 10.0000 2.0000 0.5000 0.5000 0.5000 0.5000 0.5000 2.5000 1.8977 4.6425 
3.0000 45.0000 3.0000 2.0000 1.0000 -3.3000 8 1.0000 1.0000 0.4660 -8.0000 0.0000 8.0000 -4.0000 12.0000 4.0000 0.5000 0.5000 0.5000 0.5000 0.5000 2.5000 1.8170 4.5592 
3.0000 20.0000 3.0000 -2.0000 1.0000 6.6000 8 1.0000 0.0000 3.5840 0.0000 -8.0000 -12.0000 8.0000 -4.0000 4.0000 0.5000 0.5000 0.5000 0.5000 0.5000 2.5000 1.7618 4.5092 
3.0000 65.0000 3.0000 4.0000 0.0000 -6.6000 8 1.0000 1.0000 0.5310 14.0000 6.0000 -6.0000 10.0000 -2.0000 2.0000 0.5594 0.5016 0.3658 0.3401 0.7239 2.4907 1.8252 4.5667 
3.0000 22.0000 3.0000 -2.0000 0.0000 -9.9000 8 1.0000 1.0000 0.4280 8.0000 -4.0000 -12.0000 0.0000 -8.0000 4.0000 0.4481 0.3759 0.6279 0.3572 0.6923 2.5015 1.8277 4.5774 
3.0000 50.0000 3.0000 2.0000 0.0000 -9.9000 8 1.0000 1.0000 0.3400 -8.0000 0.0000 12.0000 -4.0000 8.0000 4.0000 0.3911 0.7046 0.4196 0.5515 0.4373 2.5042 1.8480 4.6134 
3.0000 17.0000 3.0000 -2.0000 1.0000 -3.3000 8 1.0000 1.0000 1.1430 -12.0000 0.0000 4.0000 -4.0000 8.0000 -8.0000 0.5000 0.5000 0.5000 0.5000 0.5000 2.5000 1.9039 4.6594 
3.0000 26.0000 3.0000 -2.0000 0.0000 3.3000 2 -1.0000 1.0000 1.5370 -8.0000 0.0000 4.0000 -4.0000 8.0000 -12.0000 0.4007 0.4943 0.3902 0.4172 0.7925 2.4949 1.9925 4.7374 
3.0000 62.0000 3.0000 4.0000 1.0000 6.6000 2 -1.0000 1.0000 0.9490 -2.0000 10.0000 14.0000 -6.0000 6.0000 2.0000 0.5000 0.5000 0.5000 0.5000 0.5000 2.5000 1.8287 4.5760 
3.0000 12.0000 3.0000 -4.0000 0.0000 3.3000 2 -1.0000 1.0000 0.9340 6.0000 -6.0000 -10.0000 -2.0000 -14.0000 2.0000 0.5689 0.3047 0.6357 0.6633 0.3301 2.5028 1.7884 4.5453 
3.0000 51.0000 3.0000 2.0000 0.0000 -6.6000 8 1.0000 1.0000 0.5400 -8.0000 0.0000 12.0000 -4.0000 8.0000 4.0000 0.3851 0.7444 0.3517 0.3847 0.6313 2.4972 1.8783 4.6230 
3.0000 28.0000 3.0000 -2.0000 0.0000 9.9000 2 -1.0000 1.0000 0.8150 8.0000 -4.0000 -12.0000 0.0000 -8.0000 4.0000 0.3154 0.7511 0.3408 0.4591 0.6406 2.5069 1.8874 4.6494 
3.0000 10.0000 3.0000 -4.0000 0.0000 -3.3000 8 1.0000 1.0000 0.5890 -2.0000 -10.0000 -14.0000 6.0000 -6.0000 2.0000 0.4787 0.6921 0.5115 0.3715 0.4446 2.4984 1.9550 4.7077 
3.0000 49.0000 3.0000 2.0000 1.0000 9.9000 2 -1.0000 1.0000 0.8660 0.0000 8.0000 12.0000 -8.0000 4.0000 -4.0000 0.5000 0.5000 0.5000 0.5000 0.5000 2.5000 1.8477 4.5925 
3.0000 8.0000 3.0000 -4.0000 0.0000 -9.9000 8 1.0000 1.0000 0.7910 -6.0000 2.0000 6.0000 -14.0000 -2.0000 -10.0000 0.4028 0.7171 0.3193 0.7508 0.3099 2.4999 1.7796 4.5257 
3.0000 34.0000 3.0000 0.0000 1.0000 6.6000 2 -1.0000 1.0000 0.7560 -6.0000 6.0000 10.0000 -10.0000 2.0000 -2.0000 0.5000 0.5000 0.5000 0.5000 0.5000 2.5000 1.7624 4.5258 
3.0000 66.0000 3.0000 4.0000 0.0000 -3.3000 8 1.0000 1.0000 0.6200 10.0000 -2.0000 -6.0000 14.0000 2.0000 6.0000 0.3335 0.6070 0.5560 0.4551 0.5422 2.4937 1.7736 4.5195 
3.0000 61.0000 3.0000 4.0000 1.0000 3.3000 2 -1.0000 1.0000 0.8170 -2.0000 6.0000 10.0000 2.0000 14.0000 -6.0000 0.5000 0.5000 0.5000 0.5000 0.5000 2.5000 1.8062 4.5593 
3.0000 13.0000 3.0000 -4.0000 0.0000 6.6000 2 -1.0000 1.0000 0.5870 -10.0000 -2.0000 6.0000 -6.0000 2.0000 -14.0000 0.3439 0.4080 0.7383 0.6931 0.3245 2.5078 1.8343 4.6003 
3.0000 21.0000 3.0000 -2.0000 1.0000 9.9000 2 -1.0000 1.0000 0.5620 -12.0000 -4.0000 4.0000 -8.0000 8.0000 0.0000 0.5000 0.5000 0.5000 0.5000 0.5000 2.5000 1.7786 4.5260 
3.0000 67.0000 3.0000 4.0000 0.0000 0.0000 2 -1.0000 0.0000 1.3000 -6.0000 6.0000 14.0000 2.0000 10.0000 -2.0000 0.6219 0.5711 0.3181 0.5773 0.4087 2.4970 1.7625 4.5062 
3.0000 54.0000 3.0000 2.0000 0.0000 3.3000 2 -1.0000 1.0000 2.8690 -8.0000 4.0000 8.0000 0.0000 12.0000 -4.0000 0.5930 0.4169 0.5852 0.3410 0.5722 2.5084 1.7555 4.5175 
3.0000 23.0000 3.0000 -2.0000 0.0000 -6.6000 8 1.0000 1.0000 0.6340 -4.0000 4.0000 8.0000 -12.0000 0.0000 -8.0000 0.5666 0.7312 0.3251 0.5233 0.3503 2.4965 1.7806 4.5223 
3.0000 52.0000 3.0000 2.0000 0.0000 -3.3000 8 1.0000 1.0000 0.8630 12.0000 0.0000 -4.0000 4.0000 -8.0000 8.0000 0.4108 0.3274 0.6218 0.7050 0.4346 2.4996 1.9330 4.6755 
3.0000 5.0000 3.0000 -4.0000 1.0000 3.3000 8 1.0000 0.0000 2.6360 6.0000 -6.0000 -10.0000 -2.0000 -14.0000 2.0000 0.5000 0.5000 0.5000 0.5000 0.5000 2.5000 1.8007 4.5591 
3.0000 46.0000 3.0000 2.0000 1.0000 0.0000 8 1.0000 0.0000 0.6300 12.0000 0.0000 -4.0000 4.0000 -8.0000 8.0000 0.5000 0.5000 0.5000 0.5000 0.5000 2.5000 1.7716 4.5257 
3.0000 29.0000 3.0000 0.0000 1.0000 -9.9000 8 1.0000 1.0000 0.5510 6.0000 -2.0000 -6.0000 2.0000 -10.0000 10.0000 0.5000 0.5000 0.5000 0.5000 0.5000 2.5000 1.9100 4.6592 
3.0000 38.0000 3.0000 0.0000 0.0000 -3.3000 8 1.0000 1.0000 0.5350 -6.0000 2.0000 10.0000 -2.0000 6.0000 -10.0000 0.6333 0.4385 0.3571 0.7046 0.3683 2.5018 1.9865 4.7446 
3.0000 14.0000 3.0000 -4.0000 0.0000 9.9000 2 -1.0000 1.0000 1.1120 -14.0000 -6.0000 2.0000 -10.0000 6.0000 -2.0000 0.7458 0.3018 0.3536 0.5860 0.5067 2.4940 1.7896 4.5366 
3.0000 35.0000 3.0000 0.0000 1.0000 9.9000 2 -1.0000 1.0000 0.8050 10.0000 2.0000 -6.0000 6.0000 -10.0000 -2.0000 0.5000 0.5000 0.5000 0.5000 0.5000 2.5000 1.8526 4.6091 
3.0000 16.0000 3.0000 -2.0000 1.0000 -6.6000 8 1.0000 1.0000 0.8280 -12.0000 -4.0000 4.0000 -8.0000 8.0000 0.0000 0.5000 0.5000 0.5000 0.5000 0.5000 2.5000 1.9853 4.7260 
3.0000 18.0000 3.0000 -2.0000 1.0000 0.0000 8 1.0000 0.0000 0.8760 -12.0000 0.0000 8.0000 -4.0000 4.0000 -8.0000 0.5000 0.5000 0.5000 0.5000 0.5000 2.5000 1.8979 4.6426 
3.0000 41.0000 3.0000 0.0000 0.0000 6.6000 2 -1.0000 1.0000 0.7940 -6.0000 2.0000 10.0000 -2.0000 6.0000 -10.0000 0.6206 0.5488 0.4376 0.3740 0.5177 2.4986 1.9661 4.7078 
3.0000 69.0000 3.0000 4.0000 0.0000 6.6000 2 -1.0000 1.0000 0.6910 10.0000 2.0000 -2.0000 6.0000 -6.0000 14.0000 0.3323 0.4783 0.3922 0.7720 0.5292 2.5039 1.8817 4.6466 
3.0000 64.0000 3.0000 4.0000 0.0000 -9.9000 8 1.0000 1.0000 0.7090 14.0000 2.0000 -2.0000 6.0000 -6.0000 10.0000 0.6926 0.4497 0.6841 0.3208 0.3495 2.4966 1.9748 4.7227 
3.0000 43.0000 3.0000 2.0000 1.0000 -9.9000 8 1.0000 1.0000 0.8340 -8.0000 4.0000 8.0000 0.0000 12.0000 -4.0000 0.5000 0.5000 0.5000 0.5000 0.5000 2.5000 1.8844 4.6425 
3.0000 40.0000 3.0000 0.0000 0.0000 3.3000 8 1.0000 0.0000 1.7030 2.0000 -6.0000 -10.0000 10.0000 -2.0000 6.0000 0.6647 0.3752 0.3489 0.5877 0.5245 2.5009 1.9982 4.7602 
3.0000 44.0000 3.0000 2.0000 1.0000 -6.6000 8 1.0000 1.0000 0.9690 -8.0000 4.0000 12.0000 0.0000 8.0000 -4.0000 0.5000 0.5000 0.5000 0.5000 0.5000 2.5000 1.9430 4.6927 
3.0000 68.0000 3.0000 4.0000 0.0000 3.3000 8 1.0000 0.0000 0.7730 -2.0000 6.0000 10.0000 2.0000 14.0000 -6.0000 0.7144 0.3330 0.4216 0.4845 0.5422 2.4957 1.8732 4.6216 
3.0000 25.0000 3.0000 -2.0000 0.0000 0.0000 8 1.0000 0.0000 0.8460 8.0000 0.0000 -12.0000 4.0000 -8.0000 -4.0000 0.3498 0.4519 0.6203 0.4247 0.6507 2.4974 1.7967 4.5399 
3.0000 27.0000 3.0000 -2.0000 0.0000 6.6000 2 -1.0000 1.0000 2.1930 -12.0000 -4.0000 4.0000 -8.0000 8.0000 0.0000 0.3444 0.5410 0.7250 0.5437 0.3434 2.4974 1.9638 4.7065 
3.0000 15.0000 3.0000 -2.0000 1.0000 -9.9000 8 1.0000 1.0000 1.3230 8.0000 -4.0000 -8.0000 0.0000 -12.0000 4.0000 0.5000 0.5000 0.5000 0.5000 0.5000 2.5000 1.8774 4.6259 
3.0000 39.0000 3.0000 0.0000 0.0000 0.0000 8 1.0000 0.0000 0.5460 -10.0000 -2.0000 6.0000 -6.0000 10.0000 2.0000 0.3005 0.6295 0.6746 0.5727 0.3307 2.5080 1.8414 4.6005 
3.0000 56.0000 3.0000 2.0000 0.0000 9.9000 2 -1.0000 1.0000 0.7590 12.0000 4.0000 -8.0000 8.0000 -4.0000 0.0000 0.6948 0.4329 0.5046 0.4599 0.4019 2.4940 1.8470 4.6033 
3.0000 3.0000 3.0000 -4.0000 1.0000 -3.3000 8 1.0000 1.0000 0.5310 -10.0000 2.0000 6.0000 -14.0000 -2.0000 -6.0000 0.5000 0.5000 0.5000 0.5000 0.5000 2.5000 1.9005 4.6593 
3.0000 63.0000 3.0000 4.0000 1.0000 9.9000 2 -1.0000 1.0000 0.6220 14.0000 6.0000 -6.0000 10.0000 -2.0000 2.0000 0.5000 0.5000 0.5000 0.5000 0.5000 2.5000 1.9477 4.6927 
3.0000 60.0000 3.0000 4.0000 1.0000 0.0000 2 -1.0000 0.0000 1.5920 10.0000 2.0000 -2.0000 6.0000 -6.0000 14.0000 0.5000 0.5000 0.5000 0.5000 0.5000 2.5000 1.8008 4.5592 
3.0000 19.0000 3.0000 -2.0000 1.0000 3.3000 2 -1.0000 1.0000 0.7760 -8.0000 4.0000 8.0000 -12.0000 0.0000 -4.0000 0.5000 0.5000 0.5000 0.5000 0.5000 2.5000 1.7675 4.5092 
3.0000 9.0000 3.0000 -4.0000 0.0000 -6.6000 8 1.0000 1.0000 0.5050 6.0000 -2.0000 -10.0000 2.0000 -14.0000 -6.0000 0.5683 0.3863 0.6524 0.3218 0.5805 2.5093 1.9497 4.7019 
3.0000 7.0000 3.0000 -4.0000 1.0000 9.9000 2 -1.0000 1.0000 0.5960 -6.0000 2.0000 6.0000 -14.0000 -2.0000 -10.0000 0.5000 0.5000 0.5000 0.5000 0.5000 2.5000 1.9584 4.7093 
3.0000 57.0000 3.0000 4.0000 1.0000 -9.9000 8 1.0000 1.0000 1.2910 10.0000 2.0000 -6.0000 6.0000 -2.0000 14.0000 0.5000 0.5000 0.5000 0.5000 0.5000 2.5000 1.8528 4.5925 
3.0000 11.0000 3.0000 -4.0000 0.0000 0.0000 8 1.0000 0.0000 2.2350 2.0000 -6.0000 -10.0000 -2.0000 -14.0000 6.0000 0.6187 0.3817 0.5617 0.3777 0.5641 2.5038 1.9823 4.7297 
3.0000 53.0000 3.0000 2.0000 0.0000 0.0000 8 1.0000 0.0000 1.7400 8.0000 -4.0000 -8.0000 12.0000 0.0000 4.0000 0.5809 0.6584 0.4349 0.4690 0.3609 2.5042 1.8469 4.6134 
3.0000 59.0000 3.0000 4.0000 1.0000 -3.3000 8 1.0000 1.0000 0.6200 14.0000 6.0000 -2.0000 10.0000 -6.0000 2.0000 0.5000 0.5000 0.5000 0.5000 0.5000 2.5000 1.7648 4.5257 
3.0000 42.0000 3.0000 0.0000 0.0000 9.9000 2 -1.0000 1.0000 0.6140 10.0000 -2.0000 -6.0000 2.0000 -10.0000 6.0000 0.4991 0.6742 0.3160 0.6820 0.3344 2.5056 1.8306 4.5814 
3.0000 4.0000 3.0000 -4.0000 1.0000 0.0000 8 1.0000 0.0000 0.9090 -10.0000 -2.0000 6.0000 -6.0000 2.0000 -14.0000 0.5000 0.5000 0.5000 0.5000 0.5000 2.5000 1.7818 4.5258 
3.0000 36.0000 3.0000 0.0000 0.0000 -9.9000 8 1.0000 1.0000 0.5810 -10.0000 2.0000 10.0000 -2.0000 6.0000 -6.0000 0.4370 0.5444 0.3199 0.5043 0.6873 2.4930 1.9915 4.7355 
3.0000 6.0000 3.0000 -4.0000 1.0000 6.6000 2 -1.0000 1.0000 0.9140 -14.0000 -2.0000 2.0000 -6.0000 6.0000 -10.0000 0.5000 0.5000 0.5000 0.5000 0.5000 2.5000 1.8480 4.5925 
3.0000 2.0000 3.0000 -4.0000 1.0000 -6.6000 8 1.0000 1.0000 1.6840 6.0000 -2.0000 -10.0000 2.0000 -14.0000 -6.0000 0.5000 0.5000 0.5000 0.5000 0.5000 2.5000 1.9837 4.7259 
3.0000 33.0000 3.0000 0.0000 1.0000 3.3000 8 1.0000 0.0000 3.7900 -10.0000 -2.0000 10.0000 -6.0000 6.0000 2.0000 0.5000 0.5000 0.5000 0.5000 0.5000 2.5000 1.7858 4.5258 
3.0000 4.0000 4.0000 -4.0000 1.0000 0.0000 8 1.0000 0.0000 1.4570 -14.0000 -6.0000 6.0000 -10.0000 2.0000 -2.0000 0.5000 0.5000 0.5000 0.5000 0.5000 2.5000 1.9504 4.7093 
3.0000 8.0000 4.0000 -4.0000 0.0000 -9.9000 8 1.0000 1.0000 0.5820 2.0000 -6.0000 -10.0000 -2.0000 -14.0000 6.0000 0.6620 0.5028 0.6196 0.3000 0.4098 2.4941 1.9360 4.6867 
3.0000 47.0000 4.0000 2.0000 1.0000 3.3000 8 1.0000 0.0000 0.5160 -8.0000 4.0000 8.0000 0.0000 12.0000 -4.0000 0.5000 0.5000 0.5000 0.5000 0.5000 2.5000 1.9973 4.7425 
3.0000 15.0000 4.0000 -2.0000 1.0000 -9.9000 8 1.0000 1.0000 0.5110 8.0000 0.0000 -12.0000 4.0000 -8.0000 -4.0000 0.5000 0.5000 0.5000 0.5000 0.5000 2.5000 1.9722 4.7258 
3.0000 59.0000 4.0000 4.0000 1.0000 -3.3000 8 1.0000 1.0000 0.6470 -2.0000 10.0000 14.0000 -6.0000 6.0000 2.0000 0.5000 0.5000 0.5000 0.5000 0.5000 2.5000 1.8682 4.6092 
3.0000 65.0000 4.0000 4.0000 0.0000 -6.6000 8 1.0000 1.0000 0.5250 -6.0000 2.0000 14.0000 -2.0000 10.0000 6.0000 0.3108 0.7809 0.5259 0.4688 0.4144 2.5008 1.9428 4.6936 
3.0000 31.0000 4.0000 0.0000 1.0000 -3.3000 8 1.0000 1.0000 0.5130 6.0000 -6.0000 -10.0000 10.0000 -2.0000 2.0000 0.5000 0.5000 0.5000 0.5000 0.5000 2.5000 1.8376 4.5925 
3.0000 39.0000 4.0000 0.0000 0.0000 0.0000 2 -1.0000 0.0000 2.6650 -10.0000 2.0000 6.0000 -2.0000 10.0000 -6.0000 0.4439 0.5851 0.5030 0.6433 0.3269 2.5023 1.8453 4.6117 
3.0000 64.0000 4.0000 4.0000 0.0000 -9.9000 8 1.0000 1.0000 0.4730 10.0000 2.0000 -2.0000 6.0000 -6.0000 14.0000 0.3612 0.5223 0.3454 0.4733 0.7997 2.5020 1.8507 4.6113 
3.0000 67.0000 4.0000 4.0000 0.0000 0.0000 8 1.0000 0.0000 1.0430 2.0000 10.0000 14.0000 -6.0000 6.0000 -2.0000 0.3163 0.7591 0.6496 0.4068 0.3726 2.5045 1.9663 4.7304 
3.0000 60.0000 4.0000 4.0000 1.0000 0.0000 2 -1.0000 0.0000 1.8150 -2.0000 10.0000 14.0000 -6.0000 6.0000 2.0000 0.5000 0.5000 0.5000 0.5000 0.5000 2.5000 1.8149 4.5593 
3.0000 57.0000 4.0000 4.0000 1.0000 -9.9000 8 1.0000 1.0000 0.6770 14.0000 2.0000 -6.0000 6.0000 -2.0000 10.0000 0.5000 0.5000 0.5000 0.5000 0.5000 2.5000 1.9623 4.7092 
3.0000 22.0000 4.0000 -2.0000 0.0000 -9.9000 8 1.0000 1.0000 0.5060 4.0000 -4.0000 -8.0000 0.0000 -12.0000 8.0000 0.5890 0.4380 0.3042 0.5443 0.6231 2.4986 1.9512 4.6912 
3.0000 24.0000 4.0000 -2.0000 0.0000 -3.3000 8 1.0000 1.0000 0.9820 -12.0000 0.0000 4.0000 -4.0000 8.0000 -8.0000 0.3141 0.5873 0.5044 0.4624 0.6317 2.4999 1.9151 4.6592 
3.0000 35.0000 4.0000 0.0000 1.0000 9.9000 2 -1.0000 1.0000 0.8320 -10.0000 -2.0000 10.0000 -6.0000 6.0000 2.0000 0.5000 0.5000 0.5000 0.5000 0.5000 2.5000 1.9060 4.6426 
3.0000 11.0000 4.0000 -4.0000 0.0000 0.0000 2 -1.0000 0.0000 1.0090 2.0000 -6.0000 -10.0000 -2.0000 -14.0000 6.0000 0.5983 0.4042 0.3052 0.7316 0.4666 2.5059 1.8989 4.6483 
3.0000 48.0000 4.0000 2.0000 1.0000 6.6000 2 -1.0000 1.0000 0.6380 12.0000 0.0000 -8.0000 4.0000 -4.0000 8.0000 0.5000 0.5000 0.5000 0.5000 0.5000 2.5000 1.9641 4.7259 
3.0000 23.0000 4.0000 -2.0000 0.0000 -6.6000 8 1.0000 1.0000 0.8790 8.0000 -4.0000 -8.0000 0.0000 -12.0000 4.0000 0.5653 0.7625 0.4502 0.4021 0.3243 2.5046 1.8712 4.6306 
3.0000 51.0000 4.0000 2.0000 0.0000 -6.6000 8 1.0000 1.0000 1.7930 -4.0000 8.0000 12.0000 -8.0000 4.0000 0.0000 0.5582 0.3555 0.7535 0.4409 0.3887 2.4969 1.7753 4.5228 
3.0000 34.0000 4.0000 0.0000 1.0000 6.6000 8 1.0000 0.0000 0.8550 2.0000 -6.0000 -10.0000 10.0000 -2.0000 6.0000 0.5000 0.5000 0.5000 0.5000 0.5000 2.5000 1.9791 4.7258 
3.0000 33.0000 4.0000 0.0000 1.0000 3.3000 2 -1.0000 1.0000 4.0270 6.0000 -2.0000 -6.0000 2.0000 -10.0000 10.0000 0.5000 0.5000 0.5000 0.5000 0.5000 2.5000 1.8153 4.5593 
3.0000 10.0000 4.0000 -4.0000 0.0000 -3.3000 8 1.0000 1.0000 0.6660 6.0000 -6.0000 -10.0000 -2.0000 -14.0000 2.0000 0.5657 0.4020 0.5817 0.5220 0.4287 2.5002 1.9226 4.6761 
3.0000 38.0000 4.0000 0.0000 0.0000 -3.3000 8 1.0000 1.0000 0.8230 10.0000 -2.0000 -10.0000 2.0000 -6.0000 6.0000 0.4152 0.3085 0.5708 0.4978 0.7123 2.5046 1.9459 4.6972 
3.0000 37.0000 4.0000 0.0000 0.0000 -6.6000 8 1.0000 1.0000 0.5720 2.0000 -6.0000 -10.0000 10.0000 -2.0000 6.0000 0.5074 0.6341 0.4017 0.6476 0.3024 2.4933 1.9945 4.7358 
3.0000 68.0000 4.0000 4.0000 0.0000 3.3000 2 -1.0000 1.0000 1.1160 -2.0000 10.0000 14.0000 -6.0000 6.0000 2.0000 0.4940 0.5655 0.3278 0.6876 0.4321 2.5069 1.9591 4.7162 
3.0000 50.0000 4.0000 2.0000 0.0000 -9.9000 8 1.0000 1.0000 0.6370 -8.0000 4.0000 8.0000 0.0000 12.0000 -4.0000 0.4035 0.7501 0.3395 0.5262 0.4833 2.5027 1.7695 4.5286 
3.0000 45.0000 4.0000 2.0000 1.0000 -3.3000 8 1.0000 1.0000 0.7830 12.0000 0.0000 -4.0000 4.0000 -8.0000 8.0000 0.5000 0.5000 0.5000 0.5000 0.5000 2.5000 1.8756 4.6259 
3.0000 54.0000 4.0000 2.0000 0.0000 3.3000 2 -1.0000 1.0000 0.8350 12.0000 4.0000 -4.0000 8.0000 -8.0000 0.0000 0.3481 0.7516 0.3933 0.4323 0.5763 2.5017 1.8145 4.5775 
3.0000 69.0000 4.0000 4.0000 0.0000 6.6000 2 -1.0000 1.0000 0.7190 14.0000 6.0000 -2.0000 10.0000 -6.0000 2.0000 0.5619 0.6497 0.3373 0.6198 0.3365 2.5052 1.8286 4.5811 
3.0000 9.0000 4.0000 -4.0000 0.0000 -6.6000 8 1.0000 1.0000 0.5490 -14.0000 -6.0000 6.0000 -10.0000 2.0000 -2.0000 0.3315 0.5780 0.5004 0.6471 0.4423 2.4994 1.8918 4.6419 
3.0000 1.0000 4.0000 -4.0000 1.0000 -9.9000 8 1.0000 1.0000 0.4030 -14.0000 -6.0000 2.0000 -10.0000 6.0000 -2.0000 0.5000 0.5000 0.5000 0.5000 0.5000 2.5000 1.8124 4.5592 
3.0000 27.0000 4.0000 -2.0000 0.0000 6.6000 2 -1.0000 1.0000 2.4970 8.0000 -4.0000 -12.0000 0.0000 -8.0000 4.0000 0.6529 0.4356 0.3662 0.3068 0.7372 2.4987 1.8219 4.5745 
3.0000 26.0000 4.0000 -2.0000 0.0000 3.3000 2 -1.0000 1.0000 1.0300 -12.0000 -4.0000 4.0000 -8.0000 8.0000 0.0000 0.6549 0.3720 0.5870 0.4154 0.4673 2.4966 1.8838 4.6225 
3.0000 36.0000 4.0000 0.0000 0.0000 -9.9000 8 1.0000 1.0000 0.4870 -6.0000 6.0000 10.0000 -10.0000 2.0000 -2.0000 0.5359 0.6590 0.3265 0.6699 0.3073 2.4985 1.9000 4.6411 
3.0000 53.0000 4.0000 2.0000 0.0000 0.0000 8 1.0000 0.0000 1.2230 12.0000 4.0000 -8.0000 8.0000 -4.0000 0.0000 0.4048 0.3670 0.7353 0.6201 0.3793 2.5065 1.8277 4.5990 
3.0000 20.0000 4.0000 -2.0000 1.0000 6.6000 2 -1.0000 1.0000 1.0340 8.0000 -4.0000 -12.0000 0.0000 -8.0000 4.0000 0.5000 0.5000 0.5000 0.5000 0.5000 2.5000 1.9819 4.7426 
3.0000 2.0000 4.0000 -4.0000 1.0000 -6.6000 8 1.0000 1.0000 0.5040 -14.0000 -6.0000 2.0000 -10.0000 6.0000 -2.0000 0.5000 0.5000 0.5000 0.5000 0.5000 2.5000 1.9434 4.6926 
3.0000 55.0000 4.0000 2.0000 0.0000 6.6000 2 -1.0000 1.0000 0.6180 -8.0000 4.0000 8.0000 0.0000 12.0000 -4.0000 0.3037 0.4607 0.5603 0.6736 0.5072 2.5055 1.9827 4.7482 
3.0000 46.0000 4.0000 2.0000 1.0000 0.0000 8 1.0000 0.0000 0.7350 12.0000 0.0000 -4.0000 4.0000 -8.0000 8.0000 0.5000 0.5000 0.5000 0.5000 0.5000 2.5000 1.8376 4.5925 
3.0000 18.0000 4.0000 -2.0000 1.0000 0.0000 8 1.0000 0.0000 0.6940 -12.0000 0.0000 8.0000 -4.0000 4.0000 -8.0000 0.5000 0.5000 0.5000 0.5000 0.5000 2.5000 1.9958 4.7425 
3.0000 29.0000 4.0000 0.0000 1.0000 -9.9000 8 1.0000 1.0000 0.5460 -10.0000 -2.0000 10.0000 -6.0000 6.0000 2.0000 0.5000 0.5000 0.5000 0.5000 0.5000 2.5000 1.9572 4.7093 
3.0000 62.0000 4.0000 4.0000 1.0000 6.6000 2 -1.0000 1.0000 0.6380 14.0000 2.0000 -6.0000 6.0000 -2.0000 10.0000 0.5000 0.5000 0.5000 0.5000 0.5000 2.5000 1.8730 4.6259 
3.0000 13.0000 4.0000 -4.0000 0.0000 6.6000 8 1.0000 0.0000 0.7480 2.0000 -6.0000 -14.0000 -2.0000 -10.0000 6.0000 0.4250 0.5341 0.4651 0.6493 0.4279 2.5013 1.8023 4.5440 
3.0000 7.0000 4.0000 -4.0000 1.0000 9.9000 2 -1.0000 1.0000 0.8340 -10.0000 -2.0000 2.0000 -6.0000 6.0000 -14.0000 0.5000 0.5000 0.5000 0.5000 0.5000 2.5000 1.8085 4.5591 
3.0000 21.0000 4.0000 -2.0000 1.0000 9.9000 2 -1.0000 1.0000 2.1850 -8.0000 4.0000 8.0000 -12.0000 0.0000 -4.0000 0.5000 0.5000 0.5000 0.5000 0.5000 2.5000 1.7871 4.5424 
3.0000 5.0000 4.0000 -4.0000 1.0000 3.3000 8 1.0000 0.0000 2.5730 -10.0000 -2.0000 2.0000 -6.0000 6.0000 -14.0000 0.5000 0.5000 0.5000 0.5000 0.5000 2.5000 1.9919 4.7425 
3.0000 17.0000 4.0000 -2.0000 1.0000 -3.3000 8 1.0000 1.0000 1.6640 8.0000 -4.0000 -8.0000 0.0000 -12.0000 4.0000 0.5000 0.5000 0.5000 0.5000 0.5000 2.5000 1.8721 4.6259 
3.0000 63.0000 4.0000 4.0000 1.0000 9.9000 2 -1.0000 1.0000 0.7870 -2.0000 6.0000 14.0000 2.0000 10.0000 -6.0000 0.5000 0.5000 0.5000 0.5000 0.5000 2.5000 1.8125 4.5592 
3.0000 25.0000 4.0000 -2.0000 0.0000 0.0000 8 1.0000 0.0000 1.0730 8.0000 0.0000 -12.0000 4.0000 -8.0000 -4.0000 0.6657 0.5911 0.4211 0.3486 0.4770 2.5036 1.7979 4.5463 
3.0000 19.0000 4.0000 -2.0000 1.0000 3.3000 8 1.0000 0.0000 1.2510 8.0000 0.0000 -8.0000 4.0000 -12.0000 -4.0000 0.5000 0.5000 0.5000 0.5000 0.5000 2.5000 1.7903 4.5424 
3.0000 43.0000 4.0000 2.0000 1.0000 -9.9000 8 1.0000 1.0000 0.7910 12.0000 0.0000 -8.0000 4.0000 -4.0000 8.0000 0.5000 0.5000 0.5000 0.5000 0.5000 2.5000 1.9898 4.7427 
3.0000 52.0000 4.0000 2.0000 0.0000 -3.3000 8 1.0000 1.0000 0.6610 -8.0000 0.0000 12.0000 -4.0000 8.0000 4.0000 0.3237 0.6493 0.3877 0.4916 0.6577 2.5100 1.7907 4.5359 
3.0000 41.0000 4.0000 0.0000 0.0000 6.6000 2 -1.0000 1.0000 0.5740 10.0000 -2.0000 -10.0000 2.0000 -6.0000 6.0000 0.3935 0.6677 0.4857 0.3454 0.6145 2.5068 1.8208 4.5827 
3.0000 12.0000 4.0000 -4.0000 0.0000 3.3000 8 1.0000 0.0000 0.8210 2.0000 -6.0000 -10.0000 -2.0000 -14.0000 6.0000 0.4725 0.3573 0.5628 0.5045 0.6086 2.5057 1.7928 4.5484 
3.0000 30.0000 4.0000 0.0000 1.0000 -6.6000 8 1.0000 1.0000 0.9430 6.0000 -2.0000 -10.0000 2.0000 -6.0000 10.0000 0.5000 0.5000 0.5000 0.5000 0.5000 2.5000 1.8194 4.5758 
3.0000 3.0000 4.0000 -4.0000 1.0000 -3.3000 8 1.0000 1.0000 1.4720 6.0000 -2.0000 -10.0000 2.0000 -14.0000 -6.0000 0.5000 0.5000 0.5000 0.5000 0.5000 2.5000 1.9843 4.7426 
3.0000 49.0000 4.0000 2.0000 1.0000 9.9000 2 -1.0000 1.0000 0.7470 12.0000 0.0000 -8.0000 4.0000 -4.0000 8.0000 0.5000 0.5000 0.5000 0.5000 0.5000 2.5000 1.7529 4.5092 
3.0000 58.0000 4.0000 4.0000 1.0000 -6.6000 8 1.0000 1.0000 0.5420 14.0000 6.0000 -6.0000 10.0000 -2.0000 2.0000 0.5000 0.5000 0.5000 0.5000 0.5000 2.5000 1.9241 4.6760 
3.0000 66.0000 4.0000 4.0000 0.0000 -3.3000 8 1.0000 1.0000 0.6010 10.0000 -2.0000 -6.0000 14.0000 2.0000 6.0000 0.3241 0.7271 0.3079 0.7898 0.3489 2.4978 1.7651 4.5071 
3.0000 61.0000 4.0000 4.0000 1.0000 3.3000 2 -1.0000 1.0000 1.0240 14.0000 6.0000 -2.0000 10.0000 -6.0000 2.0000 0.5000 0.5000 0.5000 0.5000 0.5000 2.5000 1.9350 4.6761 
3.0000 14.0000 4.0000 -4.0000 0.0000 9.9000 2 -1.0000 1.0000 0.7340 6.0000 -6.0000 -10.0000 -2.0000 -14.0000 2.0000 0.6011 0.7070 0.3722 0.4628 0.3659 2.5090 1.7990 4.5515 
3.0000 32.0000 4.0000 0.0000 1.0000 0.0000 8 1.0000 0.0000 0.5680 -10.0000 -2.0000 6.0000 -6.0000 10.0000 2.0000 0.5000 0.5000 0.5000 0.5000 0.5000 2.5000 1.8878 4.6426 
3.0000 70.0000 4.0000 4.0000 0.0000 9.9000 2 -1.0000 1.0000 0.5760 14.0000 6.0000 -2.0000 10.0000 -6.0000 2.0000 0.4769 0.4029 0.6291 0.5191 0.4631 2.4912 1.9652 4.7170 
3.0000 42.0000 4.0000 0.0000 0.0000 9.9000 2 -1.0000 1.0000 0.8210 2.0000 -6.0000 -10.0000 10.0000 -2.0000 6.0000 0.5195 0.3855 0.4676 0.5337 0.5958 2.5022 1.8168 4.5781 
3.0000 44.0000 4.0000 2.0000 1.0000 -6.6000 8 1.0000 1.0000 0.4830 0.0000 8.0000 12.0000 -8.0000 4.0000 -4.0000 0.5000 0.5000 0.5000 0.5000 0.5000 2.5000 1.7841 4.5426 
3.0000 6.0000 4.0000 -4.0000 1.0000 6.6000 2 -1.0000 1.0000 1.1510 -14.0000 -2.0000 6.0000 -6.0000 2.0000 -10.0000 0.5000 0.5000 0.5000 0.5000 0.5000 2.5000 1.9171 4.6759 
3.0000 40.0000 4.0000 0.0000 0.0000 3.3000 2 -1.0000 1.0000 1.9910 6.0000 -2.0000 -6.0000 2.0000 -10.0000 10.0000 0.3119 0.6440 0.4331 0.7220 0.3964 2.5074 1.9851 4.7501 
3.0000 16.0000 4.0000 -2.0000 1.0000 -6.6000 8 1.0000 1.0000 0.7290 -12.0000 -4.0000 8.0000 -8.0000 4.0000 0.0000 0.5000 0.5000 0.5000 0.5000 0.5000 2.5000 1.9087 4.6594 
3.0000 56.0000 4.0000 2.0000 0.0000 9.9000 2 -1.0000 1.0000 0.5490 8.0000 0.0000 -4.0000 4.0000 -8.0000 12.0000 0.5189 0.5878 0.4045 0.4567 0.5335 2.5014 1.8820 4.6273 
3.0000 28.0000 4.0000 -2.0000 0.0000 9.9000 8 1.0000 0.0000 4.3550 -4.0000 4.0000 8.0000 -12.0000 0.0000 -8.0000 0.4387 0.7600 0.3216 0.6163 0.3623 2.4989 1.8697 4.6082 
3.0000 10.0000 5.0000 -4.0000 0.0000 -3.3000 8 1.0000 1.0000 0.4260 6.0000 -2.0000 -10.0000 2.0000 -14.0000 -6.0000 0.3582 0.6265 0.4240 0.7851 0.3048 2.4986 1.9820 4.7245 
3.0000 35.0000 5.0000 0.0000 1.0000 9.9000 2 -1.0000 1.0000 0.8820 10.0000 -2.0000 -6.0000 2.0000 -10.0000 6.0000 0.5000 0.5000 0.5000 0.5000 0.5000 2.5000 1.9453 4.6926 
3.0000 57.0000 5.0000 4.0000 1.0000 -9.9000 8 1.0000 1.0000 0.6480 10.0000 2.0000 -6.0000 6.0000 -2.0000 14.0000 0.5000 0.5000 0.5000 0.5000 0.5000 2.5000 1.8947 4.6594 
3.0000 44.0000 5.0000 2.0000 1.0000 -6.6000 8 1.0000 1.0000 0.5020 12.0000 0.0000 -4.0000 4.0000 -8.0000 8.0000 0.5000 0.5000 0.5000 0.5000 0.5000 2.5000 1.9036 4.6592 
3.0000 2.0000 5.0000 -4.0000 1.0000 -6.6000 8 1.0000 1.0000 0.6030 6.0000 -2.0000 -14.0000 2.0000 -10.0000 -6.0000 0.5000 0.5000 0.5000 0.5000 0.5000 2.5000 1.9157 4.6758 
3.0000 61.0000 5.0000 4.0000 1.0000 3.3000 2 -1.0000 1.0000 2.8240 14.0000 6.0000 -2.0000 10.0000 -6.0000 2.0000 0.5000 0.5000 0.5000 0.5000 0.5000 2.5000 1.8316 4.5758 
3.0000 45.0000 5.0000 2.0000 1.0000 -3.3000 8 1.0000 1.0000 0.6450 -4.0000 4.0000 12.0000 0.0000 8.0000 -8.0000 0.5000 0.5000 0.5000 0.5000 0.5000 2.5000 1.7533 4.5092 
3.0000 68.0000 5.0000 4.0000 0.0000 3.3000 2 -1.0000 1.0000 2.3140 -6.0000 2.0000 14.0000 -2.0000 10.0000 6.0000 0.6998 0.3683 0.3398 0.5246 0.5751 2.5077 1.7542 4.5169 
3.0000 30.0000 5.0000 0.0000 1.0000 -6.6000 8 1.0000 1.0000 0.6760 2.0000 -6.0000 -10.0000 10.0000 -2.0000 6.0000 0.5000 0.5000 0.5000 0.5000 0.5000 2.5000 1.9691 4.7092 
3.0000 3.0000 5.0000 -4.0000 1.0000 -3.3000 8 1.0000 1.0000 0.5760 2.0000 -10.0000 -14.0000 6.0000 -6.0000 -2.0000 0.5000 0.5000 0.5000 0.5000 0.5000 2.5000 1.9670 4.7094 
3.0000 13.0000 5.0000 -4.0000 0.0000 6.6000 2 -1.0000 1.0000 1.6210 -10.0000 -2.0000 2.0000 -6.0000 6.0000 -14.0000 0.5681 0.5398 0.6344 0.4019 0.3655 2.5098 1.8562 4.6022 
3.0000 12.0000 5.0000 -4.0000 0.0000 3.3000 2 -1.0000 1.0000 2.8690 2.0000 -6.0000 -10.0000 -2.0000 -14.0000 6.0000 0.5796 0.4352 0.3230 0.3797 0.7876 2.5051 1.8986 4.6643 
3.0000 42.0000 5.0000 0.0000 0.0000 9.9000 2 -1.0000 1.0000 0.9100 -10.0000 2.0000 10.0000 -2.0000 6.0000 -6.0000 0.6922 0.3437 0.4872 0.5657 0.4069 2.4957 1.9789 4.7216 
3.0000 66.0000 5.0000 4.0000 0.0000 -3.3000 8 1.0000 1.0000 0.4810 10.0000 2.0000 -6.0000 6.0000 -2.0000 14.0000 0.3325 0.6338 0.4656 0.7062 0.3707 2.5087 1.7659 4.5346 
3.0000 40.0000 5.0000 0.0000 0.0000 3.3000 8 1.0000 0.0000 0.6910 6.0000 -6.0000 -10.0000 10.0000 -2.0000 2.0000 0.7776 0.4811 0.3124 0.4243 0.5034 2.4987 1.7550 4.5079 
3.0000 60.0000 5.0000 4.0000 1.0000 0.0000 8 1.0000 0.0000 2.9740 2.0000 10.0000 14.0000 -6.0000 6.0000 -2.0000 0.5000 0.5000 0.5000 0.5000 0.5000 2.5000 1.7858 4.5426 
3.0000 19.0000 5.0000 -2.0000 1.0000 3.3000 8 1.0000 0.0000 0.5670 -8.0000 0.0000 8.0000 -4.0000 4.0000 -12.0000 0.5000 0.5000 0.5000 0.5000 0.5000 2.5000 1.9310 4.6759 
3.0000 67.0000 5.0000 4.0000 0.0000 0.0000 8 1.0000 0.0000 0.3750 10.0000 2.0000 -6.0000 6.0000 -2.0000 14.0000 0.6808 0.7060 0.3291 0.4414 0.3351 2.4924 1.7839 4.5182 
3.0000 38.0000 5.0000 0.0000 0.0000 -3.3000 8 1.0000 1.0000 1.0880 2.0000 -6.0000 -10.0000 10.0000 -2.0000 6.0000 0.3204 0.6114 0.4596 0.7332 0.3674 2.4919 1.9739 4.7180 
3.0000 49.0000 5.0000 2.0000 1.0000 9.9000 2 -1.0000 1.0000 0.6270 -8.0000 0.0000 8.0000 -4.0000 12.0000 4.0000 0.5000 0.5000 0.5000 0.5000 0.5000 2.5000 1.9994 4.7426 
3.0000 37.0000 5.0000 0.0000 0.0000 -6.6000 8 1.0000 1.0000 0.6160 10.0000 2.0000 -6.0000 6.0000 -10.0000 -2.0000 0.3846 0.6357 0.3016 0.6989 0.4748 2.4956 1.8052 4.5548 
3.0000 54.0000 5.0000 2.0000 0.0000 3.3000 2 -1.0000 1.0000 2.1420 8.0000 0.0000 -4.0000 4.0000 -8.0000 12.0000 0.4868 0.3465 0.4089 0.5565 0.7025 2.5012 1.9214 4.6771 
3.0000 28.0000 5.0000 -2.0000 0.0000 9.9000 2 -1.0000 1.0000 0.7570 -12.0000 0.0000 4.0000 -4.0000 8.0000 -8.0000 0.6020 0.4458 0.3591 0.6250 0.4752 2.5071 1.7876 4.5498 
3.0000 4.0000 5.0000 -4.0000 1.0000 0.0000 8 1.0000 0.0000 0.5450 2.0000 -6.0000 -14.0000 -2.0000 -10.0000 6.0000 0.5000 0.5000 0.5000 0.5000 0.5000 2.5000 1.8365 4.5925 
3.0000 18.0000 5.0000 -2.0000 1.0000 0.0000 8 1.0000 0.0000 0.5130 8.0000 -4.0000 -8.0000 0.0000 -12.0000 4.0000 0.5000 0.5000 0.5000 0.5000 0.5000 2.5000 1.8633 4.6091 
3.0000 21.0000 5.0000 -2.0000 1.0000 9.9000 2 -1.0000 1.0000 1.2410 8.0000 0.0000 -12.0000 4.0000 -8.0000 -4.0000 0.5000 0.5000 0.5000 0.5000 0.5000 2.5000 1.7838 4.5259 
3.0000 59.0000 5.0000 4.0000 1.0000 -3.3000 8 1.0000 1.0000 0.6420 14.0000 6.0000 -2.0000 10.0000 -6.0000 2.0000 0.5000 0.5000 0.5000 0.5000 0.5000 2.5000 1.8835 4.6258 
3.0000 62.0000 5.0000 4.0000 1.0000 6.6000 2 -1.0000 1.0000 0.7590 2.0000 10.0000 14.0000 -6.0000 6.0000 -2.0000 0.5000 0.5000 0.5000 0.5000 0.5000 2.5000 1.9865 4.7261 
3.0000 27.0000 5.0000 -2.0000 0.0000 6.6000 2 -1.0000 1.0000 2.5040 8.0000 -4.0000 -12.0000 0.0000 -8.0000 4.0000 0.3213 0.4566 0.7525 0.3084 0.6635 2.5023 1.7938 4.5447 
3.0000 56.0000 5.0000 2.0000 0.0000 9.9000 2 -1.0000 1.0000 0.7490 0.0000 8.0000 12.0000 -8.0000 4.0000 -4.0000 0.5752 0.3977 0.7848 0.4093 0.3285 2.4954 1.8247 4.5713 
3.0000 15.0000 5.0000 -2.0000 1.0000 -9.9000 8 1.0000 1.0000 0.6170 4.0000 -8.0000 -12.0000 8.0000 -4.0000 0.0000 0.5000 0.5000 0.5000 0.5000 0.5000 2.5000 1.9192 4.6760 
3.0000 25.0000 5.0000 -2.0000 0.0000 0.0000 8 1.0000 0.0000 1.5890 8.0000 -4.0000 -8.0000 0.0000 -12.0000 4.0000 0.4248 0.5858 0.6428 0.5460 0.3066 2.5060 1.8079 4.5651 
3.0000 65.0000 5.0000 4.0000 0.0000 -6.6000 8 1.0000 1.0000 0.6070 14.0000 2.0000 -6.0000 6.0000 -2.0000 10.0000 0.7475 0.4752 0.3049 0.5354 0.4330 2.4960 1.8602 4.6052 
3.0000 43.0000 5.0000 2.0000 1.0000 -9.9000 8 1.0000 1.0000 0.4080 -8.0000 0.0000 8.0000 -4.0000 12.0000 4.0000 0.5000 0.5000 0.5000 0.5000 0.5000 2.5000 1.7538 4.5093 
3.0000 17.0000 5.0000 -2.0000 1.0000 -3.3000 8 1.0000 1.0000 0.9580 -4.0000 4.0000 8.0000 -12.0000 0.0000 -8.0000 0.5000 0.5000 0.5000 0.5000 0.5000 2.5000 1.9818 4.7261 
3.0000 26.0000 5.0000 -2.0000 0.0000 3.3000 2 -1.0000 1.0000 2.7890 -4.0000 4.0000 8.0000 -12.0000 0.0000 -8.0000 0.3966 0.4440 0.3237 0.6813 0.6561 2.5017 1.8310 4.5776 
3.0000 34.0000 5.0000 0.0000 1.0000 6.6000 2 -1.0000 1.0000 0.7960 6.0000 -2.0000 -6.0000 2.0000 -10.0000 10.0000 0.5000 0.5000 0.5000 0.5000 0.5000 2.5000 1.9153 4.6591 
3.0000 46.0000 5.0000 2.0000 1.0000 0.0000 8 1.0000 0.0000 3.1350 -8.0000 4.0000 12.0000 0.0000 8.0000 -4.0000 0.5000 0.5000 0.5000 0.5000 0.5000 2.5000 1.8875 4.6259 
3.0000 39.0000 5.0000 0.0000 0.0000 0.0000 8 1.0000 0.0000 0.6720 -6.0000 2.0000 10.0000 -2.0000 6.0000 -10.0000 0.7582 0.4229 0.3582 0.3101 0.6498 2.4992 1.9668 4.7251 
3.0000 16.0000 5.0000 -2.0000 1.0000 -6.6000 8 1.0000 1.0000 0.5450 -8.0000 4.0000 8.0000 -12.0000 0.0000 -4.0000 0.5000 0.5000 0.5000 0.5000 0.5000 2.5000 1.9862 4.7427 
3.0000 6.0000 5.0000 -4.0000 1.0000 6.6000 2 -1.0000 1.0000 1.0550 6.0000 -2.0000 -14.0000 2.0000 -10.0000 -6.0000 0.5000 0.5000 0.5000 0.5000 0.5000 2.5000 1.8162 4.5759 
3.0000 32.0000 5.0000 0.0000 1.0000 0.0000 2 -1.0000 0.0000 2.1110 6.0000 -2.0000 -6.0000 2.0000 -10.0000 10.0000 0.5000 0.5000 0.5000 0.5000 0.5000 2.5000 1.8856 4.6426 
3.0000 51.0000 5.0000 2.0000 0.0000 -6.6000 8 1.0000 1.0000 0.6890 12.0000 0.0000 -8.0000 4.0000 -4.0000 8.0000 0.3009 0.7375 0.5818 0.4153 0.4725 2.5079 1.9792 4.7338 
3.0000 24.0000 5.0000 -2.0000 0.0000 -3.3000 8 1.0000 1.0000 0.4530 8.0000 -4.0000 -8.0000 0.0000 -12.0000 4.0000 0.3421 0.6096 0.3196 0.7712 0.4490 2.4915 1.9681 4.7007 
3.0000 47.0000 5.0000 2.0000 1.0000 3.3000 2 -1.0000 1.0000 1.2030 12.0000 0.0000 -8.0000 4.0000 -4.0000 8.0000 0.5000 0.5000 0.5000 0.5000 0.5000 2.5000 1.9845 4.7259 
3.0000 7.0000 5.0000 -4.0000 1.0000 9.9000 2 -1.0000 1.0000 1.1150 -10.0000 -2.0000 6.0000 -6.0000 2.0000 -14.0000 0.5000 0.5000 0.5000 0.5000 0.5000 2.5000 1.9146 4.6592 
3.0000 20.0000 5.0000 -2.0000 1.0000 6.6000 2 -1.0000 1.0000 1.6690 4.0000 -8.0000 -12.0000 8.0000 -4.0000 0.0000 0.5000 0.5000 0.5000 0.5000 0.5000 2.5000 1.7550 4.4925 
3.0000 50.0000 5.0000 2.0000 0.0000 -9.9000 8 1.0000 1.0000 0.6240 -4.0000 8.0000 12.0000 -8.0000 4.0000 0.0000 0.3627 0.6004 0.5326 0.5756 0.4243 2.4956 1.9949 4.7549 
3.0000 63.0000 5.0000 4.0000 1.0000 9.9000 2 -1.0000 1.0000 0.5120 14.0000 6.0000 -6.0000 10.0000 -2.0000 2.0000 0.5000 0.5000 0.5000 0.5000 0.5000 2.5000 1.9003 4.6591 
3.0000 58.0000 5.0000 4.0000 1.0000 -6.6000 8 1.0000 1.0000 0.4330 -6.0000 2.0000 10.0000 -2.0000 14.0000 6.0000 0.5000 0.5000 0.5000 0.5000 0.5000 2.5000 1.7621 4.5092 
3.0000 23.0000 5.0000 -2.0000 0.0000 -6.6000 8 1.0000 1.0000 0.7090 8.0000 0.0000 -8.0000 4.0000 -12.0000 -4.0000 0.6362 0.6863 0.3121 0.5581 0.3138 2.5064 1.9993 4.7659 
3.0000 8.0000 5.0000 -4.0000 0.0000 -9.9000 8 1.0000 1.0000 0.4160 6.0000 -2.0000 -14.0000 2.0000 -10.0000 -6.0000 0.4149 0.6579 0.4834 0.3855 0.5567 2.4984 1.7687 4.5243 
3.0000 29.0000 5.0000 0.0000 1.0000 -9.9000 8 1.0000 1.0000 0.7090 2.0000 -6.0000 -10.0000 10.0000 -2.0000 6.0000 0.5000 0.5000 0.5000 0.5000 0.5000 2.5000 1.9819 4.7259 
3.0000 31.0000 5.0000 0.0000 1.0000 -3.3000 2 -1.0000 0.0000 1.4910 -6.0000 6.0000 10.0000 -10.0000 2.0000 -2.0000 0.5000 0.5000 0.5000 0.5000 0.5000 2.5000 1.9106 4.6592 
3.0000 55.0000 5.0000 2.0000 0.0000 6.6000 2 -1.0000 1.0000 0.8330 -8.0000 4.0000 8.0000 0.0000 12.0000 -4.0000 0.4013 0.5646 0.4478 0.7664 0.3221 2.5022 1.9229 4.6781 
3.0000 64.0000 5.0000 4.0000 0.0000 -9.9000 8 1.0000 1.0000 0.4450 -2.0000 10.0000 14.0000 -6.0000 6.0000 2.0000 0.6894 0.4402 0.6800 0.3073 0.3788 2.4957 1.7876 4.5217 
3.0000 41.0000 5.0000 0.0000 0.0000 6.6000 2 -1.0000 1.0000 0.9950 6.0000 -6.0000 -10.0000 10.0000 -2.0000 2.0000 0.7497 0.3042 0.4504 0.5542 0.4492 2.5077 1.9094 4.6670 
3.0000 22.0000 5.0000 -2.0000 0.0000 -9.9000 8 1.0000 1.0000 0.5760 -8.0000 0.0000 8.0000 -4.0000 4.0000 -12.0000 0.5978 0.3200 0.7070 0.3273 0.5543 2.5064 1.8215 4.5823 
3.0000 70.0000 5.0000 4.0000 0.0000 9.9000 2 -1.0000 1.0000 0.6110 -6.0000 6.0000 14.0000 2.0000 10.0000 -2.0000 0.4933 0.5209 0.7196 0.3564 0.4192 2.5095 1.8422 4.6019 
3.0000 1.0000 5.0000 -4.0000 1.0000 -9.9000 8 1.0000 1.0000 0.4010 2.0000 -6.0000 -14.0000 -2.0000 -10.0000 6.0000 0.5000 0.5000 0.5000 0.5000 0.5000 2.5000 1.7718 4.5258 
3.0000 52.0000 5.0000 2.0000 0.0000 -3.3000 8 1.0000 1.0000 2.0310 -4.0000 4.0000 8.0000 0.0000 12.0000 -8.0000 0.3800 0.6241 0.4895 0.3749 0.6330 2.5015 1.9632 4.7109 
3.0000 14.0000 5.0000 -4.0000 0.0000 9.9000 8 1.0000 0.0000 1.4210 2.0000 -10.0000 -14.0000 6.0000 -6.0000 -2.0000 0.5075 0.4410 0.5817 0.4348 0.5304 2.4954 1.7705 4.5212 
3.0000 5.0000 5.0000 -4.0000 1.0000 3.3000 8 1.0000 0.0000 0.7520 -6.0000 2.0000 6.0000 -14.0000 -2.0000 -10.0000 0.5000 0.5000 0.5000 0.5000 0.5000 2.5000 1.8032 4.5426 
3.0000 48.0000 5.0000 2.0000 1.0000 6.6000 8 1.0000 0.0000 1.7370 8.0000 -4.0000 -8.0000 12.0000 0.0000 4.0000 0.5000 0.5000 0.5000 0.5000 0.5000 2.5000 1.9913 4.7427 
3.0000 69.0000 5.0000 4.0000 0.0000 6.6000 2 -1.0000 1.0000 1.0420 10.0000 2.0000 -2.0000 6.0000 -6.0000 14.0000 0.6390 0.5908 0.3757 0.4792 0.4148 2.4995 1.9797 4.7255 
3.0000 36.0000 5.0000 0.0000 0.0000 -9.9000 8 1.0000 1.0000 1.0840 -6.0000 2.0000 10.0000 -2.0000 6.0000 -10.0000 0.5441 0.5731 0.3227 0.4653 0.5914 2.4967 1.8224 4.5725 
3.0000 9.0000 5.0000 -4.0000 0.0000 -6.6000 8 1.0000 1.0000 0.8450 6.0000 -2.0000 -14.0000 2.0000 -10.0000 -6.0000 0.4303 0.3801 0.3462 0.7791 0.5739 2.5097 1.8080 4.5687 
3.0000 11.0000 5.0000 -4.0000 0.0000 0.0000 8 1.0000 0.0000 1.0960 -10.0000 -2.0000 6.0000 -6.0000 2.0000 -14.0000 0.4355 0.3245 0.7624 0.4622 0.5132 2.4979 1.9928 4.7405 
3.0000 33.0000 5.0000 0.0000 1.0000 3.3000 2 -1.0000 1.0000 1.0750 -6.0000 2.0000 6.0000 -2.0000 10.0000 -10.0000 0.5000 0.5000 0.5000 0.5000 0.5000 2.5000 1.7512 4.5092 
3.0000 53.0000 5.0000 2.0000 0.0000 0.0000 8 1.0000 0.0000 1.0130 -8.0000 4.0000 12.0000 0.0000 8.0000 -4.0000 0.3876 0.7304 0.4115 0.5690 0.3966 2.4952 1.9916 4.7377 
3.0000 19.0000 6.0000 -2.0000 1.0000 3.3000 2 -1.0000 1.0000 2.2610 -8.0000 4.0000 8.0000 -12.0000 0.0000 -4.0000 0.5000 0.5000 0.5000 0.5000 0.5000 2.5000 1.8069 4.5591 
3.0000 68.0000 6.0000 4.0000 0.0000 3.3000 8 1.0000 0.0000 2.1490 14.0000 2.0000 -6.0000 6.0000 -2.0000 10.0000 0.5521 0.3351 0.4489 0.5242 0.6306 2.4908 1.9077 4.6335 
3.0000 57.0000 6.0000 4.0000 1.0000 -9.9000 8 1.0000 1.0000 0.4050 10.0000 2.0000 -6.0000 6.0000 -2.0000 14.0000 0.5000 0.5000 0.5000 0.5000 0.5000 2.5000 1.9269 4.6925 
3.0000 51.0000 6.0000 2.0000 0.0000 -6.6000 8 1.0000 1.0000 0.4420 12.0000 0.0000 -8.0000 4.0000 -4.0000 8.0000 0.6962 0.5303 0.5767 0.3255 0.3642 2.4928 1.9979 4.7522 
3.0000 12.0000 6.0000 -4.0000 0.0000 3.3000 8 1.0000 0.0000 2.6130 -14.0000 -2.0000 2.0000 -6.0000 6.0000 -10.0000 0.6194 0.4889 0.6038 0.4211 0.3689 2.5021 1.9806 4.7447 
3.0000 62.0000 6.0000 4.0000 1.0000 6.6000 2 -1.0000 1.0000 0.8320 10.0000 2.0000 -6.0000 6.0000 -2.0000 14.0000 0.5000 0.5000 0.5000 0.5000 0.5000 2.5000 1.8769 4.6258 
3.0000 52.0000 6.0000 2.0000 0.0000 -3.3000 8 1.0000 1.0000 0.4750 -8.0000 4.0000 12.0000 0.0000 8.0000 -4.0000 0.5202 0.6122 0.4197 0.3342 0.6134 2.4997 1.7802 4.5255 
3.0000 8.0000 6.0000 -4.0000 0.0000 -9.9000 8 1.0000 1.0000 0.5030 2.0000 -6.0000 -14.0000 -2.0000 -10.0000 6.0000 0.6105 0.7465 0.3508 0.4190 0.3810 2.5078 1.8047 4.5670 
3.0000 2.0000 6.0000 -4.0000 1.0000 -6.6000 8 1.0000 1.0000 0.3430 -14.0000 -2.0000 2.0000 -6.0000 6.0000 -10.0000 0.5000 0.5000 0.5000 0.5000 0.5000 2.5000 1.8687 4.6091 
3.0000 40.0000 6.0000 0.0000 0.0000 3.3000 8 1.0000 0.0000 0.5140 10.0000 2.0000 -10.0000 6.0000 -6.0000 -2.0000 0.3217 0.7233 0.4509 0.5881 0.4168 2.5007 1.9323 4.6765 
3.0000 1.0000 6.0000 -4.0000 1.0000 -9.9000 8 1.0000 1.0000 0.4950 2.0000 -6.0000 -14.0000 -2.0000 -10.0000 6.0000 0.5000 0.5000 0.5000 0.5000 0.5000 2.5000 1.8586 4.6092 
3.0000 69.0000 6.0000 4.0000 0.0000 6.6000 2 -1.0000 1.0000 0.5700 10.0000 2.0000 -6.0000 6.0000 -2.0000 14.0000 0.4682 0.7882 0.3115 0.5202 0.4063 2.4944 1.7705 4.5202 
3.0000 18.0000 6.0000 -2.0000 1.0000 0.0000 2 -1.0000 0.0000 3.0070 -12.0000 0.0000 4.0000 -4.0000 8.0000 -8.0000 0.5000 0.5000 0.5000 0.5000 0.5000 2.5000 1.8295 4.5926 
3.0000 58.0000 6.0000 4.0000 1.0000 -6.6000 8 1.0000 1.0000 0.5070 14.0000 2.0000 -2.0000 6.0000 -6.0000 10.0000 0.5000 0.5000 0.5000 0.5000 0.5000 2.5000 1.7694 4.5258 
3.0000 60.0000 6.0000 4.0000 1.0000 0.0000 2 -1.0000 0.0000 2.2230 14.0000 2.0000 -2.0000 6.0000 -6.0000 10.0000 0.5000 0.5000 0.5000 0.5000 0.5000 2.5000 1.9708 4.7259 
3.0000 26.0000 6.0000 -2.0000 0.0000 3.3000 2 -1.0000 1.0000 0.4680 0.0000 -8.0000 -12.0000 8.0000 -4.0000 4.0000 0.7261 0.3297 0.3561 0.7227 0.3599 2.4944 1.9398 4.6870 
3.0000 4.0000 6.0000 -4.0000 1.0000 0.0000 8 1.0000 0.0000 1.0790 -14.0000 -6.0000 6.0000 -10.0000 2.0000 -2.0000 0.5000 0.5000 0.5000 0.5000 0.5000 2.5000 1.8173 4.5593 
3.0000 65.0000 6.0000 4.0000 0.0000 -6.6000 8 1.0000 1.0000 0.5850 -6.0000 2.0000 14.0000 -2.0000 10.0000 6.0000 0.3067 0.4359 0.6810 0.7775 0.3055 2.5066 1.7881 4.5491 
3.0000 11.0000 6.0000 -4.0000 0.0000 0.0000 8 1.0000 0.0000 0.3220 2.0000 -10.0000 -14.0000 6.0000 -6.0000 -2.0000 0.4128 0.5261 0.3383 0.6608 0.5617 2.4997 1.9424 4.6922 
3.0000 35.0000 6.0000 0.0000 1.0000 9.9000 2 -1.0000 1.0000 0.5710 6.0000 -2.0000 -10.0000 2.0000 -6.0000 10.0000 0.5000 0.5000 0.5000 0.5000 0.5000 2.5000 1.8304 4.5760 
3.0000 41.0000 6.0000 0.0000 0.0000 6.6000 2 -1.0000 1.0000 0.7630 -6.0000 2.0000 10.0000 -2.0000 6.0000 -10.0000 0.4972 0.6524 0.4293 0.3575 0.5655 2.5019 1.7554 4.4944 
3.0000 24.0000 6.0000 -2.0000 0.0000 -3.3000 8 1.0000 1.0000 0.4000 -12.0000 0.0000 4.0000 -4.0000 8.0000 -8.0000 0.3207 0.6415 0.4805 0.5779 0.4789 2.4995 1.8346 4.5919 
3.0000 44.0000 6.0000 2.0000 1.0000 -6.6000 8 1.0000 1.0000 0.3990 8.0000 0.0000 -8.0000 4.0000 -4.0000 12.0000 0.5000 0.5000 0.5000 0.5000 0.5000 2.5000 1.9621 4.7260 
3.0000 54.0000 6.0000 2.0000 0.0000 3.3000 8 1.0000 0.0000 2.0540 4.0000 -4.0000 -8.0000 12.0000 0.0000 8.0000 0.3012 0.7637 0.6179 0.3633 0.4508 2.4969 1.7712 4.5229 
3.0000 45.0000 6.0000 2.0000 1.0000 -3.3000 8 1.0000 1.0000 1.3220 12.0000 4.0000 -4.0000 8.0000 -8.0000 0.0000 0.5000 0.5000 0.5000 0.5000 0.5000 2.5000 1.7511 4.5092 
3.0000 15.0000 6.0000 -2.0000 1.0000 -9.9000 8 1.0000 1.0000 0.4200 -8.0000 4.0000 8.0000 -12.0000 0.0000 -4.0000 0.5000 0.5000 0.5000 0.5000 0.5000 2.5000 1.9511 4.7093 
3.0000 53.0000 6.0000 2.0000 0.0000 0.0000 2 -1.0000 0.0000 0.9800 -8.0000 4.0000 12.0000 0.0000 8.0000 -4.0000 0.6528 0.3866 0.3311 0.6801 0.4579 2.5085 1.9359 4.6844 
3.0000 46.0000 6.0000 2.0000 1.0000 0.0000 8 1.0000 0.0000 0.8660 -8.0000 4.0000 12.0000 0.0000 8.0000 -4.0000 0.5000 0.5000 0.5000 0.5000 0.5000 2.5000 1.9822 4.7259 
3.0000 48.0000 6.0000 2.0000 1.0000 6.6000 2 -1.0000 1.0000 0.6320 -8.0000 0.0000 12.0000 -4.0000 8.0000 4.0000 0.5000 0.5000 0.5000 0.5000 0.5000 2.5000 1.9375 4.6758 
3.0000 30.0000 6.0000 0.0000 1.0000 -6.6000 8 1.0000 1.0000 0.3640 -6.0000 6.0000 10.0000 -10.0000 2.0000 -2.0000 0.5000 0.5000 0.5000 0.5000 0.5000 2.5000 1.7924 4.5425 
3.0000 14.0000 6.0000 -4.0000 0.0000 9.9000 2 -1.0000 1.0000 0.7100 2.0000 -6.0000 -14.0000 -2.0000 -10.0000 6.0000 0.5524 0.3352 0.3987 0.4968 0.7244 2.5074 1.8653 4.6333 
3.0000 10.0000 6.0000 -4.0000 0.0000 -3.3000 8 1.0000 1.0000 1.1620 -10.0000 2.0000 6.0000 -14.0000 -2.0000 -6.0000 0.3333 0.5292 0.4523 0.6474 0.5297 2.4919 1.9747 4.7178 
3.0000 17.0000 6.0000 -2.0000 1.0000 -3.3000 2 -1.0000 0.0000 0.8580 8.0000 0.0000 -8.0000 4.0000 -12.0000 -4.0000 0.5000 0.5000 0.5000 0.5000 0.5000 2.5000 1.9155 4.6759 
3.0000 67.0000 6.0000 4.0000 0.0000 0.0000 8 1.0000 0.0000 1.9400 14.0000 6.0000 -6.0000 10.0000 -2.0000 2.0000 0.5004 0.3655 0.4042 0.7416 0.4977 2.5094 1.9659 4.7355 
3.0000 37.0000 6.0000 0.0000 0.0000 -6.6000 8 1.0000 1.0000 1.3550 -6.0000 6.0000 10.0000 -10.0000 2.0000 -2.0000 0.6050 0.3345 0.5856 0.4678 0.5109 2.5039 1.8389 4.5966 
3.0000 13.0000 6.0000 -4.0000 0.0000 6.6000 2 -1.0000 1.0000 0.9010 -14.0000 -6.0000 6.0000 -10.0000 2.0000 -2.0000 0.4764 0.5655 0.3048 0.4723 0.6899 2.5088 1.9292 4.6847 
3.0000 64.0000 6.0000 4.0000 0.0000 -9.9000 8 1.0000 1.0000 0.7010 14.0000 2.0000 -6.0000 6.0000 -2.0000 10.0000 0.3734 0.5267 0.4873 0.7261 0.3876 2.5011 1.8444 4.5936 
3.0000 16.0000 6.0000 -2.0000 1.0000 -6.6000 8 1.0000 1.0000 0.6710 4.0000 -4.0000 -8.0000 0.0000 -12.0000 8.0000 0.5000 0.5000 0.5000 0.5000 0.5000 2.5000 1.7664 4.5093 
3.0000 36.0000 6.0000 0.0000 0.0000 -9.9000 8 1.0000 1.0000 0.5250 -2.0000 6.0000 10.0000 -10.0000 2.0000 -6.0000 0.5074 0.3405 0.7597 0.4104 0.4759 2.4938 1.7636 4.5029 
3.0000 6.0000 6.0000 -4.0000 1.0000 6.6000 8 1.0000 0.0000 1.0470 6.0000 -6.0000 -14.0000 -2.0000 -10.0000 2.0000 0.5000 0.5000 0.5000 0.5000 0.5000 2.5000 1.7966 4.5592 
3.0000 63.0000 6.0000 4.0000 1.0000 9.9000 2 -1.0000 1.0000 0.6570 10.0000 2.0000 -6.0000 6.0000 -2.0000 14.0000 0.5000 0.5000 0.5000 0.5000 0.5000 2.5000 1.9910 4.7427 
3.0000 29.0000 6.0000 0.0000 1.0000 -9.9000 8 1.0000 1.0000 0.7650 10.0000 -2.0000 -6.0000 2.0000 -10.0000 6.0000 0.5000 0.5000 0.5000 0.5000 0.5000 2.5000 1.9629 4.7258 
3.0000 22.0000 6.0000 -2.0000 0.0000 -9.9000 8 1.0000 1.0000 0.5940 8.0000 0.0000 -8.0000 4.0000 -12.0000 -4.0000 0.5566 0.4030 0.4497 0.3517 0.7376 2.4985 1.8172 4.5743 
3.0000 59.0000 6.0000 4.0000 1.0000 -3.3000 8 1.0000 1.0000 0.4540 -6.0000 2.0000 10.0000 -2.0000 14.0000 6.0000 0.5000 0.5000 0.5000 0.5000 0.5000 2.5000 1.8728 4.6259 
3.0000 5.0000 6.0000 -4.0000 1.0000 3.3000 2 -1.0000 1.0000 0.6440 6.0000 -2.0000 -10.0000 2.0000 -14.0000 -6.0000 0.5000 0.5000 0.5000 0.5000 0.5000 2.5000 1.9269 4.6759 
3.0000 9.0000 6.0000 -4.0000 0.0000 -6.6000 8 1.0000 1.0000 0.6570 -10.0000 -2.0000 2.0000 -6.0000 6.0000 -14.0000 0.3373 0.5496 0.4175 0.5290 0.6658 2.4990 1.9598 4.7084 
3.0000 70.0000 6.0000 4.0000 0.0000 9.9000 2 -1.0000 1.0000 0.6830 14.0000 2.0000 -2.0000 6.0000 -6.0000 10.0000 0.5603 0.3063 0.4608 0.7395 0.4340 2.5010 1.8537 4.5936 
3.0000 23.0000 6.0000 -2.0000 0.0000 -6.6000 8 1.0000 1.0000 0.3900 4.0000 -4.0000 -8.0000 0.0000 -12.0000 8.0000 0.4209 0.5540 0.4718 0.6783 0.3681 2.4931 1.9647 4.7025 
3.0000 47.0000 6.0000 2.0000 1.0000 3.3000 8 1.0000 0.0000 3.1940 -4.0000 8.0000 12.0000 -8.0000 4.0000 0.0000 0.5000 0.5000 0.5000 0.5000 0.5000 2.5000 1.8663 4.6091 
3.0000 50.0000 6.0000 2.0000 0.0000 -9.9000 8 1.0000 1.0000 0.5180 -4.0000 8.0000 12.0000 -8.0000 4.0000 0.0000 0.4138 0.5073 0.7486 0.4482 0.3836 2.5015 1.8283 4.5941 
3.0000 3.0000 6.0000 -4.0000 1.0000 -3.3000 8 1.0000 1.0000 0.8770 6.0000 -6.0000 -10.0000 -2.0000 -14.0000 2.0000 0.5000 0.5000 0.5000 0.5000 0.5000 2.5000 1.9845 4.7425 
3.0000 32.0000 6.0000 0.0000 1.0000 0.0000 8 1.0000 0.0000 1.6870 6.0000 -2.0000 -6.0000 2.0000 -10.0000 10.0000 0.5000 0.5000 0.5000 0.5000 0.5000 2.5000 1.9976 4.7593 
3.0000 7.0000 6.0000 -4.0000 1.0000 9.9000 8 1.0000 0.0000 0.4310 -14.0000 -2.0000 2.0000 -6.0000 6.0000 -10.0000 0.5000 0.5000 0.5000 0.5000 0.5000 2.5000 1.8002 4.5591 
3.0000 28.0000 6.0000 -2.0000 0.0000 9.9000 2 -1.0000 1.0000 1.0710 4.0000 -8.0000 -12.0000 8.0000 -4.0000 0.0000 0.7795 0.3217 0.3626 0.5439 0.4840 2.4918 1.9314 4.6678 
3.0000 66.0000 6.0000 4.0000 0.0000 -3.3000 8 1.0000 1.0000 1.3560 14.0000 2.0000 -2.0000 6.0000 -6.0000 10.0000 0.4653 0.3456 0.7039 0.5937 0.4008 2.5093 1.9318 4.6852 
3.0000 20.0000 6.0000 -2.0000 1.0000 6.6000 2 -1.0000 1.0000 1.1030 8.0000 -4.0000 -12.0000 0.0000 -8.0000 4.0000 0.5000 0.5000 0.5000 0.5000 0.5000 2.5000 1.7674 4.5091 
3.0000 33.0000 6.0000 0.0000 1.0000 3.3000 8 1.0000 0.0000 0.5540 -10.0000 2.0000 6.0000 -2.0000 10.0000 -6.0000 0.5000 0.5000 0.5000 0.5000 0.5000 2.5000 1.9112 4.6594 
3.0000 27.0000 6.0000 -2.0000 0.0000 6.6000 2 -1.0000 1.0000 0.7000 8.0000 -4.0000 -8.0000 0.0000 -12.0000 4.0000 0.3446 0.5044 0.3856 0.7786 0.4892 2.5024 1.9552 4.6951 
3.0000 55.0000 6.0000 2.0000 0.0000 6.6000 2 -1.0000 1.0000 0.7640 8.0000 0.0000 -8.0000 4.0000 -4.0000 12.0000 0.4349 0.3891 0.6240 0.4203 0.6398 2.5080 1.9932 4.7507 
3.0000 56.0000 6.0000 2.0000 0.0000 9.9000 2 -1.0000 1.0000 0.5850 12.0000 0.0000 -4.0000 4.0000 -8.0000 8.0000 0.4660 0.7593 0.5139 0.4132 0.3418 2.4941 1.8510 4.6033 
3.0000 49.0000 6.0000 2.0000 1.0000 9.9000 2 -1.0000 1.0000 0.6230 -8.0000 4.0000 12.0000 0.0000 8.0000 -4.0000 0.5000 0.5000 0.5000 0.5000 0.5000 2.5000 1.9739 4.7258 
3.0000 38.0000 6.0000 0.0000 0.0000 -3.3000 8 1.0000 1.0000 1.0700 6.0000 -2.0000 -6.0000 2.0000 -10.0000 10.0000 0.3977 0.7130 0.6806 0.3218 0.3867 2.4998 1.9380 4.6923 
3.0000 34.0000 6.0000 0.0000 1.0000 6.6000 2 -1.0000 1.0000 0.6730 -6.0000 2.0000 10.0000 -2.0000 6.0000 -10.0000 0.5000 0.5000 0.5000 0.5000 0.5000 2.5000 1.8303 4.5758 
3.0000 21.0000 6.0000 -2.0000 1.0000 9.9000 2 -1.0000 1.0000 0.6980 -4.0000 4.0000 8.0000 -12.0000 0.0000 -8.0000 0.5000 0.5000 0.5000 0.5000 0.5000 2.5000 1.8455 4.5927 
3.0000 42.0000 6.0000 0.0000 0.0000 9.9000 2 -1.0000 1.0000 0.8150 -6.0000 6.0000 10.0000 -10.0000 2.0000 -2.0000 0.5117 0.3574 0.4494 0.4165 0.7560 2.4910 1.9459 4.6836 
3.0000 43.0000 6.0000 2.0000 1.0000 -9.9000 8 1.0000 1.0000 0.5440 12.0000 4.0000 -8.0000 8.0000 -4.0000 0.0000 0.5000 0.5000 0.5000 0.5000 0.5000 2.5000 1.8706 4.6092 
3.0000 25.0000 6.0000 -2.0000 0.0000 0.0000 8 1.0000 0.0000 0.8090 -8.0000 0.0000 8.0000 -4.0000 4.0000 -12.0000 0.5811 0.3968 0.6009 0.3381 0.5922 2.5092 1.7754 4.5351 
3.0000 31.0000 6.0000 0.0000 1.0000 -3.3000 8 1.0000 1.0000 1.6110 -10.0000 2.0000 6.0000 -2.0000 10.0000 -6.0000 0.5000 0.5000 0.5000 0.5000 0.5000 2.5000 1.8655 4.6259 
3.0000 39.0000 6.0000 0.0000 0.0000 0.0000 8 1.0000 0.0000 0.6620 -6.0000 2.0000 6.0000 -2.0000 10.0000 -10.0000 0.4112 0.3040 0.6203 0.3823 0.7832 2.5009 1.8606 4.6102 
3.0000 61.0000 6.0000 4.0000 1.0000 3.3000 2 -1.0000 1.0000 0.8440 -6.0000 6.0000 14.0000 2.0000 10.0000 -2.0000 0.5000 0.5000 0.5000 0.5000 0.5000 2.5000 1.8963 4.6593 
