subNo index block mean periodicity testLevel pressedKey answer isCorrect rt s1 s2 s3 s4 s5 s6 t1 t2 t3 t4 t5 seqDuration startInterval trialDuration 
1.0000 5.0000 1.0000 -4.0000 1.0000 2.5100 2 -1.0000 1.0000 2.7260 6.0000 -6.0000 -14.0000 -2.0000 -10.0000 2.0000 0.5000 0.5000 0.5000 0.5000 0.5000 2.5000 1.9201 4.6759 
1.0000 41.0000 1.0000 0.0000 0.0000 5.0200 2 -1.0000 1.0000 1.6470 6.0000 -2.0000 -10.0000 2.0000 -6.0000 10.0000 0.3447 0.6474 0.5801 0.3022 0.6205 2.4949 1.9069 4.6542 
1.0000 49.0000 1.0000 2.0000 1.0000 7.5300 2 -1.0000 1.0000 2.1560 -4.0000 8.0000 12.0000 -8.0000 4.0000 0.0000 0.5000 0.5000 0.5000 0.5000 0.5000 2.5000 1.7794 4.5259 
1.0000 26.0000 1.0000 -2.0000 0.0000 2.5100 8 1.0000 0.0000 2.3860 -12.0000 0.0000 4.0000 -4.0000 8.0000 -8.0000 0.3407 0.7911 0.6073 0.4404 0.3283 2.5078 1.8483 4.6003 
1.0000 25.0000 1.0000 -2.0000 0.0000 0.0000 2 -1.0000 0.0000 2.7670 0.0000 -8.0000 -12.0000 8.0000 -4.0000 4.0000 0.3033 0.3637 0.6613 0.7024 0.4641 2.4948 1.8312 4.5706 
1.0000 55.0000 1.0000 2.0000 0.0000 5.0200 2 -1.0000 1.0000 2.1630 12.0000 0.0000 -8.0000 4.0000 -4.0000 8.0000 0.6385 0.3836 0.5352 0.3271 0.6189 2.5034 1.8098 4.5627 
1.0000 9.0000 1.0000 -4.0000 0.0000 -5.0200 8 1.0000 1.0000 1.5850 2.0000 -6.0000 -14.0000 -2.0000 -10.0000 6.0000 0.5020 0.6565 0.3141 0.5946 0.4367 2.5039 1.7779 4.5464 
1.0000 60.0000 1.0000 4.0000 1.0000 0.0000 2 -1.0000 0.0000 2.5280 6.0000 -2.0000 -6.0000 14.0000 2.0000 10.0000 0.5000 0.5000 0.5000 0.5000 0.5000 2.5000 1.9452 4.6926 
1.0000 59.0000 1.0000 4.0000 1.0000 -2.5100 2 -1.0000 0.0000 2.2020 -6.0000 2.0000 10.0000 -2.0000 14.0000 6.0000 0.5000 0.5000 0.5000 0.5000 0.5000 2.5000 1.7743 4.5259 
1.0000 16.0000 1.0000 -2.0000 1.0000 -5.0200 8 1.0000 1.0000 1.2620 -12.0000 -4.0000 4.0000 -8.0000 8.0000 0.0000 0.5000 0.5000 0.5000 0.5000 0.5000 2.5000 1.8146 4.5592 
1.0000 7.0000 1.0000 -4.0000 1.0000 7.5300 2 -1.0000 1.0000 1.0980 -14.0000 -6.0000 6.0000 -10.0000 2.0000 -2.0000 0.5000 0.5000 0.5000 0.5000 0.5000 2.5000 1.7648 4.5091 
1.0000 42.0000 1.0000 0.0000 0.0000 7.5300 2 -1.0000 1.0000 0.8230 -10.0000 2.0000 6.0000 -2.0000 10.0000 -6.0000 0.4581 0.3577 0.5596 0.4978 0.6285 2.5017 1.9134 4.6609 
1.0000 69.0000 1.0000 4.0000 0.0000 5.0200 2 -1.0000 1.0000 2.0540 -6.0000 2.0000 14.0000 -2.0000 10.0000 6.0000 0.7746 0.3059 0.3513 0.4108 0.6557 2.4983 1.9427 4.6909 
1.0000 21.0000 1.0000 -2.0000 1.0000 7.5300 2 -1.0000 1.0000 0.7830 -8.0000 0.0000 4.0000 -4.0000 8.0000 -12.0000 0.5000 0.5000 0.5000 0.5000 0.5000 2.5000 1.8565 4.5925 
1.0000 12.0000 1.0000 -4.0000 0.0000 2.5100 2 -1.0000 1.0000 1.9840 6.0000 -6.0000 -14.0000 -2.0000 -10.0000 2.0000 0.3240 0.5143 0.7264 0.5110 0.4175 2.4933 1.9129 4.6692 
1.0000 3.0000 1.0000 -4.0000 1.0000 -2.5100 2 -1.0000 0.0000 3.2840 6.0000 -6.0000 -14.0000 -2.0000 -10.0000 2.0000 0.5000 0.5000 0.5000 0.5000 0.5000 2.5000 1.8356 4.5926 
1.0000 19.0000 1.0000 -2.0000 1.0000 2.5100 2 -1.0000 1.0000 2.4450 -8.0000 0.0000 4.0000 -4.0000 8.0000 -12.0000 0.5000 0.5000 0.5000 0.5000 0.5000 2.5000 1.9936 4.7428 
1.0000 51.0000 1.0000 2.0000 0.0000 -5.0200 2 -1.0000 0.0000 2.4620 12.0000 4.0000 -4.0000 8.0000 -8.0000 0.0000 0.3404 0.7017 0.3098 0.7514 0.3902 2.4935 1.8517 4.6026 
1.0000 67.0000 1.0000 4.0000 0.0000 0.0000 8 1.0000 0.0000 1.1550 6.0000 -2.0000 -6.0000 14.0000 2.0000 10.0000 0.5292 0.4747 0.4312 0.3686 0.6872 2.4909 1.9527 4.7002 
1.0000 53.0000 1.0000 2.0000 0.0000 0.0000 8 1.0000 0.0000 1.5290 4.0000 -4.0000 -8.0000 12.0000 0.0000 8.0000 0.7848 0.5595 0.3463 0.4972 0.3099 2.4978 1.8355 4.5736 
1.0000 2.0000 1.0000 -4.0000 1.0000 -5.0200 8 1.0000 1.0000 2.0030 -14.0000 -2.0000 2.0000 -6.0000 6.0000 -10.0000 0.5000 0.5000 0.5000 0.5000 0.5000 2.5000 1.9345 4.6760 
1.0000 17.0000 1.0000 -2.0000 1.0000 -2.5100 8 1.0000 1.0000 2.6560 -12.0000 0.0000 8.0000 -4.0000 4.0000 -8.0000 0.5000 0.5000 0.5000 0.5000 0.5000 2.5000 1.8337 4.5758 
1.0000 15.0000 1.0000 -2.0000 1.0000 -7.5300 8 1.0000 1.0000 1.3890 8.0000 -4.0000 -8.0000 0.0000 -12.0000 4.0000 0.5000 0.5000 0.5000 0.5000 0.5000 2.5000 1.8823 4.6425 
1.0000 36.0000 1.0000 0.0000 0.0000 -7.5300 8 1.0000 1.0000 1.4540 -2.0000 6.0000 10.0000 -10.0000 2.0000 -6.0000 0.4255 0.5207 0.6275 0.5273 0.3943 2.4953 1.9054 4.6546 
1.0000 68.0000 1.0000 4.0000 0.0000 2.5100 2 -1.0000 1.0000 1.7780 -6.0000 2.0000 10.0000 -2.0000 14.0000 6.0000 0.5459 0.3376 0.5223 0.3454 0.7399 2.4911 1.9965 4.7337 
1.0000 44.0000 1.0000 2.0000 1.0000 -5.0200 8 1.0000 1.0000 1.5990 12.0000 0.0000 -8.0000 4.0000 -4.0000 8.0000 0.5000 0.5000 0.5000 0.5000 0.5000 2.5000 1.7998 4.5592 
1.0000 65.0000 1.0000 4.0000 0.0000 -5.0200 8 1.0000 1.0000 2.1340 14.0000 2.0000 -2.0000 6.0000 -6.0000 10.0000 0.4125 0.3502 0.4860 0.5934 0.6545 2.4966 1.9225 4.6725 
1.0000 27.0000 1.0000 -2.0000 0.0000 5.0200 2 -1.0000 1.0000 1.9650 8.0000 0.0000 -12.0000 4.0000 -8.0000 -4.0000 0.5714 0.3200 0.5897 0.6269 0.3886 2.4966 1.8750 4.6225 
1.0000 32.0000 1.0000 0.0000 1.0000 0.0000 8 1.0000 0.0000 3.7820 -2.0000 6.0000 10.0000 -10.0000 2.0000 -6.0000 0.5000 0.5000 0.5000 0.5000 0.5000 2.5000 1.8767 4.6260 
1.0000 28.0000 1.0000 -2.0000 0.0000 7.5300 2 -1.0000 1.0000 1.1280 -12.0000 0.0000 4.0000 -4.0000 8.0000 -8.0000 0.3829 0.4231 0.6130 0.3954 0.6806 2.4951 1.8999 4.6375 
1.0000 45.0000 1.0000 2.0000 1.0000 -2.5100 8 1.0000 1.0000 2.3370 8.0000 -4.0000 -8.0000 12.0000 0.0000 4.0000 0.5000 0.5000 0.5000 0.5000 0.5000 2.5000 1.9489 4.7091 
1.0000 18.0000 1.0000 -2.0000 1.0000 0.0000 2 -1.0000 0.0000 1.0820 -8.0000 0.0000 4.0000 -4.0000 8.0000 -12.0000 0.5000 0.5000 0.5000 0.5000 0.5000 2.5000 1.9685 4.7259 
1.0000 61.0000 1.0000 4.0000 1.0000 2.5100 2 -1.0000 1.0000 2.2280 10.0000 2.0000 -6.0000 6.0000 -2.0000 14.0000 0.5000 0.5000 0.5000 0.5000 0.5000 2.5000 1.9873 4.7426 
1.0000 34.0000 1.0000 0.0000 1.0000 5.0200 2 -1.0000 1.0000 1.2210 -10.0000 2.0000 10.0000 -2.0000 6.0000 -6.0000 0.5000 0.5000 0.5000 0.5000 0.5000 2.5000 1.8708 4.6259 
1.0000 63.0000 1.0000 4.0000 1.0000 7.5300 2 -1.0000 1.0000 1.4200 10.0000 2.0000 -6.0000 6.0000 -2.0000 14.0000 0.5000 0.5000 0.5000 0.5000 0.5000 2.5000 1.9121 4.6592 
1.0000 47.0000 1.0000 2.0000 1.0000 2.5100 2 -1.0000 1.0000 0.8260 -4.0000 4.0000 12.0000 0.0000 8.0000 -8.0000 0.5000 0.5000 0.5000 0.5000 0.5000 2.5000 1.7647 4.5092 
1.0000 54.0000 1.0000 2.0000 0.0000 2.5100 2 -1.0000 1.0000 1.2260 0.0000 8.0000 12.0000 -8.0000 4.0000 -4.0000 0.3390 0.5872 0.4301 0.7427 0.3950 2.4939 1.7639 4.5030 
1.0000 48.0000 1.0000 2.0000 1.0000 5.0200 2 -1.0000 1.0000 1.0750 -4.0000 4.0000 12.0000 0.0000 8.0000 -8.0000 0.5000 0.5000 0.5000 0.5000 0.5000 2.5000 1.9026 4.6426 
1.0000 1.0000 1.0000 -4.0000 1.0000 -7.5300 8 1.0000 1.0000 2.0670 -10.0000 -2.0000 6.0000 -6.0000 2.0000 -14.0000 0.5000 0.5000 0.5000 0.5000 0.5000 2.5000 1.8394 4.5927 
1.0000 33.0000 1.0000 0.0000 1.0000 2.5100 2 -1.0000 1.0000 2.7640 6.0000 -6.0000 -10.0000 10.0000 -2.0000 2.0000 0.5000 0.5000 0.5000 0.5000 0.5000 2.5000 1.8303 4.5924 
1.0000 37.0000 1.0000 0.0000 0.0000 -5.0200 8 1.0000 1.0000 1.6350 6.0000 -6.0000 -10.0000 10.0000 -2.0000 2.0000 0.3354 0.5613 0.3344 0.5892 0.6805 2.5009 1.9728 4.7268 
1.0000 52.0000 1.0000 2.0000 0.0000 -2.5100 8 1.0000 1.0000 2.3590 -4.0000 4.0000 8.0000 0.0000 12.0000 -8.0000 0.7627 0.4289 0.3625 0.3203 0.6282 2.5026 1.8131 4.5619 
1.0000 31.0000 1.0000 0.0000 1.0000 -2.5100 8 1.0000 1.0000 1.4930 10.0000 2.0000 -10.0000 6.0000 -6.0000 -2.0000 0.5000 0.5000 0.5000 0.5000 0.5000 2.5000 1.9791 4.7259 
1.0000 30.0000 1.0000 0.0000 1.0000 -5.0200 8 1.0000 1.0000 1.0480 6.0000 -6.0000 -10.0000 10.0000 -2.0000 2.0000 0.5000 0.5000 0.5000 0.5000 0.5000 2.5000 1.9558 4.7093 
1.0000 23.0000 1.0000 -2.0000 0.0000 -5.0200 8 1.0000 1.0000 1.0590 0.0000 -8.0000 -12.0000 8.0000 -4.0000 4.0000 0.3102 0.5655 0.4242 0.7908 0.4065 2.4971 1.8120 4.5565 
1.0000 6.0000 1.0000 -4.0000 1.0000 5.0200 2 -1.0000 1.0000 1.0120 -10.0000 -2.0000 6.0000 -6.0000 2.0000 -14.0000 0.5000 0.5000 0.5000 0.5000 0.5000 2.5000 1.9172 4.6592 
1.0000 57.0000 1.0000 4.0000 1.0000 -7.5300 8 1.0000 1.0000 1.1380 14.0000 6.0000 -2.0000 10.0000 -6.0000 2.0000 0.5000 0.5000 0.5000 0.5000 0.5000 2.5000 1.9501 4.6926 
1.0000 40.0000 1.0000 0.0000 0.0000 2.5100 2 -1.0000 1.0000 1.0640 -6.0000 2.0000 6.0000 -2.0000 10.0000 -10.0000 0.6001 0.4123 0.7123 0.4457 0.3336 2.5041 1.8161 4.5800 
1.0000 4.0000 1.0000 -4.0000 1.0000 0.0000 8 1.0000 0.0000 1.4140 6.0000 -6.0000 -14.0000 -2.0000 -10.0000 2.0000 0.5000 0.5000 0.5000 0.5000 0.5000 2.5000 1.9415 4.6926 
1.0000 11.0000 1.0000 -4.0000 0.0000 0.0000 8 1.0000 0.0000 1.6220 2.0000 -10.0000 -14.0000 6.0000 -6.0000 -2.0000 0.4997 0.3224 0.4910 0.7877 0.4008 2.5016 1.9154 4.6777 
1.0000 29.0000 1.0000 0.0000 1.0000 -7.5300 8 1.0000 1.0000 1.2110 -6.0000 2.0000 10.0000 -2.0000 6.0000 -10.0000 0.5000 0.5000 0.5000 0.5000 0.5000 2.5000 1.9566 4.7091 
1.0000 62.0000 1.0000 4.0000 1.0000 5.0200 2 -1.0000 1.0000 0.9940 10.0000 2.0000 -6.0000 6.0000 -2.0000 14.0000 0.5000 0.5000 0.5000 0.5000 0.5000 2.5000 1.9531 4.7093 
1.0000 64.0000 1.0000 4.0000 0.0000 -7.5300 8 1.0000 1.0000 1.5310 10.0000 -2.0000 -6.0000 14.0000 2.0000 6.0000 0.5284 0.4142 0.3337 0.5524 0.6756 2.5043 1.8793 4.6304 
1.0000 46.0000 1.0000 2.0000 1.0000 0.0000 2 -1.0000 0.0000 1.0470 -4.0000 8.0000 12.0000 -8.0000 4.0000 0.0000 0.5000 0.5000 0.5000 0.5000 0.5000 2.5000 1.9343 4.6759 
1.0000 70.0000 1.0000 4.0000 0.0000 7.5300 2 -1.0000 1.0000 0.9430 2.0000 10.0000 14.0000 -6.0000 6.0000 -2.0000 0.4805 0.4348 0.6202 0.3388 0.6276 2.5019 1.9014 4.6444 
1.0000 14.0000 1.0000 -4.0000 0.0000 7.5300 2 -1.0000 1.0000 0.8220 -10.0000 -2.0000 6.0000 -6.0000 2.0000 -14.0000 0.4076 0.3710 0.6195 0.7780 0.3198 2.4960 1.7950 4.5552 
1.0000 20.0000 1.0000 -2.0000 1.0000 5.0200 2 -1.0000 1.0000 1.1380 4.0000 -8.0000 -12.0000 8.0000 -4.0000 0.0000 0.5000 0.5000 0.5000 0.5000 0.5000 2.5000 1.8166 4.5758 
1.0000 50.0000 1.0000 2.0000 0.0000 -7.5300 8 1.0000 1.0000 1.5180 -4.0000 4.0000 12.0000 0.0000 8.0000 -8.0000 0.3198 0.7503 0.5275 0.5807 0.3228 2.5012 1.8519 4.6105 
1.0000 66.0000 1.0000 4.0000 0.0000 -2.5100 2 -1.0000 0.0000 2.9810 14.0000 2.0000 -2.0000 6.0000 -6.0000 10.0000 0.3028 0.4628 0.6245 0.7620 0.3532 2.5053 1.8390 4.5977 
1.0000 58.0000 1.0000 4.0000 1.0000 -5.0200 8 1.0000 1.0000 1.8740 6.0000 -2.0000 -6.0000 14.0000 2.0000 10.0000 0.5000 0.5000 0.5000 0.5000 0.5000 2.5000 1.8091 4.5592 
1.0000 35.0000 1.0000 0.0000 1.0000 7.5300 2 -1.0000 1.0000 1.6230 10.0000 -2.0000 -10.0000 2.0000 -6.0000 6.0000 0.5000 0.5000 0.5000 0.5000 0.5000 2.5000 1.9450 4.6924 
1.0000 13.0000 1.0000 -4.0000 0.0000 5.0200 8 1.0000 0.0000 2.3960 -14.0000 -2.0000 6.0000 -6.0000 2.0000 -10.0000 0.4902 0.6804 0.5317 0.3449 0.4494 2.4966 1.7768 4.5224 
1.0000 10.0000 1.0000 -4.0000 0.0000 -2.5100 8 1.0000 1.0000 1.8430 -2.0000 -10.0000 -14.0000 6.0000 -6.0000 2.0000 0.5908 0.5511 0.3116 0.7088 0.3460 2.5083 1.7510 4.5008 
1.0000 56.0000 1.0000 2.0000 0.0000 7.5300 2 -1.0000 1.0000 1.3490 -4.0000 8.0000 12.0000 -8.0000 4.0000 0.0000 0.5417 0.3486 0.7206 0.5364 0.3540 2.5013 1.8332 4.5771 
1.0000 24.0000 1.0000 -2.0000 0.0000 -2.5100 8 1.0000 1.0000 2.4230 -12.0000 -4.0000 4.0000 -8.0000 8.0000 0.0000 0.3995 0.4473 0.7712 0.3025 0.5762 2.4966 1.9579 4.7060 
1.0000 39.0000 1.0000 0.0000 0.0000 0.0000 2 -1.0000 0.0000 2.4050 -10.0000 2.0000 10.0000 -2.0000 6.0000 -6.0000 0.3556 0.7715 0.3517 0.6209 0.4071 2.5068 1.9246 4.6827 
1.0000 38.0000 1.0000 0.0000 0.0000 -2.5100 2 -1.0000 0.0000 2.5470 6.0000 -6.0000 -10.0000 10.0000 -2.0000 2.0000 0.6590 0.3084 0.6769 0.3433 0.5094 2.4969 1.9060 4.6561 
1.0000 22.0000 1.0000 -2.0000 0.0000 -7.5300 8 1.0000 1.0000 1.3770 0.0000 -8.0000 -12.0000 8.0000 -4.0000 4.0000 0.4509 0.7865 0.3528 0.4007 0.5065 2.4974 1.8244 4.5732 
1.0000 8.0000 1.0000 -4.0000 0.0000 -7.5300 8 1.0000 1.0000 1.1840 6.0000 -6.0000 -10.0000 -2.0000 -14.0000 2.0000 0.5925 0.5295 0.3530 0.3931 0.6381 2.5062 1.9699 4.7322 
1.0000 43.0000 1.0000 2.0000 1.0000 -7.5300 8 1.0000 1.0000 1.4770 8.0000 -4.0000 -8.0000 12.0000 0.0000 4.0000 0.5000 0.5000 0.5000 0.5000 0.5000 2.5000 1.8765 4.6258 
1.0000 57.0000 2.0000 4.0000 1.0000 -7.5300 8 1.0000 1.0000 1.9670 -2.0000 6.0000 10.0000 2.0000 14.0000 -6.0000 0.5000 0.5000 0.5000 0.5000 0.5000 2.5000 1.9174 4.6759 
1.0000 8.0000 2.0000 -4.0000 0.0000 -7.5300 8 1.0000 1.0000 1.2530 2.0000 -10.0000 -14.0000 6.0000 -6.0000 -2.0000 0.3865 0.4645 0.5937 0.3645 0.6962 2.5055 1.8103 4.5646 
1.0000 11.0000 2.0000 -4.0000 0.0000 0.0000 2 -1.0000 0.0000 1.1350 -14.0000 -2.0000 6.0000 -6.0000 2.0000 -10.0000 0.3933 0.5075 0.6153 0.4235 0.5671 2.5066 1.8642 4.6158 
1.0000 68.0000 2.0000 4.0000 0.0000 2.5100 2 -1.0000 1.0000 0.9680 -6.0000 2.0000 10.0000 -2.0000 14.0000 6.0000 0.4465 0.3064 0.5895 0.4156 0.7395 2.4974 1.7603 4.5067 
1.0000 24.0000 2.0000 -2.0000 0.0000 -2.5100 2 -1.0000 0.0000 2.6880 8.0000 -4.0000 -12.0000 0.0000 -8.0000 4.0000 0.3091 0.6989 0.6532 0.3407 0.5076 2.5095 1.9671 4.7187 
1.0000 47.0000 2.0000 2.0000 1.0000 2.5100 2 -1.0000 1.0000 0.8510 4.0000 -4.0000 -8.0000 12.0000 0.0000 8.0000 0.5000 0.5000 0.5000 0.5000 0.5000 2.5000 1.8190 4.5592 
1.0000 5.0000 2.0000 -4.0000 1.0000 2.5100 2 -1.0000 1.0000 0.8260 -6.0000 2.0000 6.0000 -14.0000 -2.0000 -10.0000 0.5000 0.5000 0.5000 0.5000 0.5000 2.5000 1.8555 4.6092 
1.0000 60.0000 2.0000 4.0000 1.0000 0.0000 2 -1.0000 0.0000 0.7330 14.0000 6.0000 -2.0000 10.0000 -6.0000 2.0000 0.5000 0.5000 0.5000 0.5000 0.5000 2.5000 1.8496 4.6092 
1.0000 46.0000 2.0000 2.0000 1.0000 0.0000 2 -1.0000 0.0000 0.8800 -8.0000 0.0000 8.0000 -4.0000 12.0000 4.0000 0.5000 0.5000 0.5000 0.5000 0.5000 2.5000 1.8871 4.6427 
1.0000 43.0000 2.0000 2.0000 1.0000 -7.5300 8 1.0000 1.0000 2.5290 -8.0000 0.0000 8.0000 -4.0000 12.0000 4.0000 0.5000 0.5000 0.5000 0.5000 0.5000 2.5000 1.8046 4.5592 
1.0000 53.0000 2.0000 2.0000 0.0000 0.0000 2 -1.0000 0.0000 1.0900 -8.0000 4.0000 12.0000 0.0000 8.0000 -4.0000 0.5285 0.7813 0.3075 0.4116 0.4706 2.4994 1.7609 4.5085 
1.0000 48.0000 2.0000 2.0000 1.0000 5.0200 2 -1.0000 1.0000 1.4850 0.0000 8.0000 12.0000 -8.0000 4.0000 -4.0000 0.5000 0.5000 0.5000 0.5000 0.5000 2.5000 1.8071 4.5593 
1.0000 15.0000 2.0000 -2.0000 1.0000 -7.5300 8 1.0000 1.0000 1.4950 4.0000 -4.0000 -12.0000 0.0000 -8.0000 8.0000 0.5000 0.5000 0.5000 0.5000 0.5000 2.5000 1.9764 4.7259 
1.0000 42.0000 2.0000 0.0000 0.0000 7.5300 2 -1.0000 1.0000 1.2920 10.0000 2.0000 -6.0000 6.0000 -10.0000 -2.0000 0.4597 0.3807 0.6345 0.3101 0.7208 2.5057 1.9270 4.6815 
1.0000 3.0000 2.0000 -4.0000 1.0000 -2.5100 8 1.0000 1.0000 2.1170 -10.0000 -2.0000 2.0000 -6.0000 6.0000 -14.0000 0.5000 0.5000 0.5000 0.5000 0.5000 2.5000 1.8327 4.5759 
1.0000 1.0000 2.0000 -4.0000 1.0000 -7.5300 8 1.0000 1.0000 2.1700 -10.0000 2.0000 6.0000 -14.0000 -2.0000 -6.0000 0.5000 0.5000 0.5000 0.5000 0.5000 2.5000 1.8939 4.6594 
1.0000 6.0000 2.0000 -4.0000 1.0000 5.0200 2 -1.0000 1.0000 1.0500 2.0000 -6.0000 -10.0000 -2.0000 -14.0000 6.0000 0.5000 0.5000 0.5000 0.5000 0.5000 2.5000 1.8669 4.6258 
1.0000 65.0000 2.0000 4.0000 0.0000 -5.0200 8 1.0000 1.0000 1.5790 -6.0000 2.0000 10.0000 -2.0000 14.0000 6.0000 0.3564 0.3128 0.7361 0.4519 0.6406 2.4978 1.9181 4.6737 
1.0000 27.0000 2.0000 -2.0000 0.0000 5.0200 2 -1.0000 1.0000 0.8980 -12.0000 0.0000 4.0000 -4.0000 8.0000 -8.0000 0.4250 0.4525 0.4782 0.5475 0.5931 2.4964 1.9056 4.6557 
1.0000 61.0000 2.0000 4.0000 1.0000 2.5100 2 -1.0000 1.0000 1.0400 -6.0000 6.0000 10.0000 2.0000 14.0000 -2.0000 0.5000 0.5000 0.5000 0.5000 0.5000 2.5000 1.9213 4.6760 
1.0000 56.0000 2.0000 2.0000 0.0000 7.5300 2 -1.0000 1.0000 1.1840 12.0000 4.0000 -4.0000 8.0000 -8.0000 0.0000 0.5318 0.5947 0.5447 0.3060 0.5302 2.5074 1.8948 4.6501 
1.0000 58.0000 2.0000 4.0000 1.0000 -5.0200 8 1.0000 1.0000 1.3390 14.0000 2.0000 -6.0000 6.0000 -2.0000 10.0000 0.5000 0.5000 0.5000 0.5000 0.5000 2.5000 1.8542 4.5925 
1.0000 2.0000 2.0000 -4.0000 1.0000 -5.0200 8 1.0000 1.0000 1.0170 -14.0000 -6.0000 2.0000 -10.0000 6.0000 -2.0000 0.5000 0.5000 0.5000 0.5000 0.5000 2.5000 1.8822 4.6258 
1.0000 32.0000 2.0000 0.0000 1.0000 0.0000 8 1.0000 0.0000 2.2220 10.0000 -2.0000 -10.0000 2.0000 -6.0000 6.0000 0.5000 0.5000 0.5000 0.5000 0.5000 2.5000 1.7817 4.5259 
1.0000 35.0000 2.0000 0.0000 1.0000 7.5300 2 -1.0000 1.0000 1.2190 -10.0000 2.0000 10.0000 -2.0000 6.0000 -6.0000 0.5000 0.5000 0.5000 0.5000 0.5000 2.5000 1.8018 4.5592 
1.0000 28.0000 2.0000 -2.0000 0.0000 7.5300 2 -1.0000 1.0000 0.9850 -12.0000 0.0000 8.0000 -4.0000 4.0000 -8.0000 0.3469 0.4453 0.3536 0.6489 0.7137 2.5084 1.9297 4.7009 
1.0000 51.0000 2.0000 2.0000 0.0000 -5.0200 8 1.0000 1.0000 2.9170 -8.0000 0.0000 8.0000 -4.0000 12.0000 4.0000 0.6247 0.7140 0.4862 0.3130 0.3704 2.5083 1.7644 4.5342 
1.0000 50.0000 2.0000 2.0000 0.0000 -7.5300 8 1.0000 1.0000 1.1650 0.0000 8.0000 12.0000 -8.0000 4.0000 -4.0000 0.3468 0.7602 0.3170 0.4671 0.6107 2.5018 1.9836 4.7445 
1.0000 40.0000 2.0000 0.0000 0.0000 2.5100 2 -1.0000 1.0000 1.1100 -6.0000 6.0000 10.0000 -10.0000 2.0000 -2.0000 0.4261 0.6714 0.3485 0.7060 0.3464 2.4983 1.7556 4.5074 
1.0000 12.0000 2.0000 -4.0000 0.0000 2.5100 2 -1.0000 1.0000 1.7190 -14.0000 -2.0000 6.0000 -6.0000 2.0000 -10.0000 0.5077 0.3169 0.4869 0.4233 0.7563 2.4911 1.8087 4.5504 
1.0000 34.0000 2.0000 0.0000 1.0000 5.0200 2 -1.0000 1.0000 1.0010 -6.0000 2.0000 10.0000 -2.0000 6.0000 -10.0000 0.5000 0.5000 0.5000 0.5000 0.5000 2.5000 1.9889 4.7261 
1.0000 66.0000 2.0000 4.0000 0.0000 -2.5100 8 1.0000 1.0000 2.5050 2.0000 10.0000 14.0000 -6.0000 6.0000 -2.0000 0.5321 0.4690 0.6460 0.4610 0.3963 2.5044 1.9304 4.6802 
1.0000 22.0000 2.0000 -2.0000 0.0000 -7.5300 8 1.0000 1.0000 1.0110 4.0000 -8.0000 -12.0000 8.0000 -4.0000 0.0000 0.4212 0.3402 0.7621 0.6356 0.3439 2.5030 1.7666 4.5288 
1.0000 10.0000 2.0000 -4.0000 0.0000 -2.5100 8 1.0000 1.0000 1.7770 2.0000 -6.0000 -14.0000 -2.0000 -10.0000 6.0000 0.3596 0.7539 0.4685 0.3121 0.6017 2.4959 1.9508 4.7051 
1.0000 63.0000 2.0000 4.0000 1.0000 7.5300 2 -1.0000 1.0000 2.5910 -6.0000 6.0000 10.0000 2.0000 14.0000 -2.0000 0.5000 0.5000 0.5000 0.5000 0.5000 2.5000 1.9767 4.7261 
1.0000 52.0000 2.0000 2.0000 0.0000 -2.5100 8 1.0000 1.0000 3.9540 -4.0000 8.0000 12.0000 -8.0000 4.0000 0.0000 0.6498 0.3507 0.4995 0.4443 0.5557 2.5001 1.8433 4.5927 
1.0000 36.0000 2.0000 0.0000 0.0000 -7.5300 8 1.0000 1.0000 1.1280 10.0000 -2.0000 -6.0000 2.0000 -10.0000 6.0000 0.6681 0.5846 0.3108 0.3639 0.5763 2.5037 1.8285 4.5797 
1.0000 25.0000 2.0000 -2.0000 0.0000 0.0000 8 1.0000 0.0000 1.2270 8.0000 0.0000 -8.0000 4.0000 -12.0000 -4.0000 0.6241 0.5095 0.3051 0.5473 0.5144 2.5003 1.8964 4.6428 
1.0000 44.0000 2.0000 2.0000 1.0000 -5.0200 8 1.0000 1.0000 1.3290 12.0000 0.0000 -8.0000 4.0000 -4.0000 8.0000 0.5000 0.5000 0.5000 0.5000 0.5000 2.5000 1.9711 4.7092 
1.0000 38.0000 2.0000 0.0000 0.0000 -2.5100 8 1.0000 1.0000 1.1550 10.0000 -2.0000 -6.0000 2.0000 -10.0000 6.0000 0.4811 0.6092 0.4557 0.3368 0.6166 2.4994 1.9681 4.7085 
1.0000 54.0000 2.0000 2.0000 0.0000 2.5100 2 -1.0000 1.0000 1.7640 4.0000 -4.0000 -8.0000 12.0000 0.0000 8.0000 0.6420 0.3523 0.3127 0.4630 0.7329 2.5029 1.7511 4.5119 
1.0000 41.0000 2.0000 0.0000 0.0000 5.0200 8 1.0000 0.0000 1.3560 6.0000 -2.0000 -6.0000 2.0000 -10.0000 10.0000 0.4161 0.5555 0.6698 0.3394 0.5288 2.5097 1.9327 4.7023 
1.0000 70.0000 2.0000 4.0000 0.0000 7.5300 2 -1.0000 1.0000 0.8020 6.0000 -2.0000 -6.0000 14.0000 2.0000 10.0000 0.5734 0.3490 0.5882 0.5254 0.4623 2.4984 1.9652 4.7242 
1.0000 20.0000 2.0000 -2.0000 1.0000 5.0200 2 -1.0000 1.0000 1.0840 4.0000 -4.0000 -8.0000 0.0000 -12.0000 8.0000 0.5000 0.5000 0.5000 0.5000 0.5000 2.5000 1.9169 4.6759 
1.0000 67.0000 2.0000 4.0000 0.0000 0.0000 2 -1.0000 0.0000 1.6870 10.0000 2.0000 -6.0000 6.0000 -2.0000 14.0000 0.4588 0.7615 0.3937 0.3076 0.5871 2.5087 1.9543 4.7180 
1.0000 21.0000 2.0000 -2.0000 1.0000 7.5300 2 -1.0000 1.0000 1.0810 -12.0000 -4.0000 4.0000 -8.0000 8.0000 0.0000 0.5000 0.5000 0.5000 0.5000 0.5000 2.5000 1.9690 4.7094 
1.0000 7.0000 2.0000 -4.0000 1.0000 7.5300 2 -1.0000 1.0000 0.7110 -14.0000 -6.0000 2.0000 -10.0000 6.0000 -2.0000 0.5000 0.5000 0.5000 0.5000 0.5000 2.5000 1.8871 4.6258 
1.0000 23.0000 2.0000 -2.0000 0.0000 -5.0200 8 1.0000 1.0000 1.8270 4.0000 -8.0000 -12.0000 8.0000 -4.0000 0.0000 0.3710 0.5301 0.3752 0.7686 0.4489 2.4938 1.7803 4.5196 
1.0000 59.0000 2.0000 4.0000 1.0000 -2.5100 2 -1.0000 0.0000 1.9370 -6.0000 2.0000 10.0000 -2.0000 14.0000 6.0000 0.5000 0.5000 0.5000 0.5000 0.5000 2.5000 1.7638 4.5092 
1.0000 26.0000 2.0000 -2.0000 0.0000 2.5100 2 -1.0000 1.0000 1.1130 -8.0000 0.0000 8.0000 -4.0000 4.0000 -12.0000 0.6616 0.4455 0.5889 0.5098 0.3001 2.5059 1.9348 4.6986 
1.0000 9.0000 2.0000 -4.0000 0.0000 -5.0200 8 1.0000 1.0000 1.3400 -14.0000 -2.0000 2.0000 -6.0000 6.0000 -10.0000 0.3356 0.7056 0.4249 0.3518 0.6823 2.5003 1.9299 4.6928 
1.0000 45.0000 2.0000 2.0000 1.0000 -2.5100 8 1.0000 1.0000 2.6130 12.0000 0.0000 -8.0000 4.0000 -4.0000 8.0000 0.5000 0.5000 0.5000 0.5000 0.5000 2.5000 1.9638 4.7093 
1.0000 14.0000 2.0000 -4.0000 0.0000 7.5300 2 -1.0000 1.0000 0.8340 -10.0000 -2.0000 2.0000 -6.0000 6.0000 -14.0000 0.3379 0.5449 0.6329 0.6035 0.3796 2.4989 1.7972 4.5413 
1.0000 16.0000 2.0000 -2.0000 1.0000 -5.0200 8 1.0000 1.0000 1.6750 -12.0000 0.0000 8.0000 -4.0000 4.0000 -8.0000 0.5000 0.5000 0.5000 0.5000 0.5000 2.5000 1.8698 4.6258 
1.0000 17.0000 2.0000 -2.0000 1.0000 -2.5100 8 1.0000 1.0000 2.7580 -12.0000 -4.0000 8.0000 -8.0000 4.0000 0.0000 0.5000 0.5000 0.5000 0.5000 0.5000 2.5000 1.9624 4.7092 
1.0000 64.0000 2.0000 4.0000 0.0000 -7.5300 8 1.0000 1.0000 1.1800 -2.0000 6.0000 14.0000 2.0000 10.0000 -6.0000 0.7650 0.6135 0.4217 0.3798 0.3248 2.5048 1.8085 4.5641 
1.0000 29.0000 2.0000 0.0000 1.0000 -7.5300 8 1.0000 1.0000 1.1170 10.0000 2.0000 -6.0000 6.0000 -10.0000 -2.0000 0.5000 0.5000 0.5000 0.5000 0.5000 2.5000 1.9848 4.7259 
1.0000 62.0000 2.0000 4.0000 1.0000 5.0200 2 -1.0000 1.0000 1.2220 14.0000 6.0000 -6.0000 10.0000 -2.0000 2.0000 0.5000 0.5000 0.5000 0.5000 0.5000 2.5000 1.9466 4.7092 
1.0000 19.0000 2.0000 -2.0000 1.0000 2.5100 2 -1.0000 1.0000 0.9920 -12.0000 -4.0000 4.0000 -8.0000 8.0000 0.0000 0.5000 0.5000 0.5000 0.5000 0.5000 2.5000 1.8518 4.6092 
1.0000 4.0000 2.0000 -4.0000 1.0000 0.0000 8 1.0000 0.0000 3.3020 -10.0000 -2.0000 2.0000 -6.0000 6.0000 -14.0000 0.5000 0.5000 0.5000 0.5000 0.5000 2.5000 1.9563 4.7093 
1.0000 49.0000 2.0000 2.0000 1.0000 7.5300 2 -1.0000 1.0000 0.9030 -4.0000 4.0000 12.0000 0.0000 8.0000 -8.0000 0.5000 0.5000 0.5000 0.5000 0.5000 2.5000 1.7723 4.5257 
1.0000 37.0000 2.0000 0.0000 0.0000 -5.0200 8 1.0000 1.0000 1.3520 -6.0000 6.0000 10.0000 -10.0000 2.0000 -2.0000 0.4360 0.7457 0.5044 0.3429 0.4623 2.4914 1.8268 4.5672 
1.0000 69.0000 2.0000 4.0000 0.0000 5.0200 2 -1.0000 1.0000 0.8810 -6.0000 2.0000 10.0000 -2.0000 14.0000 6.0000 0.3089 0.7328 0.3991 0.3571 0.7074 2.5053 1.9951 4.7478 
1.0000 55.0000 2.0000 2.0000 0.0000 5.0200 2 -1.0000 1.0000 0.7480 -8.0000 4.0000 8.0000 0.0000 12.0000 -4.0000 0.3851 0.4567 0.4955 0.4465 0.7180 2.5018 1.9545 4.6945 
1.0000 31.0000 2.0000 0.0000 1.0000 -2.5100 2 -1.0000 0.0000 1.0250 10.0000 -2.0000 -10.0000 2.0000 -6.0000 6.0000 0.5000 0.5000 0.5000 0.5000 0.5000 2.5000 1.8686 4.6093 
1.0000 18.0000 2.0000 -2.0000 1.0000 0.0000 2 -1.0000 0.0000 1.2610 8.0000 -4.0000 -8.0000 0.0000 -12.0000 4.0000 0.5000 0.5000 0.5000 0.5000 0.5000 2.5000 1.8147 4.5591 
1.0000 33.0000 2.0000 0.0000 1.0000 2.5100 2 -1.0000 1.0000 1.0510 2.0000 -6.0000 -10.0000 10.0000 -2.0000 6.0000 0.5000 0.5000 0.5000 0.5000 0.5000 2.5000 1.8832 4.6425 
1.0000 13.0000 2.0000 -4.0000 0.0000 5.0200 2 -1.0000 1.0000 1.5970 -14.0000 -2.0000 6.0000 -6.0000 2.0000 -10.0000 0.3539 0.4605 0.7381 0.3514 0.5988 2.5027 1.8246 4.5785 
1.0000 30.0000 2.0000 0.0000 1.0000 -5.0200 8 1.0000 1.0000 0.9920 -10.0000 2.0000 10.0000 -2.0000 6.0000 -6.0000 0.5000 0.5000 0.5000 0.5000 0.5000 2.5000 1.8776 4.6259 
1.0000 39.0000 2.0000 0.0000 0.0000 0.0000 2 -1.0000 0.0000 1.4590 -10.0000 2.0000 6.0000 -2.0000 10.0000 -6.0000 0.4673 0.5680 0.3332 0.6321 0.4943 2.4949 1.8169 4.5707 
1.0000 28.0000 3.0000 -2.0000 0.0000 7.5300 2 -1.0000 1.0000 1.6530 8.0000 0.0000 -12.0000 4.0000 -8.0000 -4.0000 0.4361 0.3105 0.5344 0.7920 0.4209 2.4939 1.9409 4.6865 
1.0000 51.0000 3.0000 2.0000 0.0000 -5.0200 8 1.0000 1.0000 1.2070 -4.0000 4.0000 12.0000 0.0000 8.0000 -8.0000 0.5178 0.4320 0.5563 0.5121 0.4820 2.5003 1.8346 4.5928 
1.0000 55.0000 3.0000 2.0000 0.0000 5.0200 2 -1.0000 1.0000 1.3800 -8.0000 4.0000 12.0000 0.0000 8.0000 -4.0000 0.4887 0.3081 0.6410 0.5084 0.5489 2.4950 1.9825 4.7209 
1.0000 62.0000 3.0000 4.0000 1.0000 5.0200 2 -1.0000 1.0000 1.3150 14.0000 6.0000 -2.0000 10.0000 -6.0000 2.0000 0.5000 0.5000 0.5000 0.5000 0.5000 2.5000 1.9986 4.7427 
1.0000 4.0000 3.0000 -4.0000 1.0000 0.0000 8 1.0000 0.0000 1.4250 6.0000 -6.0000 -14.0000 -2.0000 -10.0000 2.0000 0.5000 0.5000 0.5000 0.5000 0.5000 2.5000 1.8307 4.5758 
1.0000 17.0000 3.0000 -2.0000 1.0000 -2.5100 8 1.0000 1.0000 0.8380 8.0000 -4.0000 -12.0000 0.0000 -8.0000 4.0000 0.5000 0.5000 0.5000 0.5000 0.5000 2.5000 1.8277 4.5758 
1.0000 22.0000 3.0000 -2.0000 0.0000 -7.5300 8 1.0000 1.0000 1.1990 -12.0000 0.0000 4.0000 -4.0000 8.0000 -8.0000 0.3911 0.7046 0.4196 0.5515 0.4373 2.5042 1.8480 4.5968 
1.0000 63.0000 3.0000 4.0000 1.0000 7.5300 2 -1.0000 1.0000 0.8390 -6.0000 6.0000 10.0000 2.0000 14.0000 -2.0000 0.5000 0.5000 0.5000 0.5000 0.5000 2.5000 1.9039 4.6592 
1.0000 67.0000 3.0000 4.0000 0.0000 0.0000 2 -1.0000 0.0000 1.2680 -2.0000 6.0000 10.0000 2.0000 14.0000 -6.0000 0.4007 0.4943 0.3902 0.4172 0.7925 2.4949 1.9925 4.7375 
1.0000 19.0000 3.0000 -2.0000 1.0000 2.5100 2 -1.0000 1.0000 0.7970 -8.0000 4.0000 8.0000 -12.0000 0.0000 -4.0000 0.5000 0.5000 0.5000 0.5000 0.5000 2.5000 1.8287 4.5759 
1.0000 27.0000 3.0000 -2.0000 0.0000 5.0200 2 -1.0000 1.0000 0.8520 8.0000 -4.0000 -8.0000 0.0000 -12.0000 4.0000 0.5689 0.3047 0.6357 0.6633 0.3301 2.5028 1.7884 4.5454 
1.0000 41.0000 3.0000 0.0000 0.0000 5.0200 2 -1.0000 1.0000 1.1870 -10.0000 -2.0000 10.0000 -6.0000 6.0000 2.0000 0.3851 0.7444 0.3517 0.3847 0.6313 2.4972 1.8783 4.6230 
1.0000 47.0000 3.0000 2.0000 1.0000 2.5100 2 -1.0000 1.0000 0.8600 12.0000 0.0000 -8.0000 4.0000 -4.0000 8.0000 0.5000 0.5000 0.5000 0.5000 0.5000 2.5000 1.9134 4.6593 
1.0000 39.0000 3.0000 0.0000 0.0000 0.0000 2 -1.0000 0.0000 1.1190 -10.0000 -2.0000 6.0000 -6.0000 10.0000 2.0000 0.3189 0.4878 0.5880 0.4375 0.6634 2.4957 1.8116 4.5548 
1.0000 23.0000 3.0000 -2.0000 0.0000 -5.0200 8 1.0000 1.0000 1.2110 -12.0000 0.0000 4.0000 -4.0000 8.0000 -8.0000 0.4650 0.3005 0.4660 0.6902 0.5743 2.4961 1.9433 4.6886 
1.0000 16.0000 3.0000 -2.0000 1.0000 -5.0200 8 1.0000 1.0000 1.1180 8.0000 -4.0000 -12.0000 0.0000 -8.0000 4.0000 0.5000 0.5000 0.5000 0.5000 0.5000 2.5000 1.9155 4.6592 
1.0000 46.0000 3.0000 2.0000 1.0000 0.0000 2 -1.0000 0.0000 1.2890 8.0000 0.0000 -4.0000 4.0000 -8.0000 12.0000 0.5000 0.5000 0.5000 0.5000 0.5000 2.5000 1.8578 4.6092 
1.0000 26.0000 3.0000 -2.0000 0.0000 2.5100 2 -1.0000 1.0000 1.1610 -12.0000 -4.0000 8.0000 -8.0000 4.0000 0.0000 0.5422 0.4722 0.5044 0.3658 0.6216 2.5062 1.8218 4.5820 
1.0000 10.0000 3.0000 -4.0000 0.0000 -2.5100 8 1.0000 1.0000 1.1200 -14.0000 -2.0000 2.0000 -6.0000 6.0000 -10.0000 0.3099 0.3593 0.7318 0.3955 0.7098 2.5063 1.9643 4.7321 
1.0000 59.0000 3.0000 4.0000 1.0000 -2.5100 8 1.0000 1.0000 1.6100 10.0000 2.0000 -2.0000 6.0000 -6.0000 14.0000 0.5000 0.5000 0.5000 0.5000 0.5000 2.5000 1.9986 4.7427 
1.0000 8.0000 3.0000 -4.0000 0.0000 -7.5300 8 1.0000 1.0000 0.9520 2.0000 -6.0000 -10.0000 -2.0000 -14.0000 6.0000 0.5153 0.4874 0.6159 0.3443 0.5414 2.5042 1.9754 4.7302 
1.0000 9.0000 3.0000 -4.0000 0.0000 -5.0200 8 1.0000 1.0000 1.0780 6.0000 -6.0000 -14.0000 -2.0000 -10.0000 2.0000 0.3439 0.4080 0.7383 0.6931 0.3245 2.5078 1.8343 4.5836 
1.0000 30.0000 3.0000 0.0000 1.0000 -5.0200 8 1.0000 1.0000 0.7770 -10.0000 -2.0000 6.0000 -6.0000 10.0000 2.0000 0.5000 0.5000 0.5000 0.5000 0.5000 2.5000 1.7786 4.5258 
1.0000 12.0000 3.0000 -4.0000 0.0000 2.5100 2 -1.0000 1.0000 1.9620 -14.0000 -2.0000 6.0000 -6.0000 2.0000 -10.0000 0.6219 0.5711 0.3181 0.5773 0.4087 2.4970 1.7625 4.5062 
1.0000 60.0000 3.0000 4.0000 1.0000 0.0000 8 1.0000 0.0000 2.0450 -6.0000 6.0000 10.0000 2.0000 14.0000 -2.0000 0.5000 0.5000 0.5000 0.5000 0.5000 2.5000 1.8419 4.5925 
1.0000 14.0000 3.0000 -4.0000 0.0000 7.5300 2 -1.0000 1.0000 1.1180 -10.0000 -2.0000 6.0000 -6.0000 2.0000 -14.0000 0.3563 0.6384 0.3752 0.6198 0.5086 2.4984 1.8713 4.6243 
1.0000 45.0000 3.0000 2.0000 1.0000 -2.5100 8 1.0000 1.0000 1.4540 0.0000 8.0000 12.0000 -8.0000 4.0000 -4.0000 0.5000 0.5000 0.5000 0.5000 0.5000 2.5000 1.7824 4.5425 
1.0000 6.0000 3.0000 -4.0000 1.0000 5.0200 8 1.0000 0.0000 2.8090 -6.0000 2.0000 6.0000 -14.0000 -2.0000 -10.0000 0.5000 0.5000 0.5000 0.5000 0.5000 2.5000 1.8062 4.5592 
1.0000 11.0000 3.0000 -4.0000 0.0000 0.0000 8 1.0000 0.0000 0.9520 2.0000 -10.0000 -14.0000 6.0000 -6.0000 -2.0000 0.6782 0.3544 0.5171 0.5597 0.3990 2.5085 1.9062 4.6677 
1.0000 5.0000 3.0000 -4.0000 1.0000 2.5100 2 -1.0000 1.0000 1.0600 -14.0000 -2.0000 6.0000 -6.0000 2.0000 -10.0000 0.5000 0.5000 0.5000 0.5000 0.5000 2.5000 1.9336 4.6761 
1.0000 36.0000 3.0000 0.0000 0.0000 -7.5300 8 1.0000 1.0000 1.0150 10.0000 2.0000 -10.0000 6.0000 -6.0000 -2.0000 0.5983 0.7688 0.3355 0.4727 0.3230 2.4982 1.7574 4.5075 
1.0000 32.0000 3.0000 0.0000 1.0000 0.0000 2 -1.0000 0.0000 1.1370 -10.0000 -2.0000 6.0000 -6.0000 10.0000 2.0000 0.5000 0.5000 0.5000 0.5000 0.5000 2.5000 1.9084 4.6593 
1.0000 33.0000 3.0000 0.0000 1.0000 2.5100 2 -1.0000 1.0000 1.8720 10.0000 2.0000 -10.0000 6.0000 -6.0000 -2.0000 0.5000 0.5000 0.5000 0.5000 0.5000 2.5000 1.9913 4.7426 
1.0000 13.0000 3.0000 -4.0000 0.0000 5.0200 2 -1.0000 1.0000 0.9630 6.0000 -6.0000 -14.0000 -2.0000 -10.0000 2.0000 0.3050 0.4601 0.4132 0.6340 0.6789 2.4911 1.7690 4.5169 
1.0000 50.0000 3.0000 2.0000 0.0000 -7.5300 8 1.0000 1.0000 1.7140 -8.0000 4.0000 8.0000 0.0000 12.0000 -4.0000 0.3787 0.4391 0.6149 0.3669 0.7028 2.5025 1.9619 4.7284 
1.0000 66.0000 3.0000 4.0000 0.0000 -2.5100 8 1.0000 1.0000 1.6910 6.0000 -2.0000 -6.0000 14.0000 2.0000 10.0000 0.4933 0.4174 0.6535 0.3959 0.5439 2.5041 1.9527 4.7132 
1.0000 61.0000 3.0000 4.0000 1.0000 2.5100 2 -1.0000 1.0000 0.7940 -6.0000 6.0000 10.0000 2.0000 14.0000 -2.0000 0.5000 0.5000 0.5000 0.5000 0.5000 2.5000 1.8545 4.6093 
1.0000 49.0000 3.0000 2.0000 1.0000 7.5300 2 -1.0000 1.0000 0.9300 -8.0000 0.0000 8.0000 -4.0000 12.0000 4.0000 0.5000 0.5000 0.5000 0.5000 0.5000 2.5000 1.9564 4.7092 
1.0000 64.0000 3.0000 4.0000 0.0000 -7.5300 8 1.0000 1.0000 0.9480 10.0000 2.0000 -6.0000 6.0000 -2.0000 14.0000 0.4814 0.7171 0.4328 0.4942 0.3684 2.4940 1.9577 4.7033 
1.0000 42.0000 3.0000 0.0000 0.0000 7.5300 2 -1.0000 1.0000 0.8250 10.0000 -2.0000 -10.0000 2.0000 -6.0000 6.0000 0.4184 0.7038 0.3390 0.6203 0.4278 2.5095 1.8199 4.5687 
1.0000 20.0000 3.0000 -2.0000 1.0000 5.0200 2 -1.0000 1.0000 0.7430 -12.0000 0.0000 8.0000 -4.0000 4.0000 -8.0000 0.5000 0.5000 0.5000 0.5000 0.5000 2.5000 1.9984 4.7425 
1.0000 15.0000 3.0000 -2.0000 1.0000 -7.5300 8 1.0000 1.0000 1.0270 8.0000 -4.0000 -12.0000 0.0000 -8.0000 4.0000 0.5000 0.5000 0.5000 0.5000 0.5000 2.5000 1.9737 4.7094 
1.0000 29.0000 3.0000 0.0000 1.0000 -7.5300 8 1.0000 1.0000 1.2970 -10.0000 -2.0000 10.0000 -6.0000 6.0000 2.0000 0.5000 0.5000 0.5000 0.5000 0.5000 2.5000 1.9047 4.6593 
1.0000 38.0000 3.0000 0.0000 0.0000 -2.5100 8 1.0000 1.0000 0.8190 10.0000 2.0000 -6.0000 6.0000 -10.0000 -2.0000 0.3498 0.4519 0.6203 0.4247 0.6507 2.4974 1.7967 4.5565 
1.0000 69.0000 3.0000 4.0000 0.0000 5.0200 2 -1.0000 1.0000 1.8470 -6.0000 2.0000 10.0000 -2.0000 14.0000 6.0000 0.3444 0.5410 0.7250 0.5437 0.3434 2.4974 1.9638 4.7234 
1.0000 52.0000 3.0000 2.0000 0.0000 -2.5100 2 -1.0000 0.0000 1.5200 12.0000 0.0000 -4.0000 4.0000 -8.0000 8.0000 0.4485 0.3855 0.5527 0.6849 0.4240 2.4956 1.8577 4.6048 
1.0000 44.0000 3.0000 2.0000 1.0000 -5.0200 8 1.0000 1.0000 0.8530 -4.0000 4.0000 8.0000 0.0000 12.0000 -8.0000 0.5000 0.5000 0.5000 0.5000 0.5000 2.5000 1.8769 4.6258 
1.0000 31.0000 3.0000 0.0000 1.0000 -2.5100 8 1.0000 1.0000 1.3810 6.0000 -2.0000 -6.0000 2.0000 -10.0000 10.0000 0.5000 0.5000 0.5000 0.5000 0.5000 2.5000 1.9016 4.6426 
1.0000 48.0000 3.0000 2.0000 1.0000 5.0200 2 -1.0000 1.0000 0.8360 -8.0000 4.0000 8.0000 0.0000 12.0000 -4.0000 0.5000 0.5000 0.5000 0.5000 0.5000 2.5000 1.9572 4.7094 
1.0000 54.0000 3.0000 2.0000 0.0000 2.5100 2 -1.0000 1.0000 1.6780 12.0000 4.0000 -8.0000 8.0000 -4.0000 0.0000 0.3131 0.7765 0.5053 0.3125 0.5913 2.4986 1.8703 4.6077 
1.0000 68.0000 3.0000 4.0000 0.0000 2.5100 2 -1.0000 1.0000 1.7830 14.0000 6.0000 -2.0000 10.0000 -6.0000 2.0000 0.5148 0.3509 0.5664 0.3473 0.7233 2.5027 1.8268 4.5786 
1.0000 25.0000 3.0000 -2.0000 0.0000 0.0000 8 1.0000 0.0000 1.3070 4.0000 -4.0000 -8.0000 0.0000 -12.0000 8.0000 0.6948 0.4329 0.5046 0.4599 0.4019 2.4940 1.8470 4.6032 
1.0000 53.0000 3.0000 2.0000 0.0000 0.0000 8 1.0000 0.0000 2.5090 -4.0000 8.0000 12.0000 -8.0000 4.0000 0.0000 0.3327 0.5218 0.4572 0.6198 0.5588 2.4904 1.7678 4.5162 
1.0000 58.0000 3.0000 4.0000 1.0000 -5.0200 8 1.0000 1.0000 1.1630 -2.0000 6.0000 10.0000 2.0000 14.0000 -6.0000 0.5000 0.5000 0.5000 0.5000 0.5000 2.5000 1.8143 4.5758 
1.0000 2.0000 3.0000 -4.0000 1.0000 -5.0200 8 1.0000 1.0000 0.8970 -10.0000 -2.0000 2.0000 -6.0000 6.0000 -14.0000 0.5000 0.5000 0.5000 0.5000 0.5000 2.5000 1.8053 4.5592 
1.0000 34.0000 3.0000 0.0000 1.0000 5.0200 2 -1.0000 1.0000 1.9360 10.0000 2.0000 -6.0000 6.0000 -10.0000 -2.0000 0.5000 0.5000 0.5000 0.5000 0.5000 2.5000 1.9210 4.6759 
1.0000 21.0000 3.0000 -2.0000 1.0000 7.5300 2 -1.0000 1.0000 0.6660 -4.0000 4.0000 8.0000 -12.0000 0.0000 -8.0000 0.5000 0.5000 0.5000 0.5000 0.5000 2.5000 1.9167 4.6593 
1.0000 65.0000 3.0000 4.0000 0.0000 -5.0200 8 1.0000 1.0000 1.3980 -6.0000 2.0000 10.0000 -2.0000 14.0000 6.0000 0.5683 0.3863 0.6524 0.3218 0.5805 2.5093 1.9497 4.7019 
1.0000 35.0000 3.0000 0.0000 1.0000 7.5300 2 -1.0000 1.0000 0.7090 -2.0000 6.0000 10.0000 -10.0000 2.0000 -6.0000 0.5000 0.5000 0.5000 0.5000 0.5000 2.5000 1.9584 4.7093 
1.0000 56.0000 3.0000 2.0000 0.0000 7.5300 2 -1.0000 1.0000 0.8080 8.0000 0.0000 -8.0000 4.0000 -4.0000 12.0000 0.6678 0.3990 0.6056 0.4569 0.3622 2.4915 1.9968 4.7342 
1.0000 1.0000 3.0000 -4.0000 1.0000 -7.5300 8 1.0000 1.0000 1.5420 2.0000 -10.0000 -14.0000 6.0000 -6.0000 -2.0000 0.5000 0.5000 0.5000 0.5000 0.5000 2.5000 1.9812 4.7425 
1.0000 57.0000 3.0000 4.0000 1.0000 -7.5300 8 1.0000 1.0000 0.9400 10.0000 -2.0000 -6.0000 14.0000 2.0000 6.0000 0.5000 0.5000 0.5000 0.5000 0.5000 2.5000 1.8016 4.5593 
1.0000 40.0000 3.0000 0.0000 0.0000 2.5100 2 -1.0000 1.0000 0.8060 -2.0000 6.0000 10.0000 -10.0000 2.0000 -6.0000 0.4456 0.3784 0.5580 0.6958 0.4322 2.5100 1.8885 4.6524 
1.0000 3.0000 3.0000 -4.0000 1.0000 -2.5100 8 1.0000 1.0000 0.8850 2.0000 -10.0000 -14.0000 6.0000 -6.0000 -2.0000 0.5000 0.5000 0.5000 0.5000 0.5000 2.5000 1.9821 4.7425 
1.0000 24.0000 3.0000 -2.0000 0.0000 -2.5100 8 1.0000 1.0000 0.7040 8.0000 0.0000 -8.0000 4.0000 -12.0000 -4.0000 0.5799 0.4327 0.3459 0.6923 0.4520 2.5027 1.9205 4.6787 
1.0000 7.0000 3.0000 -4.0000 1.0000 7.5300 2 -1.0000 1.0000 0.8590 6.0000 -2.0000 -14.0000 2.0000 -10.0000 -6.0000 0.5000 0.5000 0.5000 0.5000 0.5000 2.5000 1.7807 4.5258 
1.0000 43.0000 3.0000 2.0000 1.0000 -7.5300 8 1.0000 1.0000 0.7690 0.0000 8.0000 12.0000 -8.0000 4.0000 -4.0000 0.5000 0.5000 0.5000 0.5000 0.5000 2.5000 1.9354 4.6760 
1.0000 18.0000 3.0000 -2.0000 1.0000 0.0000 8 1.0000 0.0000 1.9920 -12.0000 -4.0000 4.0000 -8.0000 8.0000 0.0000 0.5000 0.5000 0.5000 0.5000 0.5000 2.5000 1.9743 4.7261 
1.0000 70.0000 3.0000 4.0000 0.0000 7.5300 2 -1.0000 1.0000 0.6810 2.0000 10.0000 14.0000 -6.0000 6.0000 -2.0000 0.5451 0.3376 0.6553 0.3740 0.5964 2.5085 1.9523 4.7010 
1.0000 37.0000 3.0000 0.0000 0.0000 -5.0200 8 1.0000 1.0000 0.7330 -10.0000 2.0000 10.0000 -2.0000 6.0000 -6.0000 0.4324 0.7067 0.5223 0.3560 0.4765 2.4939 1.9557 4.7032 
1.0000 66.0000 4.0000 4.0000 0.0000 -2.5100 2 -1.0000 0.0000 2.0590 -2.0000 10.0000 14.0000 -6.0000 6.0000 2.0000 0.5803 0.4417 0.3052 0.4814 0.6891 2.4977 1.8762 4.6236 
1.0000 14.0000 4.0000 -4.0000 0.0000 7.5300 2 -1.0000 1.0000 0.6440 -6.0000 2.0000 6.0000 -14.0000 -2.0000 -10.0000 0.3854 0.5112 0.7620 0.4609 0.3816 2.5012 1.8608 4.6105 
1.0000 2.0000 4.0000 -4.0000 1.0000 -5.0200 8 1.0000 1.0000 1.4440 2.0000 -6.0000 -10.0000 -2.0000 -14.0000 6.0000 0.5000 0.5000 0.5000 0.5000 0.5000 2.5000 1.8941 4.6425 
1.0000 70.0000 4.0000 4.0000 0.0000 7.5300 8 1.0000 0.0000 0.9710 -2.0000 6.0000 10.0000 2.0000 14.0000 -6.0000 0.3893 0.5386 0.5963 0.4664 0.5092 2.4998 1.9510 4.6924 
1.0000 49.0000 4.0000 2.0000 1.0000 7.5300 2 -1.0000 1.0000 0.5360 0.0000 8.0000 12.0000 -8.0000 4.0000 -4.0000 0.5000 0.5000 0.5000 0.5000 0.5000 2.5000 1.8312 4.5927 
1.0000 69.0000 4.0000 4.0000 0.0000 5.0200 2 -1.0000 1.0000 0.6090 14.0000 2.0000 -6.0000 6.0000 -2.0000 10.0000 0.6954 0.3323 0.5488 0.3724 0.5455 2.4944 1.7565 4.5035 
1.0000 46.0000 4.0000 2.0000 1.0000 0.0000 2 -1.0000 0.0000 2.7190 0.0000 8.0000 12.0000 -8.0000 4.0000 -4.0000 0.5000 0.5000 0.5000 0.5000 0.5000 2.5000 1.9299 4.6926 
1.0000 12.0000 4.0000 -4.0000 0.0000 2.5100 8 1.0000 0.0000 2.1760 -2.0000 -10.0000 -14.0000 6.0000 -6.0000 2.0000 0.5925 0.5023 0.4191 0.3320 0.6552 2.5011 1.8095 4.5604 
1.0000 48.0000 4.0000 2.0000 1.0000 5.0200 2 -1.0000 1.0000 1.1200 -8.0000 4.0000 8.0000 0.0000 12.0000 -4.0000 0.5000 0.5000 0.5000 0.5000 0.5000 2.5000 1.9115 4.6592 
1.0000 6.0000 4.0000 -4.0000 1.0000 5.0200 2 -1.0000 1.0000 1.0360 -10.0000 2.0000 6.0000 -14.0000 -2.0000 -6.0000 0.5000 0.5000 0.5000 0.5000 0.5000 2.5000 1.9293 4.6759 
1.0000 32.0000 4.0000 0.0000 1.0000 0.0000 2 -1.0000 0.0000 1.4350 -6.0000 2.0000 6.0000 -2.0000 10.0000 -10.0000 0.5000 0.5000 0.5000 0.5000 0.5000 2.5000 1.7644 4.5092 
1.0000 21.0000 4.0000 -2.0000 1.0000 7.5300 2 -1.0000 1.0000 2.7160 -8.0000 0.0000 4.0000 -4.0000 8.0000 -12.0000 0.5000 0.5000 0.5000 0.5000 0.5000 2.5000 1.8889 4.6260 
1.0000 23.0000 4.0000 -2.0000 0.0000 -5.0200 2 -1.0000 0.0000 2.2870 -12.0000 0.0000 4.0000 -4.0000 8.0000 -8.0000 0.7572 0.3699 0.4948 0.5659 0.3118 2.4996 1.9228 4.6588 
1.0000 60.0000 4.0000 4.0000 1.0000 0.0000 2 -1.0000 0.0000 1.9340 14.0000 6.0000 -2.0000 10.0000 -6.0000 2.0000 0.5000 0.5000 0.5000 0.5000 0.5000 2.5000 1.7953 4.5592 
1.0000 38.0000 4.0000 0.0000 0.0000 -2.5100 8 1.0000 1.0000 1.8520 6.0000 -2.0000 -10.0000 2.0000 -6.0000 10.0000 0.5025 0.4102 0.4983 0.4591 0.6356 2.5057 1.8675 4.6314 
1.0000 20.0000 4.0000 -2.0000 1.0000 5.0200 2 -1.0000 1.0000 1.0690 -12.0000 -4.0000 4.0000 -8.0000 8.0000 0.0000 0.5000 0.5000 0.5000 0.5000 0.5000 2.5000 1.8015 4.5592 
1.0000 18.0000 4.0000 -2.0000 1.0000 0.0000 2 -1.0000 0.0000 2.8400 4.0000 -8.0000 -12.0000 8.0000 -4.0000 0.0000 0.5000 0.5000 0.5000 0.5000 0.5000 2.5000 1.9895 4.7426 
1.0000 61.0000 4.0000 4.0000 1.0000 2.5100 2 -1.0000 1.0000 0.7420 -6.0000 2.0000 14.0000 -2.0000 10.0000 6.0000 0.5000 0.5000 0.5000 0.5000 0.5000 2.5000 1.9263 4.6759 
1.0000 8.0000 4.0000 -4.0000 0.0000 -7.5300 8 1.0000 1.0000 0.9920 -2.0000 -10.0000 -14.0000 6.0000 -6.0000 2.0000 0.6489 0.4391 0.3456 0.6587 0.4140 2.5064 1.7611 4.5156 
1.0000 56.0000 4.0000 2.0000 0.0000 7.5300 2 -1.0000 1.0000 0.7030 8.0000 0.0000 -8.0000 4.0000 -4.0000 12.0000 0.3054 0.4730 0.6789 0.5787 0.4728 2.5088 1.7840 4.5346 
1.0000 35.0000 4.0000 0.0000 1.0000 7.5300 2 -1.0000 1.0000 0.6840 -6.0000 2.0000 10.0000 -2.0000 6.0000 -10.0000 0.5000 0.5000 0.5000 0.5000 0.5000 2.5000 1.9255 4.6758 
1.0000 10.0000 4.0000 -4.0000 0.0000 -2.5100 8 1.0000 1.0000 0.9260 2.0000 -6.0000 -10.0000 -2.0000 -14.0000 6.0000 0.6064 0.4198 0.3226 0.5074 0.6341 2.4903 1.8009 4.5495 
1.0000 24.0000 4.0000 -2.0000 0.0000 -2.5100 8 1.0000 1.0000 1.1580 8.0000 -4.0000 -12.0000 0.0000 -8.0000 4.0000 0.4333 0.4626 0.5458 0.7086 0.3491 2.4994 1.7709 4.5252 
1.0000 62.0000 4.0000 4.0000 1.0000 5.0200 2 -1.0000 1.0000 1.0620 14.0000 2.0000 -6.0000 6.0000 -2.0000 10.0000 0.5000 0.5000 0.5000 0.5000 0.5000 2.5000 1.7687 4.5259 
1.0000 44.0000 4.0000 2.0000 1.0000 -5.0200 8 1.0000 1.0000 1.6500 -4.0000 4.0000 8.0000 0.0000 12.0000 -8.0000 0.5000 0.5000 0.5000 0.5000 0.5000 2.5000 1.7639 4.5091 
1.0000 28.0000 4.0000 -2.0000 0.0000 7.5300 2 -1.0000 1.0000 0.8580 -12.0000 0.0000 4.0000 -4.0000 8.0000 -8.0000 0.3315 0.5780 0.5004 0.6471 0.4423 2.4994 1.8918 4.6419 
1.0000 3.0000 4.0000 -4.0000 1.0000 -2.5100 8 1.0000 1.0000 1.0120 -14.0000 -6.0000 2.0000 -10.0000 6.0000 -2.0000 0.5000 0.5000 0.5000 0.5000 0.5000 2.5000 1.8124 4.5592 
1.0000 39.0000 4.0000 0.0000 0.0000 0.0000 2 -1.0000 0.0000 1.0810 10.0000 -2.0000 -10.0000 2.0000 -6.0000 6.0000 0.6529 0.4356 0.3662 0.3068 0.7372 2.4987 1.8219 4.5746 
1.0000 67.0000 4.0000 4.0000 0.0000 0.0000 2 -1.0000 0.0000 0.7750 -6.0000 2.0000 10.0000 -2.0000 14.0000 6.0000 0.6549 0.3720 0.5870 0.4154 0.4673 2.4966 1.8838 4.6225 
1.0000 58.0000 4.0000 4.0000 1.0000 -5.0200 8 1.0000 1.0000 1.2150 -2.0000 10.0000 14.0000 -6.0000 6.0000 2.0000 0.5000 0.5000 0.5000 0.5000 0.5000 2.5000 1.9854 4.7259 
1.0000 15.0000 4.0000 -2.0000 1.0000 -7.5300 8 1.0000 1.0000 0.8080 8.0000 0.0000 -8.0000 4.0000 -12.0000 -4.0000 0.5000 0.5000 0.5000 0.5000 0.5000 2.5000 1.9187 4.6758 
1.0000 19.0000 4.0000 -2.0000 1.0000 2.5100 8 1.0000 0.0000 1.7650 8.0000 0.0000 -8.0000 4.0000 -12.0000 -4.0000 0.5000 0.5000 0.5000 0.5000 0.5000 2.5000 1.8091 4.5592 
1.0000 11.0000 4.0000 -4.0000 0.0000 0.0000 8 1.0000 0.0000 1.3390 -10.0000 2.0000 6.0000 -14.0000 -2.0000 -6.0000 0.7694 0.3392 0.5916 0.4810 0.3250 2.5061 1.8124 4.5653 
1.0000 1.0000 4.0000 -4.0000 1.0000 -7.5300 8 1.0000 1.0000 2.0740 -14.0000 -6.0000 2.0000 -10.0000 6.0000 -2.0000 0.5000 0.5000 0.5000 0.5000 0.5000 2.5000 1.9767 4.7259 
1.0000 53.0000 4.0000 2.0000 0.0000 0.0000 2 -1.0000 0.0000 0.9780 -4.0000 8.0000 12.0000 -8.0000 4.0000 0.0000 0.4965 0.3176 0.3907 0.6265 0.6671 2.4984 1.8391 4.5909 
1.0000 64.0000 4.0000 4.0000 0.0000 -7.5300 8 1.0000 1.0000 1.3830 14.0000 6.0000 -6.0000 10.0000 -2.0000 2.0000 0.3729 0.4332 0.6223 0.6670 0.4105 2.5060 1.8375 4.5985 
1.0000 25.0000 4.0000 -2.0000 0.0000 0.0000 8 1.0000 0.0000 1.1620 8.0000 0.0000 -12.0000 4.0000 -8.0000 -4.0000 0.5093 0.4270 0.3152 0.5502 0.6896 2.4913 1.8614 4.6007 
1.0000 27.0000 4.0000 -2.0000 0.0000 5.0200 2 -1.0000 1.0000 1.9520 8.0000 -4.0000 -12.0000 0.0000 -8.0000 4.0000 0.7436 0.5536 0.5191 0.3201 0.3556 2.4920 1.8695 4.6012 
1.0000 43.0000 4.0000 2.0000 1.0000 -7.5300 8 1.0000 1.0000 1.0650 -8.0000 4.0000 8.0000 0.0000 12.0000 -4.0000 0.5000 0.5000 0.5000 0.5000 0.5000 2.5000 1.9657 4.7093 
1.0000 5.0000 4.0000 -4.0000 1.0000 2.5100 2 -1.0000 1.0000 0.9120 -10.0000 -2.0000 6.0000 -6.0000 2.0000 -14.0000 0.5000 0.5000 0.5000 0.5000 0.5000 2.5000 1.9166 4.6760 
1.0000 55.0000 4.0000 2.0000 0.0000 5.0200 2 -1.0000 1.0000 0.9360 12.0000 0.0000 -8.0000 4.0000 -4.0000 8.0000 0.7421 0.3777 0.6566 0.3135 0.4018 2.4918 1.7681 4.5177 
1.0000 40.0000 4.0000 0.0000 0.0000 2.5100 2 -1.0000 1.0000 0.7780 -10.0000 2.0000 10.0000 -2.0000 6.0000 -6.0000 0.4477 0.5696 0.4772 0.6462 0.3599 2.5006 1.9893 4.7432 
1.0000 9.0000 4.0000 -4.0000 0.0000 -5.0200 8 1.0000 1.0000 1.0220 -14.0000 -2.0000 2.0000 -6.0000 6.0000 -10.0000 0.7766 0.5778 0.3713 0.4251 0.3591 2.5098 1.8388 4.6024 
1.0000 16.0000 4.0000 -2.0000 1.0000 -5.0200 8 1.0000 1.0000 1.0230 8.0000 0.0000 -8.0000 4.0000 -12.0000 -4.0000 0.5000 0.5000 0.5000 0.5000 0.5000 2.5000 1.8428 4.5926 
1.0000 45.0000 4.0000 2.0000 1.0000 -2.5100 2 -1.0000 0.0000 1.3110 -8.0000 4.0000 12.0000 0.0000 8.0000 -4.0000 0.5000 0.5000 0.5000 0.5000 0.5000 2.5000 1.9830 4.7259 
1.0000 63.0000 4.0000 4.0000 1.0000 7.5300 2 -1.0000 1.0000 0.9030 10.0000 2.0000 -2.0000 6.0000 -6.0000 14.0000 0.5000 0.5000 0.5000 0.5000 0.5000 2.5000 1.7732 4.5259 
1.0000 68.0000 4.0000 4.0000 0.0000 2.5100 2 -1.0000 1.0000 0.7420 -6.0000 6.0000 10.0000 2.0000 14.0000 -2.0000 0.6319 0.5640 0.4727 0.3601 0.4745 2.5032 1.8616 4.6124 
1.0000 59.0000 4.0000 4.0000 1.0000 -2.5100 8 1.0000 1.0000 1.5960 -2.0000 6.0000 14.0000 2.0000 10.0000 -6.0000 0.5000 0.5000 0.5000 0.5000 0.5000 2.5000 1.9104 4.6592 
1.0000 7.0000 4.0000 -4.0000 1.0000 7.5300 2 -1.0000 1.0000 0.6390 -2.0000 -10.0000 -14.0000 6.0000 -6.0000 2.0000 0.5000 0.5000 0.5000 0.5000 0.5000 2.5000 1.7995 4.5593 
1.0000 41.0000 4.0000 0.0000 0.0000 5.0200 2 -1.0000 1.0000 0.5390 -6.0000 2.0000 6.0000 -2.0000 10.0000 -10.0000 0.3424 0.6847 0.5257 0.4836 0.4569 2.4933 1.7792 4.5358 
1.0000 30.0000 4.0000 0.0000 1.0000 -5.0200 8 1.0000 1.0000 0.8330 10.0000 -2.0000 -10.0000 2.0000 -6.0000 6.0000 0.5000 0.5000 0.5000 0.5000 0.5000 2.5000 1.8086 4.5592 
1.0000 31.0000 4.0000 0.0000 1.0000 -2.5100 8 1.0000 1.0000 1.4310 -6.0000 2.0000 10.0000 -2.0000 6.0000 -10.0000 0.5000 0.5000 0.5000 0.5000 0.5000 2.5000 1.7844 4.5426 
1.0000 34.0000 4.0000 0.0000 1.0000 5.0200 NR 0.0000 0.0000 0.8050 -10.0000 -2.0000 6.0000 -6.0000 10.0000 2.0000 0.5000 0.5000 0.5000 0.5000 0.5000 2.5000 1.9066 4.6591 
1.0000 54.0000 4.0000 2.0000 0.0000 2.5100 2 -1.0000 1.0000 1.4520 -8.0000 4.0000 8.0000 0.0000 12.0000 -4.0000 0.6733 0.4855 0.3747 0.5187 0.4535 2.5057 1.7537 4.5149 
1.0000 57.0000 4.0000 4.0000 1.0000 -7.5300 8 1.0000 1.0000 2.4450 2.0000 10.0000 14.0000 -6.0000 6.0000 -2.0000 0.5000 0.5000 0.5000 0.5000 0.5000 2.5000 1.8572 4.6092 
1.0000 36.0000 4.0000 0.0000 0.0000 -7.5300 8 1.0000 1.0000 0.9750 -6.0000 6.0000 10.0000 -10.0000 2.0000 -2.0000 0.5865 0.5370 0.3392 0.4454 0.5844 2.4924 1.8690 4.6017 
1.0000 13.0000 4.0000 -4.0000 0.0000 5.0200 2 -1.0000 1.0000 1.1460 -14.0000 -6.0000 2.0000 -10.0000 6.0000 -2.0000 0.4264 0.6169 0.3166 0.5271 0.6068 2.4938 1.9209 4.6529 
1.0000 50.0000 4.0000 2.0000 0.0000 -7.5300 8 1.0000 1.0000 0.9230 8.0000 -4.0000 -8.0000 12.0000 0.0000 4.0000 0.3205 0.7127 0.4956 0.6370 0.3283 2.4942 1.7534 4.5034 
1.0000 26.0000 4.0000 -2.0000 0.0000 2.5100 2 -1.0000 1.0000 0.8710 4.0000 -4.0000 -8.0000 0.0000 -12.0000 8.0000 0.4270 0.5538 0.3040 0.6906 0.5321 2.5075 1.8906 4.6500 
1.0000 37.0000 4.0000 0.0000 0.0000 -5.0200 8 1.0000 1.0000 1.0180 10.0000 2.0000 -10.0000 6.0000 -6.0000 -2.0000 0.7978 0.3461 0.4441 0.6016 0.3100 2.4995 1.9982 4.7587 
1.0000 65.0000 4.0000 4.0000 0.0000 -5.0200 8 1.0000 1.0000 0.9740 2.0000 10.0000 14.0000 -6.0000 6.0000 -2.0000 0.4522 0.5115 0.5616 0.6052 0.3616 2.4922 1.9867 4.7349 
1.0000 51.0000 4.0000 2.0000 0.0000 -5.0200 8 1.0000 1.0000 0.8090 -8.0000 0.0000 8.0000 -4.0000 12.0000 4.0000 0.4130 0.6351 0.3368 0.6250 0.4931 2.5030 1.8833 4.6455 
1.0000 52.0000 4.0000 2.0000 0.0000 -2.5100 2 -1.0000 0.0000 0.8710 12.0000 4.0000 -4.0000 8.0000 -8.0000 0.0000 0.5744 0.5211 0.3684 0.6770 0.3661 2.5070 1.7622 4.5162 
1.0000 33.0000 4.0000 0.0000 1.0000 2.5100 2 -1.0000 1.0000 1.3300 -6.0000 6.0000 10.0000 -10.0000 2.0000 -2.0000 0.5000 0.5000 0.5000 0.5000 0.5000 2.5000 1.7975 4.5425 
1.0000 22.0000 4.0000 -2.0000 0.0000 -7.5300 8 1.0000 1.0000 0.9260 4.0000 -4.0000 -12.0000 0.0000 -8.0000 8.0000 0.3172 0.4177 0.6659 0.5309 0.5715 2.5032 1.9169 4.6623 
1.0000 29.0000 4.0000 0.0000 1.0000 -7.5300 8 1.0000 1.0000 0.9280 6.0000 -2.0000 -6.0000 2.0000 -10.0000 10.0000 0.5000 0.5000 0.5000 0.5000 0.5000 2.5000 1.8175 4.5592 
1.0000 4.0000 4.0000 -4.0000 1.0000 0.0000 2 -1.0000 0.0000 2.3740 -10.0000 -2.0000 6.0000 -6.0000 2.0000 -14.0000 0.5000 0.5000 0.5000 0.5000 0.5000 2.5000 1.8596 4.6259 
1.0000 47.0000 4.0000 2.0000 1.0000 2.5100 2 -1.0000 1.0000 1.2570 -8.0000 4.0000 12.0000 0.0000 8.0000 -4.0000 0.5000 0.5000 0.5000 0.5000 0.5000 2.5000 1.9884 4.7426 
1.0000 42.0000 4.0000 0.0000 0.0000 7.5300 2 -1.0000 1.0000 2.6030 -6.0000 2.0000 10.0000 -2.0000 6.0000 -10.0000 0.3432 0.5889 0.5239 0.7279 0.3153 2.4992 1.8172 4.5751 
1.0000 17.0000 4.0000 -2.0000 1.0000 -2.5100 8 1.0000 1.0000 4.3230 -4.0000 4.0000 8.0000 -12.0000 0.0000 -8.0000 0.5000 0.5000 0.5000 0.5000 0.5000 2.5000 1.9018 4.6593 
1.0000 53.0000 5.0000 2.0000 0.0000 0.0000 2 -1.0000 0.0000 0.7630 -4.0000 4.0000 8.0000 0.0000 12.0000 -8.0000 0.3952 0.3678 0.5971 0.4263 0.7227 2.5092 1.7562 4.5183 
1.0000 9.0000 5.0000 -4.0000 0.0000 -5.0200 8 1.0000 1.0000 0.8710 6.0000 -2.0000 -14.0000 2.0000 -10.0000 -6.0000 0.6089 0.5266 0.4667 0.3505 0.5558 2.5084 1.8762 4.6342 
1.0000 61.0000 5.0000 4.0000 1.0000 2.5100 2 -1.0000 1.0000 0.6880 -2.0000 6.0000 10.0000 2.0000 14.0000 -6.0000 0.5000 0.5000 0.5000 0.5000 0.5000 2.5000 1.8838 4.6259 
1.0000 12.0000 5.0000 -4.0000 0.0000 2.5100 2 -1.0000 1.0000 1.0110 -14.0000 -2.0000 2.0000 -6.0000 6.0000 -10.0000 0.4002 0.3088 0.5613 0.6602 0.5640 2.4944 1.9612 4.7036 
1.0000 58.0000 5.0000 4.0000 1.0000 -5.0200 2 -1.0000 0.0000 0.9190 14.0000 2.0000 -2.0000 6.0000 -6.0000 10.0000 0.5000 0.5000 0.5000 0.5000 0.5000 2.5000 1.9977 4.7593 
1.0000 17.0000 5.0000 -2.0000 1.0000 -2.5100 8 1.0000 1.0000 2.0020 4.0000 -4.0000 -12.0000 0.0000 -8.0000 8.0000 0.5000 0.5000 0.5000 0.5000 0.5000 2.5000 1.7503 4.5092 
1.0000 62.0000 5.0000 4.0000 1.0000 5.0200 8 1.0000 0.0000 2.1830 14.0000 6.0000 -2.0000 10.0000 -6.0000 2.0000 0.5000 0.5000 0.5000 0.5000 0.5000 2.5000 1.7843 4.5425 
1.0000 59.0000 5.0000 4.0000 1.0000 -2.5100 8 1.0000 1.0000 1.2610 -6.0000 2.0000 10.0000 -2.0000 14.0000 6.0000 0.5000 0.5000 0.5000 0.5000 0.5000 2.5000 1.9966 4.7425 
1.0000 25.0000 5.0000 -2.0000 0.0000 0.0000 2 -1.0000 0.0000 0.9320 -12.0000 -4.0000 4.0000 -8.0000 8.0000 0.0000 0.5796 0.4352 0.3230 0.3797 0.7876 2.5051 1.8986 4.6476 
1.0000 37.0000 5.0000 0.0000 0.0000 -5.0200 8 1.0000 1.0000 2.0850 -10.0000 2.0000 10.0000 -2.0000 6.0000 -6.0000 0.6922 0.3437 0.4872 0.5657 0.4069 2.4957 1.9789 4.7217 
1.0000 46.0000 5.0000 2.0000 1.0000 0.0000 8 1.0000 0.0000 1.3730 8.0000 0.0000 -8.0000 4.0000 -4.0000 12.0000 0.5000 0.5000 0.5000 0.5000 0.5000 2.5000 1.8151 4.5591 
1.0000 56.0000 5.0000 2.0000 0.0000 7.5300 8 1.0000 0.0000 2.0140 8.0000 0.0000 -8.0000 4.0000 -4.0000 12.0000 0.3325 0.6338 0.4656 0.7062 0.3707 2.5087 1.7659 4.5179 
1.0000 19.0000 5.0000 -2.0000 1.0000 2.5100 2 -1.0000 1.0000 0.7210 4.0000 -8.0000 -12.0000 8.0000 -4.0000 0.0000 0.5000 0.5000 0.5000 0.5000 0.5000 2.5000 1.8293 4.5758 
1.0000 15.0000 5.0000 -2.0000 1.0000 -7.5300 8 1.0000 1.0000 0.9130 -8.0000 0.0000 8.0000 -4.0000 4.0000 -12.0000 0.5000 0.5000 0.5000 0.5000 0.5000 2.5000 1.7662 4.5259 
1.0000 60.0000 5.0000 4.0000 1.0000 0.0000 2 -1.0000 0.0000 2.3710 14.0000 6.0000 -6.0000 10.0000 -2.0000 2.0000 0.5000 0.5000 0.5000 0.5000 0.5000 2.5000 1.9731 4.7260 
1.0000 7.0000 5.0000 -4.0000 1.0000 7.5300 2 -1.0000 1.0000 2.0930 2.0000 -6.0000 -10.0000 -2.0000 -14.0000 6.0000 0.5000 0.5000 0.5000 0.5000 0.5000 2.5000 1.8918 4.6425 
1.0000 23.0000 5.0000 -2.0000 0.0000 -5.0200 8 1.0000 1.0000 1.9420 0.0000 -8.0000 -12.0000 8.0000 -4.0000 4.0000 0.3846 0.6357 0.3016 0.6989 0.4748 2.4956 1.8052 4.5548 
1.0000 49.0000 5.0000 2.0000 1.0000 7.5300 2 -1.0000 1.0000 0.8040 8.0000 0.0000 -4.0000 4.0000 -8.0000 12.0000 0.5000 0.5000 0.5000 0.5000 0.5000 2.5000 1.8995 4.6426 
1.0000 40.0000 5.0000 0.0000 0.0000 2.5100 NR 0.0000 0.0000 0.0000 2.0000 -6.0000 -10.0000 10.0000 -2.0000 6.0000 0.5958 0.3434 0.4607 0.3564 0.7452 2.5017 1.8752 4.6274 
1.0000 2.0000 5.0000 -4.0000 1.0000 -5.0200 8 1.0000 1.0000 0.9610 -10.0000 -2.0000 2.0000 -6.0000 6.0000 -14.0000 0.5000 0.5000 0.5000 0.5000 0.5000 2.5000 1.7790 4.5258 
1.0000 16.0000 5.0000 -2.0000 1.0000 -5.0200 8 1.0000 1.0000 1.4880 -8.0000 0.0000 8.0000 -4.0000 4.0000 -12.0000 0.5000 0.5000 0.5000 0.5000 0.5000 2.5000 1.7959 4.5425 
1.0000 57.0000 5.0000 4.0000 1.0000 -7.5300 8 1.0000 1.0000 1.8280 -6.0000 6.0000 14.0000 2.0000 10.0000 -2.0000 0.5000 0.5000 0.5000 0.5000 0.5000 2.5000 1.9299 4.6925 
1.0000 31.0000 5.0000 0.0000 1.0000 -2.5100 2 -1.0000 0.0000 1.2200 -10.0000 -2.0000 6.0000 -6.0000 10.0000 2.0000 0.5000 0.5000 0.5000 0.5000 0.5000 2.5000 1.8488 4.6092 
1.0000 28.0000 5.0000 -2.0000 0.0000 7.5300 2 -1.0000 1.0000 0.5470 -12.0000 0.0000 8.0000 -4.0000 4.0000 -8.0000 0.3545 0.4192 0.5587 0.7606 0.4122 2.5050 1.9640 4.7142 
1.0000 67.0000 5.0000 4.0000 0.0000 0.0000 8 1.0000 0.0000 0.8380 -2.0000 6.0000 10.0000 2.0000 14.0000 -6.0000 0.3203 0.5298 0.7167 0.4001 0.5292 2.4961 1.9051 4.6552 
1.0000 4.0000 5.0000 -4.0000 1.0000 0.0000 8 1.0000 0.0000 1.8310 6.0000 -6.0000 -10.0000 -2.0000 -14.0000 2.0000 0.5000 0.5000 0.5000 0.5000 0.5000 2.5000 1.8580 4.6092 
1.0000 42.0000 5.0000 0.0000 0.0000 7.5300 2 -1.0000 1.0000 0.9510 10.0000 -2.0000 -10.0000 2.0000 -6.0000 6.0000 0.5245 0.4161 0.3840 0.4242 0.7518 2.5006 1.8919 4.6431 
1.0000 51.0000 5.0000 2.0000 0.0000 -5.0200 8 1.0000 1.0000 1.0240 -8.0000 4.0000 12.0000 0.0000 8.0000 -4.0000 0.4248 0.5858 0.6428 0.5460 0.3066 2.5060 1.8079 4.5651 
1.0000 35.0000 5.0000 0.0000 1.0000 7.5300 2 -1.0000 1.0000 0.8860 10.0000 -2.0000 -10.0000 2.0000 -6.0000 6.0000 0.5000 0.5000 0.5000 0.5000 0.5000 2.5000 1.9107 4.6591 
1.0000 65.0000 5.0000 4.0000 0.0000 -5.0200 8 1.0000 1.0000 1.7380 14.0000 6.0000 -6.0000 10.0000 -2.0000 2.0000 0.3405 0.4150 0.6587 0.5197 0.5668 2.5006 1.9823 4.7264 
1.0000 30.0000 5.0000 0.0000 1.0000 -5.0200 8 1.0000 1.0000 1.0690 10.0000 2.0000 -6.0000 6.0000 -10.0000 -2.0000 0.5000 0.5000 0.5000 0.5000 0.5000 2.5000 1.8619 4.6260 
1.0000 13.0000 5.0000 -4.0000 0.0000 5.0200 2 -1.0000 1.0000 2.7350 -14.0000 -6.0000 6.0000 -10.0000 2.0000 -2.0000 0.5119 0.6444 0.3410 0.4316 0.5772 2.5062 1.9919 4.7488 
1.0000 22.0000 5.0000 -2.0000 0.0000 -7.5300 8 1.0000 1.0000 0.9400 -4.0000 4.0000 8.0000 -12.0000 0.0000 -8.0000 0.4249 0.6681 0.4765 0.3571 0.5763 2.5029 1.8652 4.6287 
1.0000 3.0000 5.0000 -4.0000 1.0000 -2.5100 8 1.0000 1.0000 0.6050 6.0000 -2.0000 -14.0000 2.0000 -10.0000 -6.0000 0.5000 0.5000 0.5000 0.5000 0.5000 2.5000 1.7549 4.5092 
1.0000 66.0000 5.0000 4.0000 0.0000 -2.5100 8 1.0000 1.0000 0.9290 2.0000 10.0000 14.0000 -6.0000 6.0000 -2.0000 0.6262 0.7691 0.3725 0.3256 0.4054 2.4988 1.8401 4.5913 
1.0000 39.0000 5.0000 0.0000 0.0000 0.0000 2 -1.0000 0.0000 2.0030 10.0000 2.0000 -10.0000 6.0000 -6.0000 -2.0000 0.5106 0.3725 0.5922 0.5604 0.4637 2.4993 1.9588 4.7085 
1.0000 43.0000 5.0000 2.0000 1.0000 -7.5300 8 1.0000 1.0000 0.7350 8.0000 0.0000 -4.0000 4.0000 -8.0000 12.0000 0.5000 0.5000 0.5000 0.5000 0.5000 2.5000 1.8656 4.6094 
1.0000 69.0000 5.0000 4.0000 0.0000 5.0200 2 -1.0000 1.0000 1.9680 14.0000 2.0000 -2.0000 6.0000 -6.0000 10.0000 0.3188 0.7695 0.4873 0.4101 0.5059 2.4916 1.7641 4.5008 
1.0000 20.0000 5.0000 -2.0000 1.0000 5.0200 2 -1.0000 1.0000 2.4780 -12.0000 0.0000 8.0000 -4.0000 4.0000 -8.0000 0.5000 0.5000 0.5000 0.5000 0.5000 2.5000 1.8166 4.5757 
1.0000 47.0000 5.0000 2.0000 1.0000 2.5100 2 -1.0000 1.0000 1.3770 8.0000 0.0000 -4.0000 4.0000 -8.0000 12.0000 0.5000 0.5000 0.5000 0.5000 0.5000 2.5000 1.9285 4.6927 
1.0000 54.0000 5.0000 2.0000 0.0000 2.5100 2 -1.0000 1.0000 0.9440 12.0000 4.0000 -8.0000 8.0000 -4.0000 0.0000 0.6568 0.4390 0.5050 0.4635 0.4360 2.5003 1.9573 4.7096 
1.0000 70.0000 5.0000 4.0000 0.0000 7.5300 2 -1.0000 1.0000 0.7440 10.0000 2.0000 -2.0000 6.0000 -6.0000 14.0000 0.6118 0.4083 0.3168 0.4584 0.7051 2.5004 1.7831 4.5430 
1.0000 48.0000 5.0000 2.0000 1.0000 5.0200 2 -1.0000 1.0000 0.9050 8.0000 0.0000 -4.0000 4.0000 -8.0000 12.0000 0.5000 0.5000 0.5000 0.5000 0.5000 2.5000 1.9699 4.7258 
1.0000 14.0000 5.0000 -4.0000 0.0000 7.5300 2 -1.0000 1.0000 0.7170 -14.0000 -6.0000 6.0000 -10.0000 2.0000 -2.0000 0.3214 0.6918 0.6545 0.3137 0.5184 2.4997 1.9128 4.6591 
1.0000 68.0000 5.0000 4.0000 0.0000 2.5100 2 -1.0000 1.0000 0.8220 14.0000 2.0000 -6.0000 6.0000 -2.0000 10.0000 0.6362 0.6863 0.3121 0.5581 0.3138 2.5064 1.9993 4.7492 
1.0000 5.0000 5.0000 -4.0000 1.0000 2.5100 8 1.0000 0.0000 4.7170 6.0000 -2.0000 -14.0000 2.0000 -10.0000 -6.0000 0.5000 0.5000 0.5000 0.5000 0.5000 2.5000 1.7855 4.5260 
1.0000 33.0000 5.0000 0.0000 1.0000 2.5100 2 -1.0000 1.0000 1.8570 10.0000 2.0000 -6.0000 6.0000 -10.0000 -2.0000 0.5000 0.5000 0.5000 0.5000 0.5000 2.5000 1.8576 4.5925 
1.0000 38.0000 5.0000 0.0000 0.0000 -2.5100 8 1.0000 1.0000 1.0440 10.0000 2.0000 -10.0000 6.0000 -6.0000 -2.0000 0.4931 0.3038 0.5402 0.4231 0.7496 2.5097 1.7697 4.5357 
1.0000 50.0000 5.0000 2.0000 0.0000 -7.5300 8 1.0000 1.0000 1.4600 0.0000 8.0000 12.0000 -8.0000 4.0000 -4.0000 0.3262 0.4754 0.3919 0.6812 0.6177 2.4924 1.9067 4.6517 
1.0000 24.0000 5.0000 -2.0000 0.0000 -2.5100 8 1.0000 1.0000 1.9100 8.0000 -4.0000 -8.0000 0.0000 -12.0000 4.0000 0.3159 0.6894 0.5076 0.5824 0.3991 2.4943 1.9695 4.7203 
1.0000 32.0000 5.0000 0.0000 1.0000 0.0000 2 -1.0000 0.0000 1.8350 -10.0000 2.0000 10.0000 -2.0000 6.0000 -6.0000 0.5000 0.5000 0.5000 0.5000 0.5000 2.5000 1.8504 4.6092 
1.0000 55.0000 5.0000 2.0000 0.0000 5.0200 2 -1.0000 1.0000 0.9530 8.0000 -4.0000 -8.0000 12.0000 0.0000 4.0000 0.6237 0.3533 0.7894 0.3501 0.3767 2.4933 1.7787 4.5191 
1.0000 34.0000 5.0000 0.0000 1.0000 5.0200 2 -1.0000 1.0000 0.6280 2.0000 -6.0000 -10.0000 10.0000 -2.0000 6.0000 0.5000 0.5000 0.5000 0.5000 0.5000 2.5000 1.9244 4.6758 
1.0000 6.0000 5.0000 -4.0000 1.0000 5.0200 2 -1.0000 1.0000 1.5870 -14.0000 -2.0000 6.0000 -6.0000 2.0000 -10.0000 0.5000 0.5000 0.5000 0.5000 0.5000 2.5000 1.9805 4.7259 
1.0000 10.0000 5.0000 -4.0000 0.0000 -2.5100 8 1.0000 1.0000 1.0100 -2.0000 -10.0000 -14.0000 6.0000 -6.0000 2.0000 0.4198 0.3405 0.5970 0.7235 0.4254 2.5061 1.9746 4.7320 
1.0000 29.0000 5.0000 0.0000 1.0000 -7.5300 8 1.0000 1.0000 0.8290 -6.0000 2.0000 10.0000 -2.0000 6.0000 -10.0000 0.5000 0.5000 0.5000 0.5000 0.5000 2.5000 1.7920 4.5425 
1.0000 41.0000 5.0000 0.0000 0.0000 5.0200 2 -1.0000 1.0000 0.6670 10.0000 2.0000 -10.0000 6.0000 -6.0000 -2.0000 0.6492 0.8000 0.3024 0.4268 0.3247 2.5030 1.9473 4.7123 
1.0000 45.0000 5.0000 2.0000 1.0000 -2.5100 2 -1.0000 0.0000 0.9540 8.0000 0.0000 -4.0000 4.0000 -8.0000 12.0000 0.5000 0.5000 0.5000 0.5000 0.5000 2.5000 1.9091 4.6593 
1.0000 21.0000 5.0000 -2.0000 1.0000 7.5300 2 -1.0000 1.0000 0.8660 -8.0000 4.0000 8.0000 -12.0000 0.0000 -4.0000 0.5000 0.5000 0.5000 0.5000 0.5000 2.5000 1.9534 4.7093 
1.0000 63.0000 5.0000 4.0000 1.0000 7.5300 2 -1.0000 1.0000 0.6810 14.0000 2.0000 -2.0000 6.0000 -6.0000 10.0000 0.5000 0.5000 0.5000 0.5000 0.5000 2.5000 1.9152 4.6593 
1.0000 64.0000 5.0000 4.0000 0.0000 -7.5300 8 1.0000 1.0000 1.5170 14.0000 6.0000 -6.0000 10.0000 -2.0000 2.0000 0.5431 0.3383 0.5078 0.4516 0.6690 2.5097 1.8922 4.6523 
1.0000 8.0000 5.0000 -4.0000 0.0000 -7.5300 8 1.0000 1.0000 0.7240 -14.0000 -2.0000 2.0000 -6.0000 6.0000 -10.0000 0.4141 0.4732 0.5025 0.5921 0.5119 2.4938 1.8884 4.6364 
1.0000 18.0000 5.0000 -2.0000 1.0000 0.0000 2 -1.0000 0.0000 0.7730 -12.0000 0.0000 8.0000 -4.0000 4.0000 -8.0000 0.5000 0.5000 0.5000 0.5000 0.5000 2.5000 1.7932 4.5424 
1.0000 11.0000 5.0000 -4.0000 0.0000 0.0000 8 1.0000 0.0000 0.7730 2.0000 -6.0000 -14.0000 -2.0000 -10.0000 6.0000 0.6452 0.4826 0.4325 0.3621 0.5805 2.5029 1.7915 4.5454 
1.0000 1.0000 5.0000 -4.0000 1.0000 -7.5300 8 1.0000 1.0000 0.9160 -10.0000 -2.0000 2.0000 -6.0000 6.0000 -14.0000 0.5000 0.5000 0.5000 0.5000 0.5000 2.5000 1.9743 4.7091 
1.0000 52.0000 5.0000 2.0000 0.0000 -2.5100 2 -1.0000 0.0000 0.8350 -4.0000 8.0000 12.0000 -8.0000 4.0000 0.0000 0.3255 0.5738 0.7149 0.5429 0.3497 2.5068 1.8572 4.6161 
1.0000 36.0000 5.0000 0.0000 0.0000 -7.5300 8 1.0000 1.0000 1.0930 6.0000 -2.0000 -6.0000 2.0000 -10.0000 10.0000 0.4794 0.3611 0.4343 0.5174 0.6979 2.4901 1.8366 4.5826 
1.0000 27.0000 5.0000 -2.0000 0.0000 5.0200 2 -1.0000 1.0000 0.9350 4.0000 -4.0000 -12.0000 0.0000 -8.0000 8.0000 0.3344 0.5779 0.4975 0.7451 0.3363 2.4913 1.9774 4.7172 
1.0000 44.0000 5.0000 2.0000 1.0000 -5.0200 8 1.0000 1.0000 2.0490 -8.0000 0.0000 8.0000 -4.0000 12.0000 4.0000 0.5000 0.5000 0.5000 0.5000 0.5000 2.5000 1.9395 4.6926 
1.0000 26.0000 5.0000 -2.0000 0.0000 2.5100 2 -1.0000 1.0000 0.6260 -12.0000 -4.0000 8.0000 -8.0000 4.0000 0.0000 0.3124 0.4452 0.6219 0.5445 0.5789 2.5029 1.8764 4.6287 
1.0000 7.0000 6.0000 -4.0000 1.0000 7.5300 2 -1.0000 1.0000 0.9550 2.0000 -10.0000 -14.0000 6.0000 -6.0000 -2.0000 0.5000 0.5000 0.5000 0.5000 0.5000 2.5000 1.9764 4.7260 
1.0000 54.0000 6.0000 2.0000 0.0000 2.5100 2 -1.0000 1.0000 1.4680 12.0000 4.0000 -8.0000 8.0000 -4.0000 0.0000 0.6955 0.5587 0.3129 0.5736 0.3668 2.5075 1.9254 4.6833 
1.0000 50.0000 6.0000 2.0000 0.0000 -7.5300 8 1.0000 1.0000 3.0980 -8.0000 0.0000 8.0000 -4.0000 12.0000 4.0000 0.6160 0.3229 0.6899 0.3913 0.4712 2.4914 1.9559 4.7006 
1.0000 45.0000 6.0000 2.0000 1.0000 -2.5100 8 1.0000 1.0000 1.1780 4.0000 -4.0000 -8.0000 12.0000 0.0000 8.0000 0.5000 0.5000 0.5000 0.5000 0.5000 2.5000 1.9650 4.7261 
1.0000 35.0000 6.0000 0.0000 1.0000 7.5300 2 -1.0000 1.0000 1.0970 -10.0000 2.0000 10.0000 -2.0000 6.0000 -6.0000 0.5000 0.5000 0.5000 0.5000 0.5000 2.5000 1.9559 4.7092 
1.0000 53.0000 6.0000 2.0000 0.0000 0.0000 2 -1.0000 0.0000 0.7910 -4.0000 8.0000 12.0000 -8.0000 4.0000 0.0000 0.3086 0.7231 0.4524 0.3795 0.6426 2.5061 1.9184 4.6821 
1.0000 61.0000 6.0000 4.0000 1.0000 2.5100 2 -1.0000 1.0000 2.2530 10.0000 2.0000 -2.0000 6.0000 -6.0000 14.0000 0.5000 0.5000 0.5000 0.5000 0.5000 2.5000 1.8065 4.5591 
1.0000 59.0000 6.0000 4.0000 1.0000 -2.5100 8 1.0000 1.0000 1.1720 -2.0000 6.0000 10.0000 2.0000 14.0000 -6.0000 0.5000 0.5000 0.5000 0.5000 0.5000 2.5000 1.8712 4.6093 
1.0000 28.0000 6.0000 -2.0000 0.0000 7.5300 2 -1.0000 1.0000 0.4440 -12.0000 -4.0000 8.0000 -8.0000 4.0000 0.0000 0.3483 0.5342 0.3880 0.6696 0.5588 2.4988 1.9727 4.7080 
1.0000 22.0000 6.0000 -2.0000 0.0000 -7.5300 8 1.0000 1.0000 1.0410 -12.0000 0.0000 8.0000 -4.0000 4.0000 -8.0000 0.3067 0.4359 0.6810 0.7775 0.3055 2.5066 1.7881 4.5491 
1.0000 3.0000 6.0000 -4.0000 1.0000 -2.5100 8 1.0000 1.0000 1.0850 2.0000 -10.0000 -14.0000 6.0000 -6.0000 -2.0000 0.5000 0.5000 0.5000 0.5000 0.5000 2.5000 1.9616 4.7260 
1.0000 33.0000 6.0000 0.0000 1.0000 2.5100 2 -1.0000 1.0000 0.9520 6.0000 -2.0000 -6.0000 2.0000 -10.0000 10.0000 0.5000 0.5000 0.5000 0.5000 0.5000 2.5000 1.9600 4.7094 
1.0000 14.0000 6.0000 -4.0000 0.0000 7.5300 2 -1.0000 1.0000 0.7290 -14.0000 -2.0000 6.0000 -6.0000 2.0000 -10.0000 0.4601 0.6637 0.3740 0.5977 0.4071 2.5026 1.7749 4.5284 
1.0000 64.0000 6.0000 4.0000 0.0000 -7.5300 8 1.0000 1.0000 1.0820 -6.0000 6.0000 14.0000 2.0000 10.0000 -2.0000 0.6400 0.6005 0.3841 0.3564 0.5116 2.4926 1.8049 4.5517 
1.0000 47.0000 6.0000 2.0000 1.0000 2.5100 2 -1.0000 1.0000 0.8200 8.0000 -4.0000 -8.0000 12.0000 0.0000 4.0000 0.5000 0.5000 0.5000 0.5000 0.5000 2.5000 1.8107 4.5592 
1.0000 9.0000 6.0000 -4.0000 0.0000 -5.0200 8 1.0000 1.0000 1.0470 -14.0000 -2.0000 2.0000 -6.0000 6.0000 -10.0000 0.3414 0.3803 0.5949 0.4266 0.7560 2.4992 1.8052 4.5584 
1.0000 39.0000 6.0000 0.0000 0.0000 0.0000 2 -1.0000 0.0000 3.3070 -10.0000 2.0000 10.0000 -2.0000 6.0000 -6.0000 0.4562 0.4064 0.4425 0.4865 0.7118 2.5034 1.8547 4.5958 
1.0000 38.0000 6.0000 0.0000 0.0000 -2.5100 8 1.0000 1.0000 2.4450 -2.0000 6.0000 10.0000 -10.0000 2.0000 -6.0000 0.3012 0.7637 0.6179 0.3633 0.4508 2.4969 1.7712 4.5060 
1.0000 60.0000 6.0000 4.0000 1.0000 0.0000 2 -1.0000 0.0000 0.9270 14.0000 6.0000 -2.0000 10.0000 -6.0000 2.0000 0.5000 0.5000 0.5000 0.5000 0.5000 2.5000 1.7511 4.5092 
1.0000 44.0000 6.0000 2.0000 1.0000 -5.0200 8 1.0000 1.0000 1.4080 -4.0000 8.0000 12.0000 -8.0000 4.0000 0.0000 0.5000 0.5000 0.5000 0.5000 0.5000 2.5000 1.9511 4.7092 
1.0000 40.0000 6.0000 0.0000 0.0000 2.5100 2 -1.0000 1.0000 0.7260 -10.0000 2.0000 10.0000 -2.0000 6.0000 -6.0000 0.6528 0.3866 0.3311 0.6801 0.4579 2.5085 1.9359 4.7011 
1.0000 5.0000 6.0000 -4.0000 1.0000 2.5100 2 -1.0000 1.0000 0.8790 -14.0000 -2.0000 6.0000 -6.0000 2.0000 -10.0000 0.5000 0.5000 0.5000 0.5000 0.5000 2.5000 1.9822 4.7427 
1.0000 68.0000 6.0000 4.0000 0.0000 2.5100 2 -1.0000 1.0000 0.6420 -6.0000 2.0000 14.0000 -2.0000 10.0000 6.0000 0.5147 0.6022 0.4200 0.3153 0.6429 2.4950 1.7815 4.5208 
1.0000 36.0000 6.0000 0.0000 0.0000 -7.5300 8 1.0000 1.0000 0.8860 -6.0000 6.0000 10.0000 -10.0000 2.0000 -2.0000 0.3891 0.3124 0.6724 0.4058 0.7194 2.4991 1.8254 4.5750 
1.0000 42.0000 6.0000 0.0000 0.0000 7.5300 2 -1.0000 1.0000 0.8570 -10.0000 2.0000 6.0000 -2.0000 10.0000 -6.0000 0.5399 0.7187 0.3744 0.3370 0.5282 2.4981 1.7763 4.5239 
1.0000 56.0000 6.0000 2.0000 0.0000 7.5300 2 -1.0000 1.0000 0.6220 -8.0000 4.0000 8.0000 0.0000 12.0000 -4.0000 0.6514 0.7061 0.3834 0.4531 0.3072 2.5012 1.9665 4.7104 
1.0000 8.0000 6.0000 -4.0000 0.0000 -7.5300 8 1.0000 1.0000 0.9160 -10.0000 -2.0000 2.0000 -6.0000 6.0000 -14.0000 0.3272 0.7978 0.3734 0.3088 0.6926 2.5000 1.9855 4.7259 
1.0000 17.0000 6.0000 -2.0000 1.0000 -2.5100 8 1.0000 1.0000 1.4520 -12.0000 0.0000 8.0000 -4.0000 4.0000 -8.0000 0.5000 0.5000 0.5000 0.5000 0.5000 2.5000 1.9791 4.7426 
1.0000 57.0000 6.0000 4.0000 1.0000 -7.5300 8 1.0000 1.0000 0.6960 10.0000 2.0000 -6.0000 6.0000 -2.0000 14.0000 0.5000 0.5000 0.5000 0.5000 0.5000 2.5000 1.9930 4.7426 
1.0000 25.0000 6.0000 -2.0000 0.0000 0.0000 8 1.0000 0.0000 1.8310 -8.0000 0.0000 8.0000 -4.0000 4.0000 -12.0000 0.6050 0.3345 0.5856 0.4678 0.5109 2.5039 1.8389 4.5965 
1.0000 29.0000 6.0000 0.0000 1.0000 -7.5300 8 1.0000 1.0000 0.6830 -10.0000 -2.0000 10.0000 -6.0000 6.0000 2.0000 0.5000 0.5000 0.5000 0.5000 0.5000 2.5000 1.8101 4.5592 
1.0000 67.0000 6.0000 4.0000 0.0000 0.0000 2 -1.0000 0.0000 0.7720 6.0000 -2.0000 -6.0000 14.0000 2.0000 10.0000 0.3231 0.3793 0.6821 0.4146 0.6997 2.4989 1.8161 4.5580 
1.0000 66.0000 6.0000 4.0000 0.0000 -2.5100 2 -1.0000 0.0000 2.5790 -6.0000 2.0000 14.0000 -2.0000 10.0000 6.0000 0.3188 0.6653 0.5538 0.6539 0.3091 2.5009 1.9806 4.7268 
1.0000 12.0000 6.0000 -4.0000 0.0000 2.5100 2 -1.0000 1.0000 1.1160 6.0000 -2.0000 -14.0000 2.0000 -10.0000 -6.0000 0.6033 0.6438 0.4175 0.4535 0.3911 2.5092 1.7852 4.5350 
1.0000 4.0000 6.0000 -4.0000 1.0000 0.0000 8 1.0000 0.0000 0.8220 -6.0000 2.0000 6.0000 -14.0000 -2.0000 -10.0000 0.5000 0.5000 0.5000 0.5000 0.5000 2.5000 1.9101 4.6593 
1.0000 69.0000 6.0000 4.0000 0.0000 5.0200 2 -1.0000 1.0000 0.7410 14.0000 6.0000 -2.0000 10.0000 -6.0000 2.0000 0.5926 0.3791 0.6864 0.3002 0.5450 2.5033 1.8055 4.5459 
1.0000 70.0000 6.0000 4.0000 0.0000 7.5300 2 -1.0000 1.0000 2.8100 -2.0000 6.0000 10.0000 2.0000 14.0000 -6.0000 0.4753 0.5074 0.3405 0.7597 0.4104 2.4933 1.8379 4.5860 
1.0000 32.0000 6.0000 0.0000 1.0000 0.0000 2 -1.0000 0.0000 3.4830 6.0000 -2.0000 -10.0000 2.0000 -6.0000 10.0000 0.5000 0.5000 0.5000 0.5000 0.5000 2.5000 1.8690 4.6258 
1.0000 1.0000 6.0000 -4.0000 1.0000 -7.5300 8 1.0000 1.0000 0.9740 -14.0000 -2.0000 2.0000 -6.0000 6.0000 -10.0000 0.5000 0.5000 0.5000 0.5000 0.5000 2.5000 1.9784 4.7259 
1.0000 41.0000 6.0000 0.0000 0.0000 5.0200 2 -1.0000 1.0000 1.6420 6.0000 -2.0000 -6.0000 2.0000 -10.0000 10.0000 0.3835 0.7891 0.4845 0.5432 0.3073 2.5076 1.7714 4.5333 
1.0000 26.0000 6.0000 -2.0000 0.0000 2.5100 8 1.0000 0.0000 1.7810 4.0000 -8.0000 -12.0000 8.0000 -4.0000 0.0000 0.5566 0.4030 0.4497 0.3517 0.7376 2.4985 1.8172 4.5577 
1.0000 48.0000 6.0000 2.0000 1.0000 5.0200 2 -1.0000 1.0000 0.7930 -8.0000 0.0000 8.0000 -4.0000 12.0000 4.0000 0.5000 0.5000 0.5000 0.5000 0.5000 2.5000 1.8728 4.6259 
1.0000 49.0000 6.0000 2.0000 1.0000 7.5300 2 -1.0000 1.0000 0.6970 12.0000 4.0000 -4.0000 8.0000 -8.0000 0.0000 0.5000 0.5000 0.5000 0.5000 0.5000 2.5000 1.9269 4.6758 
1.0000 11.0000 6.0000 -4.0000 0.0000 0.0000 8 1.0000 0.0000 2.5650 -10.0000 -2.0000 2.0000 -6.0000 6.0000 -14.0000 0.3373 0.5496 0.4175 0.5290 0.6658 2.4990 1.9598 4.7082 
1.0000 6.0000 6.0000 -4.0000 1.0000 5.0200 2 -1.0000 1.0000 0.8110 6.0000 -6.0000 -10.0000 -2.0000 -14.0000 2.0000 0.5000 0.5000 0.5000 0.5000 0.5000 2.5000 1.8297 4.5926 
1.0000 43.0000 6.0000 2.0000 1.0000 -7.5300 8 1.0000 1.0000 0.9560 8.0000 0.0000 -8.0000 4.0000 -4.0000 12.0000 0.5000 0.5000 0.5000 0.5000 0.5000 2.5000 1.8452 4.6091 
1.0000 51.0000 6.0000 2.0000 0.0000 -5.0200 8 1.0000 1.0000 0.8600 12.0000 4.0000 -8.0000 8.0000 -4.0000 0.0000 0.6828 0.3924 0.6493 0.4620 0.3185 2.5050 1.9549 4.7142 
1.0000 34.0000 6.0000 0.0000 1.0000 5.0200 2 -1.0000 1.0000 0.7560 -6.0000 6.0000 10.0000 -10.0000 2.0000 -2.0000 0.5000 0.5000 0.5000 0.5000 0.5000 2.5000 1.8549 4.6093 
1.0000 2.0000 6.0000 -4.0000 1.0000 -5.0200 8 1.0000 1.0000 0.6840 -2.0000 -10.0000 -14.0000 6.0000 -6.0000 2.0000 0.5000 0.5000 0.5000 0.5000 0.5000 2.5000 1.7860 4.5425 
1.0000 20.0000 6.0000 -2.0000 1.0000 5.0200 2 -1.0000 1.0000 0.6980 4.0000 -4.0000 -8.0000 0.0000 -12.0000 8.0000 0.5000 0.5000 0.5000 0.5000 0.5000 2.5000 1.8916 4.6425 
1.0000 21.0000 6.0000 -2.0000 1.0000 7.5300 2 -1.0000 1.0000 1.5410 -12.0000 -4.0000 8.0000 -8.0000 4.0000 0.0000 0.5000 0.5000 0.5000 0.5000 0.5000 2.5000 1.9802 4.7258 
1.0000 13.0000 6.0000 -4.0000 0.0000 5.0200 2 -1.0000 1.0000 0.8010 2.0000 -6.0000 -10.0000 -2.0000 -14.0000 6.0000 0.3768 0.4351 0.5124 0.6828 0.4855 2.4926 1.8927 4.6353 
1.0000 55.0000 6.0000 2.0000 0.0000 5.0200 2 -1.0000 1.0000 0.6110 -8.0000 4.0000 8.0000 0.0000 12.0000 -4.0000 0.7795 0.3217 0.3626 0.5439 0.4840 2.4918 1.9314 4.6677 
1.0000 24.0000 6.0000 -2.0000 0.0000 -2.5100 8 1.0000 1.0000 1.1470 8.0000 -4.0000 -8.0000 0.0000 -12.0000 4.0000 0.4653 0.3456 0.7039 0.5937 0.4008 2.5093 1.9318 4.6852 
1.0000 58.0000 6.0000 4.0000 1.0000 -5.0200 8 1.0000 1.0000 1.1790 14.0000 2.0000 -6.0000 6.0000 -2.0000 10.0000 0.5000 0.5000 0.5000 0.5000 0.5000 2.5000 1.7674 4.5259 
1.0000 52.0000 6.0000 2.0000 0.0000 -2.5100 2 -1.0000 0.0000 0.9030 -8.0000 4.0000 8.0000 0.0000 12.0000 -4.0000 0.5624 0.3151 0.5669 0.6413 0.4215 2.5072 1.8677 4.6332 
1.0000 27.0000 6.0000 -2.0000 0.0000 5.0200 2 -1.0000 1.0000 1.2220 8.0000 0.0000 -8.0000 4.0000 -12.0000 -4.0000 0.4568 0.3121 0.3374 0.6377 0.7494 2.4934 1.8397 4.5859 
1.0000 37.0000 6.0000 0.0000 0.0000 -5.0200 8 1.0000 1.0000 1.1310 6.0000 -6.0000 -10.0000 10.0000 -2.0000 2.0000 0.4291 0.5914 0.4113 0.3468 0.7181 2.4968 1.7550 4.5059 
1.0000 16.0000 6.0000 -2.0000 1.0000 -5.0200 8 1.0000 1.0000 0.7320 4.0000 -8.0000 -12.0000 8.0000 -4.0000 0.0000 0.5000 0.5000 0.5000 0.5000 0.5000 2.5000 1.7800 4.5259 
1.0000 30.0000 6.0000 0.0000 1.0000 -5.0200 8 1.0000 1.0000 1.2770 -6.0000 2.0000 6.0000 -2.0000 10.0000 -10.0000 0.5000 0.5000 0.5000 0.5000 0.5000 2.5000 1.7994 4.5424 
1.0000 19.0000 6.0000 -2.0000 1.0000 2.5100 2 -1.0000 1.0000 1.0120 -12.0000 0.0000 4.0000 -4.0000 8.0000 -8.0000 0.5000 0.5000 0.5000 0.5000 0.5000 2.5000 1.9374 4.6759 
1.0000 63.0000 6.0000 4.0000 1.0000 7.5300 2 -1.0000 1.0000 1.7780 14.0000 2.0000 -2.0000 6.0000 -6.0000 10.0000 0.5000 0.5000 0.5000 0.5000 0.5000 2.5000 1.9728 4.7094 
1.0000 62.0000 6.0000 4.0000 1.0000 5.0200 2 -1.0000 1.0000 1.5470 -6.0000 6.0000 10.0000 2.0000 14.0000 -2.0000 0.5000 0.5000 0.5000 0.5000 0.5000 2.5000 1.7551 4.4926 
1.0000 15.0000 6.0000 -2.0000 1.0000 -7.5300 8 1.0000 1.0000 1.0650 4.0000 -8.0000 -12.0000 8.0000 -4.0000 0.0000 0.5000 0.5000 0.5000 0.5000 0.5000 2.5000 1.9908 4.7427 
1.0000 23.0000 6.0000 -2.0000 0.0000 -5.0200 8 1.0000 1.0000 0.9760 -8.0000 0.0000 4.0000 -4.0000 8.0000 -12.0000 0.7448 0.3640 0.3329 0.5712 0.4944 2.5072 1.8793 4.6499 
1.0000 18.0000 6.0000 -2.0000 1.0000 0.0000 2 -1.0000 0.0000 0.7510 -12.0000 0.0000 8.0000 -4.0000 4.0000 -8.0000 0.5000 0.5000 0.5000 0.5000 0.5000 2.5000 1.9860 4.7426 
1.0000 65.0000 6.0000 4.0000 0.0000 -5.0200 2 -1.0000 0.0000 2.3360 -6.0000 6.0000 14.0000 2.0000 10.0000 -2.0000 0.3418 0.7779 0.3144 0.6632 0.4122 2.5096 1.8993 4.6688 
1.0000 46.0000 6.0000 2.0000 1.0000 0.0000 2 -1.0000 0.0000 0.7760 12.0000 4.0000 -4.0000 8.0000 -8.0000 0.0000 0.5000 0.5000 0.5000 0.5000 0.5000 2.5000 1.8307 4.5759 
1.0000 10.0000 6.0000 -4.0000 0.0000 -2.5100 8 1.0000 1.0000 1.4600 -10.0000 2.0000 6.0000 -14.0000 -2.0000 -6.0000 0.4851 0.5757 0.5215 0.3176 0.5970 2.4970 1.8277 4.5728 
1.0000 31.0000 6.0000 0.0000 1.0000 -2.5100 2 -1.0000 0.0000 0.8150 10.0000 2.0000 -6.0000 6.0000 -10.0000 -2.0000 0.5000 0.5000 0.5000 0.5000 0.5000 2.5000 1.8096 4.5591 
