subNo index block mean periodicity testLevel pressedKey answer isCorrect rt s1 s2 s3 s4 s5 s6 t1 t2 t3 t4 t5 seqDuration startInterval trialDuration 
10.0000 48.0000 1.0000 2.0000 1.0000 3.2300 8 -1.0000 1.0000 1.6950 -8.0000 4.0000 12.0000 0.0000 8.0000 -4.0000 0.5000 0.5000 0.5000 0.5000 0.5000 2.5000 1.9308 4.6927 
10.0000 6.0000 1.0000 -4.0000 1.0000 3.2300 8 -1.0000 1.0000 1.8710 -14.0000 -2.0000 6.0000 -6.0000 2.0000 -10.0000 0.5000 0.5000 0.5000 0.5000 0.5000 2.5000 1.8201 4.5758 
10.0000 49.0000 1.0000 2.0000 1.0000 4.8450 8 -1.0000 1.0000 2.1680 8.0000 -4.0000 -8.0000 12.0000 0.0000 4.0000 0.5000 0.5000 0.5000 0.5000 0.5000 2.5000 1.8206 4.5758 
10.0000 14.0000 1.0000 -4.0000 0.0000 4.8450 8 -1.0000 1.0000 1.3440 2.0000 -10.0000 -14.0000 6.0000 -6.0000 -2.0000 0.4039 0.5726 0.4376 0.3081 0.7777 2.4999 1.9799 4.7258 
10.0000 41.0000 1.0000 0.0000 0.0000 3.2300 NR 0.0000 0.0000 0.0000 6.0000 -6.0000 -10.0000 10.0000 -2.0000 2.0000 0.3783 0.5665 0.3090 0.7360 0.5016 2.4915 1.8326 4.5673 
10.0000 2.0000 1.0000 -4.0000 1.0000 -3.2300 2 1.0000 1.0000 4.2840 6.0000 -6.0000 -10.0000 -2.0000 -14.0000 2.0000 0.5000 0.5000 0.5000 0.5000 0.5000 2.5000 1.9323 4.6759 
10.0000 55.0000 1.0000 2.0000 0.0000 3.2300 8 -1.0000 1.0000 2.8270 -4.0000 4.0000 8.0000 0.0000 12.0000 -8.0000 0.4309 0.3170 0.6897 0.3540 0.7150 2.5065 1.8691 4.6159 
10.0000 16.0000 1.0000 -2.0000 1.0000 -3.2300 2 1.0000 1.0000 4.7930 0.0000 -8.0000 -12.0000 8.0000 -4.0000 4.0000 0.5000 0.5000 0.5000 0.5000 0.5000 2.5000 1.9501 4.7093 
10.0000 11.0000 1.0000 -4.0000 0.0000 0.0000 2 1.0000 0.0000 1.5750 2.0000 -6.0000 -14.0000 -2.0000 -10.0000 6.0000 0.4654 0.5658 0.5228 0.3921 0.5581 2.5043 1.8490 4.6135 
10.0000 53.0000 1.0000 2.0000 0.0000 0.0000 2 1.0000 0.0000 2.6460 -8.0000 4.0000 8.0000 0.0000 12.0000 -4.0000 0.4091 0.3638 0.5307 0.4009 0.7893 2.4938 1.8394 4.5863 
10.0000 39.0000 1.0000 0.0000 0.0000 0.0000 2 1.0000 0.0000 1.8180 10.0000 2.0000 -6.0000 6.0000 -10.0000 -2.0000 0.7271 0.6070 0.3236 0.4894 0.3605 2.5076 1.8832 4.6501 
10.0000 59.0000 1.0000 4.0000 1.0000 -1.6150 2 1.0000 1.0000 2.3990 14.0000 2.0000 -6.0000 6.0000 -2.0000 10.0000 0.5000 0.5000 0.5000 0.5000 0.5000 2.5000 1.9825 4.7261 
10.0000 19.0000 1.0000 -2.0000 1.0000 1.6150 8 -1.0000 1.0000 2.4790 0.0000 -8.0000 -12.0000 8.0000 -4.0000 4.0000 0.5000 0.5000 0.5000 0.5000 0.5000 2.5000 1.9570 4.7093 
10.0000 43.0000 1.0000 2.0000 1.0000 -4.8450 8 -1.0000 0.0000 4.3600 -8.0000 0.0000 12.0000 -4.0000 8.0000 4.0000 0.5000 0.5000 0.5000 0.5000 0.5000 2.5000 1.8527 4.5926 
10.0000 46.0000 1.0000 2.0000 1.0000 0.0000 8 -1.0000 0.0000 3.6810 8.0000 -4.0000 -8.0000 12.0000 0.0000 4.0000 0.5000 0.5000 0.5000 0.5000 0.5000 2.5000 1.8719 4.6259 
10.0000 45.0000 1.0000 2.0000 1.0000 -1.6150 2 1.0000 1.0000 4.9280 12.0000 4.0000 -4.0000 8.0000 -8.0000 0.0000 0.5000 0.5000 0.5000 0.5000 0.5000 2.5000 1.8463 4.6091 
10.0000 68.0000 1.0000 4.0000 0.0000 1.6150 8 -1.0000 1.0000 2.7190 14.0000 6.0000 -6.0000 10.0000 -2.0000 2.0000 0.4326 0.6176 0.7039 0.4076 0.3384 2.5001 1.9754 4.7259 
10.0000 47.0000 1.0000 2.0000 1.0000 1.6150 8 -1.0000 1.0000 3.4520 12.0000 4.0000 -8.0000 8.0000 -4.0000 0.0000 0.5000 0.5000 0.5000 0.5000 0.5000 2.5000 1.8538 4.6094 
10.0000 33.0000 1.0000 0.0000 1.0000 1.6150 8 -1.0000 1.0000 1.5540 -10.0000 -2.0000 10.0000 -6.0000 6.0000 2.0000 0.5000 0.5000 0.5000 0.5000 0.5000 2.5000 1.9264 4.6760 
10.0000 34.0000 1.0000 0.0000 1.0000 3.2300 8 -1.0000 1.0000 1.5360 6.0000 -6.0000 -10.0000 10.0000 -2.0000 2.0000 0.5000 0.5000 0.5000 0.5000 0.5000 2.5000 1.8260 4.5758 
10.0000 64.0000 1.0000 4.0000 0.0000 -4.8450 2 1.0000 1.0000 2.0640 14.0000 6.0000 -2.0000 10.0000 -6.0000 2.0000 0.5270 0.6495 0.3092 0.4169 0.5881 2.4908 1.7772 4.5166 
10.0000 5.0000 1.0000 -4.0000 1.0000 1.6150 NR 0.0000 0.0000 0.0000 -14.0000 -6.0000 2.0000 -10.0000 6.0000 -2.0000 0.5000 0.5000 0.5000 0.5000 0.5000 2.5000 1.7921 4.5425 
10.0000 52.0000 1.0000 2.0000 0.0000 -1.6150 8 -1.0000 0.0000 1.2090 12.0000 0.0000 -4.0000 4.0000 -8.0000 8.0000 0.5286 0.4655 0.5119 0.5850 0.3991 2.4902 1.9497 4.6995 
10.0000 51.0000 1.0000 2.0000 0.0000 -3.2300 2 1.0000 1.0000 1.0460 -4.0000 4.0000 12.0000 0.0000 8.0000 -8.0000 0.5583 0.4181 0.3463 0.7037 0.4766 2.5031 1.8179 4.5788 
10.0000 62.0000 1.0000 4.0000 1.0000 3.2300 NR 0.0000 0.0000 0.0000 10.0000 2.0000 -2.0000 6.0000 -6.0000 14.0000 0.5000 0.5000 0.5000 0.5000 0.5000 2.5000 1.9614 4.7094 
10.0000 70.0000 1.0000 4.0000 0.0000 4.8450 NR 0.0000 0.0000 0.0000 10.0000 -2.0000 -6.0000 14.0000 2.0000 6.0000 0.3662 0.6049 0.3584 0.7199 0.4438 2.4933 1.7786 4.5190 
10.0000 24.0000 1.0000 -2.0000 0.0000 -1.6150 8 -1.0000 0.0000 1.9950 8.0000 0.0000 -12.0000 4.0000 -8.0000 -4.0000 0.6026 0.4054 0.4423 0.7214 0.3265 2.4982 1.7610 4.5073 
10.0000 32.0000 1.0000 0.0000 1.0000 0.0000 8 -1.0000 0.0000 1.2970 6.0000 -2.0000 -6.0000 2.0000 -10.0000 10.0000 0.5000 0.5000 0.5000 0.5000 0.5000 2.5000 1.8039 4.5425 
10.0000 22.0000 1.0000 -2.0000 0.0000 -4.8450 2 1.0000 1.0000 1.7880 -8.0000 0.0000 4.0000 -4.0000 8.0000 -12.0000 0.3293 0.4115 0.7468 0.4127 0.6036 2.5039 1.9747 4.7132 
10.0000 63.0000 1.0000 4.0000 1.0000 4.8450 8 -1.0000 1.0000 2.6310 14.0000 6.0000 -2.0000 10.0000 -6.0000 2.0000 0.5000 0.5000 0.5000 0.5000 0.5000 2.5000 1.8746 4.6260 
10.0000 25.0000 1.0000 -2.0000 0.0000 0.0000 NR 0.0000 0.0000 0.0000 8.0000 -4.0000 -12.0000 0.0000 -8.0000 4.0000 0.3980 0.7598 0.6002 0.4356 0.3147 2.5082 1.9757 4.7343 
10.0000 21.0000 1.0000 -2.0000 1.0000 4.8450 8 -1.0000 1.0000 1.1390 -12.0000 -4.0000 8.0000 -8.0000 4.0000 0.0000 0.5000 0.5000 0.5000 0.5000 0.5000 2.5000 1.8787 4.6259 
10.0000 37.0000 1.0000 0.0000 0.0000 -3.2300 8 -1.0000 0.0000 3.3470 -6.0000 2.0000 10.0000 -2.0000 6.0000 -10.0000 0.4170 0.6920 0.3482 0.3747 0.6694 2.5014 1.9882 4.7439 
10.0000 54.0000 1.0000 2.0000 0.0000 1.6150 NR 0.0000 0.0000 0.0000 -8.0000 4.0000 12.0000 0.0000 8.0000 -4.0000 0.5347 0.3118 0.6693 0.3634 0.6129 2.4921 1.7625 4.5013 
10.0000 69.0000 1.0000 4.0000 0.0000 3.2300 8 -1.0000 1.0000 1.3850 10.0000 -2.0000 -6.0000 14.0000 2.0000 6.0000 0.5386 0.3831 0.6075 0.3092 0.6692 2.5076 1.9311 4.6835 
10.0000 26.0000 1.0000 -2.0000 0.0000 1.6150 8 -1.0000 1.0000 4.2020 -12.0000 -4.0000 8.0000 -8.0000 4.0000 0.0000 0.5257 0.3714 0.5233 0.3905 0.6879 2.4988 1.9394 4.6745 
10.0000 23.0000 1.0000 -2.0000 0.0000 -3.2300 8 -1.0000 0.0000 3.6950 -4.0000 4.0000 8.0000 -12.0000 0.0000 -8.0000 0.3310 0.4591 0.6225 0.5872 0.5059 2.5057 1.9003 4.6650 
10.0000 35.0000 1.0000 0.0000 1.0000 4.8450 8 -1.0000 1.0000 1.3680 -6.0000 2.0000 10.0000 -2.0000 6.0000 -10.0000 0.5000 0.5000 0.5000 0.5000 0.5000 2.5000 1.9734 4.7260 
10.0000 13.0000 1.0000 -4.0000 0.0000 3.2300 8 -1.0000 1.0000 1.0450 6.0000 -2.0000 -14.0000 2.0000 -10.0000 -6.0000 0.3318 0.5117 0.4118 0.6550 0.5975 2.5078 1.8783 4.6337 
10.0000 15.0000 1.0000 -2.0000 1.0000 -4.8450 2 1.0000 1.0000 1.2270 -8.0000 4.0000 8.0000 -12.0000 0.0000 -4.0000 0.5000 0.5000 0.5000 0.5000 0.5000 2.5000 1.8887 4.6427 
10.0000 28.0000 1.0000 -2.0000 0.0000 4.8450 8 -1.0000 1.0000 1.5440 -12.0000 0.0000 8.0000 -4.0000 4.0000 -8.0000 0.4331 0.7734 0.6133 0.3056 0.3826 2.5080 1.9644 4.7172 
10.0000 38.0000 1.0000 0.0000 0.0000 -1.6150 2 1.0000 1.0000 2.0280 10.0000 2.0000 -6.0000 6.0000 -10.0000 -2.0000 0.6474 0.5346 0.3495 0.6146 0.3624 2.5087 1.9112 4.6679 
10.0000 1.0000 1.0000 -4.0000 1.0000 -4.8450 2 1.0000 1.0000 4.1210 -14.0000 -2.0000 6.0000 -6.0000 2.0000 -10.0000 0.5000 0.5000 0.5000 0.5000 0.5000 2.5000 1.9739 4.7260 
10.0000 3.0000 1.0000 -4.0000 1.0000 -1.6150 8 -1.0000 0.0000 2.4620 -14.0000 -6.0000 2.0000 -10.0000 6.0000 -2.0000 0.5000 0.5000 0.5000 0.5000 0.5000 2.5000 1.8785 4.6427 
10.0000 65.0000 1.0000 4.0000 0.0000 -3.2300 2 1.0000 1.0000 2.0290 -6.0000 6.0000 10.0000 2.0000 14.0000 -2.0000 0.3748 0.3149 0.7476 0.3643 0.6971 2.4985 1.8412 4.5910 
10.0000 31.0000 1.0000 0.0000 1.0000 -1.6150 2 1.0000 1.0000 2.1230 10.0000 -2.0000 -10.0000 2.0000 -6.0000 6.0000 0.5000 0.5000 0.5000 0.5000 0.5000 2.5000 1.9275 4.6759 
10.0000 9.0000 1.0000 -4.0000 0.0000 -3.2300 8 -1.0000 0.0000 4.3410 6.0000 -2.0000 -14.0000 2.0000 -10.0000 -6.0000 0.4985 0.4130 0.4709 0.5247 0.5991 2.5062 1.9718 4.7321 
10.0000 57.0000 1.0000 4.0000 1.0000 -4.8450 2 1.0000 1.0000 0.9820 10.0000 2.0000 -2.0000 6.0000 -6.0000 14.0000 0.5000 0.5000 0.5000 0.5000 0.5000 2.5000 1.9075 4.6593 
10.0000 18.0000 1.0000 -2.0000 1.0000 0.0000 NR 0.0000 0.0000 0.0000 -8.0000 0.0000 4.0000 -4.0000 8.0000 -12.0000 0.5000 0.5000 0.5000 0.5000 0.5000 2.5000 1.9706 4.7092 
10.0000 7.0000 1.0000 -4.0000 1.0000 4.8450 8 -1.0000 1.0000 2.0690 6.0000 -6.0000 -10.0000 -2.0000 -14.0000 2.0000 0.5000 0.5000 0.5000 0.5000 0.5000 2.5000 1.9557 4.6925 
10.0000 50.0000 1.0000 2.0000 0.0000 -4.8450 2 1.0000 1.0000 1.5040 4.0000 -4.0000 -8.0000 12.0000 0.0000 8.0000 0.6281 0.4031 0.5748 0.4744 0.4215 2.5018 1.9144 4.6777 
10.0000 27.0000 1.0000 -2.0000 0.0000 3.2300 8 -1.0000 1.0000 2.3610 -8.0000 0.0000 4.0000 -4.0000 8.0000 -12.0000 0.6449 0.4810 0.3775 0.3016 0.6887 2.4936 1.9915 4.7363 
10.0000 4.0000 1.0000 -4.0000 1.0000 0.0000 8 -1.0000 0.0000 2.6720 6.0000 -6.0000 -14.0000 -2.0000 -10.0000 2.0000 0.5000 0.5000 0.5000 0.5000 0.5000 2.5000 1.9894 4.7425 
10.0000 42.0000 1.0000 0.0000 0.0000 4.8450 8 -1.0000 1.0000 3.1700 10.0000 2.0000 -10.0000 6.0000 -6.0000 -2.0000 0.4907 0.3402 0.4948 0.4602 0.7049 2.4907 1.7988 4.5334 
10.0000 17.0000 1.0000 -2.0000 1.0000 -1.6150 2 1.0000 1.0000 4.7540 -4.0000 4.0000 8.0000 -12.0000 0.0000 -8.0000 0.5000 0.5000 0.5000 0.5000 0.5000 2.5000 1.9642 4.7092 
10.0000 29.0000 1.0000 0.0000 1.0000 -4.8450 2 1.0000 1.0000 0.9640 10.0000 2.0000 -6.0000 6.0000 -10.0000 -2.0000 0.5000 0.5000 0.5000 0.5000 0.5000 2.5000 1.8598 4.6091 
10.0000 66.0000 1.0000 4.0000 0.0000 -1.6150 8 -1.0000 0.0000 2.6610 14.0000 2.0000 -6.0000 6.0000 -2.0000 10.0000 0.5109 0.7821 0.3119 0.4002 0.4942 2.4993 1.7601 4.5084 
10.0000 40.0000 1.0000 0.0000 0.0000 1.6150 NR 0.0000 0.0000 0.0000 -6.0000 6.0000 10.0000 -10.0000 2.0000 -2.0000 0.3950 0.6909 0.4934 0.5865 0.3310 2.4967 1.9081 4.6392 
10.0000 67.0000 1.0000 4.0000 0.0000 0.0000 NR 0.0000 0.0000 0.0000 14.0000 6.0000 -2.0000 10.0000 -6.0000 2.0000 0.7060 0.3069 0.3944 0.6196 0.4703 2.4972 1.9472 4.7064 
10.0000 44.0000 1.0000 2.0000 1.0000 -3.2300 8 -1.0000 0.0000 2.8700 12.0000 0.0000 -8.0000 4.0000 -4.0000 8.0000 0.5000 0.5000 0.5000 0.5000 0.5000 2.5000 1.9649 4.7258 
10.0000 12.0000 1.0000 -4.0000 0.0000 1.6150 8 -1.0000 1.0000 1.4810 6.0000 -2.0000 -10.0000 2.0000 -14.0000 -6.0000 0.5238 0.5817 0.4058 0.6294 0.3511 2.4918 1.9479 4.6844 
10.0000 58.0000 1.0000 4.0000 1.0000 -3.2300 2 1.0000 1.0000 1.2290 10.0000 -2.0000 -6.0000 14.0000 2.0000 6.0000 0.5000 0.5000 0.5000 0.5000 0.5000 2.5000 1.7541 4.5092 
10.0000 61.0000 1.0000 4.0000 1.0000 1.6150 8 -1.0000 1.0000 4.2690 -2.0000 6.0000 10.0000 2.0000 14.0000 -6.0000 0.5000 0.5000 0.5000 0.5000 0.5000 2.5000 1.9017 4.6427 
10.0000 36.0000 1.0000 0.0000 0.0000 -4.8450 2 1.0000 1.0000 1.2510 6.0000 -2.0000 -6.0000 2.0000 -10.0000 10.0000 0.4766 0.3876 0.5748 0.5074 0.5624 2.5089 1.8858 4.6348 
10.0000 20.0000 1.0000 -2.0000 1.0000 3.2300 2 1.0000 0.0000 4.3440 -12.0000 0.0000 4.0000 -4.0000 8.0000 -8.0000 0.5000 0.5000 0.5000 0.5000 0.5000 2.5000 1.8013 4.5425 
10.0000 10.0000 1.0000 -4.0000 0.0000 -1.6150 NR 0.0000 0.0000 0.0000 -14.0000 -6.0000 2.0000 -10.0000 6.0000 -2.0000 0.4648 0.5980 0.3629 0.4180 0.6517 2.4953 1.8943 4.6377 
10.0000 60.0000 1.0000 4.0000 1.0000 0.0000 NR 0.0000 0.0000 0.0000 14.0000 2.0000 -2.0000 6.0000 -6.0000 10.0000 0.5000 0.5000 0.5000 0.5000 0.5000 2.5000 1.7996 4.5592 
10.0000 56.0000 1.0000 2.0000 0.0000 4.8450 8 -1.0000 1.0000 1.1730 8.0000 0.0000 -8.0000 4.0000 -4.0000 12.0000 0.4913 0.3860 0.5054 0.4707 0.6459 2.4994 1.8454 4.5918 
10.0000 8.0000 1.0000 -4.0000 0.0000 -4.8450 2 1.0000 1.0000 2.5620 2.0000 -6.0000 -14.0000 -2.0000 -10.0000 6.0000 0.3571 0.7764 0.3486 0.4908 0.5223 2.4952 1.8351 4.5710 
10.0000 30.0000 1.0000 0.0000 1.0000 -3.2300 8 -1.0000 0.0000 3.5460 10.0000 2.0000 -6.0000 6.0000 -10.0000 -2.0000 0.5000 0.5000 0.5000 0.5000 0.5000 2.5000 1.9805 4.7259 
10.0000 25.0000 2.0000 -2.0000 0.0000 0.0000 2 1.0000 0.0000 1.5900 4.0000 -8.0000 -12.0000 8.0000 -4.0000 0.0000 0.3727 0.4991 0.6579 0.5583 0.4051 2.4930 1.7980 4.5521 
10.0000 64.0000 2.0000 4.0000 0.0000 -4.8450 2 1.0000 1.0000 1.0480 -6.0000 6.0000 14.0000 2.0000 10.0000 -2.0000 0.3431 0.5260 0.4896 0.7527 0.3868 2.4982 1.8540 4.6074 
10.0000 5.0000 2.0000 -4.0000 1.0000 1.6150 8 -1.0000 1.0000 1.9440 -14.0000 -2.0000 2.0000 -6.0000 6.0000 -10.0000 0.5000 0.5000 0.5000 0.5000 0.5000 2.5000 1.8892 4.6426 
10.0000 42.0000 2.0000 0.0000 0.0000 4.8450 8 -1.0000 1.0000 1.5750 -10.0000 -2.0000 10.0000 -6.0000 6.0000 2.0000 0.6807 0.3505 0.4199 0.3276 0.7241 2.5029 1.7878 4.5454 
10.0000 46.0000 2.0000 2.0000 1.0000 0.0000 8 -1.0000 0.0000 4.0300 -4.0000 4.0000 8.0000 0.0000 12.0000 -8.0000 0.5000 0.5000 0.5000 0.5000 0.5000 2.5000 1.9781 4.7259 
10.0000 29.0000 2.0000 0.0000 1.0000 -4.8450 2 1.0000 1.0000 1.1400 6.0000 -2.0000 -10.0000 2.0000 -6.0000 10.0000 0.5000 0.5000 0.5000 0.5000 0.5000 2.5000 1.9493 4.6925 
10.0000 61.0000 2.0000 4.0000 1.0000 1.6150 8 -1.0000 1.0000 4.1280 -6.0000 6.0000 14.0000 2.0000 10.0000 -2.0000 0.5000 0.5000 0.5000 0.5000 0.5000 2.5000 1.8878 4.6427 
10.0000 68.0000 2.0000 4.0000 0.0000 1.6150 8 -1.0000 1.0000 4.7590 -6.0000 2.0000 14.0000 -2.0000 10.0000 6.0000 0.6585 0.3846 0.3012 0.5219 0.6365 2.5026 1.7682 4.5284 
10.0000 43.0000 2.0000 2.0000 1.0000 -4.8450 2 1.0000 1.0000 1.3020 8.0000 0.0000 -4.0000 4.0000 -8.0000 12.0000 0.5000 0.5000 0.5000 0.5000 0.5000 2.5000 1.7886 4.5426 
10.0000 26.0000 2.0000 -2.0000 0.0000 1.6150 8 -1.0000 1.0000 3.6220 -12.0000 0.0000 4.0000 -4.0000 8.0000 -8.0000 0.5620 0.7736 0.3997 0.3680 0.4066 2.5099 1.9596 4.7192 
10.0000 41.0000 2.0000 0.0000 0.0000 3.2300 8 -1.0000 1.0000 3.1530 6.0000 -2.0000 -6.0000 2.0000 -10.0000 10.0000 0.4783 0.3009 0.5328 0.7563 0.4391 2.5075 1.8266 4.5834 
10.0000 58.0000 2.0000 4.0000 1.0000 -3.2300 2 1.0000 1.0000 4.7990 14.0000 6.0000 -2.0000 10.0000 -6.0000 2.0000 0.5000 0.5000 0.5000 0.5000 0.5000 2.5000 1.9929 4.7427 
10.0000 19.0000 2.0000 -2.0000 1.0000 1.6150 8 -1.0000 1.0000 1.5580 -8.0000 0.0000 8.0000 -4.0000 4.0000 -12.0000 0.5000 0.5000 0.5000 0.5000 0.5000 2.5000 1.9421 4.6926 
10.0000 54.0000 2.0000 2.0000 0.0000 1.6150 8 -1.0000 1.0000 2.6880 -4.0000 4.0000 8.0000 0.0000 12.0000 -8.0000 0.5318 0.4754 0.5737 0.3848 0.5277 2.4933 1.9245 4.6692 
10.0000 60.0000 2.0000 4.0000 1.0000 0.0000 2 1.0000 0.0000 4.2990 -2.0000 6.0000 10.0000 2.0000 14.0000 -6.0000 0.5000 0.5000 0.5000 0.5000 0.5000 2.5000 1.7618 4.5092 
10.0000 36.0000 2.0000 0.0000 0.0000 -4.8450 2 1.0000 1.0000 3.6850 -10.0000 2.0000 6.0000 -2.0000 10.0000 -6.0000 0.6396 0.7968 0.3368 0.4037 0.3151 2.4920 1.9087 4.6513 
10.0000 13.0000 2.0000 -4.0000 0.0000 3.2300 8 -1.0000 1.0000 3.4600 -14.0000 -6.0000 6.0000 -10.0000 2.0000 -2.0000 0.5371 0.4498 0.5697 0.4940 0.4469 2.4975 1.8437 4.5900 
10.0000 28.0000 2.0000 -2.0000 0.0000 4.8450 8 -1.0000 1.0000 1.1100 -8.0000 4.0000 8.0000 -12.0000 0.0000 -4.0000 0.4529 0.3152 0.3536 0.6409 0.7363 2.4989 1.9993 4.7415 
10.0000 48.0000 2.0000 2.0000 1.0000 3.2300 8 -1.0000 1.0000 1.1220 0.0000 8.0000 12.0000 -8.0000 4.0000 -4.0000 0.5000 0.5000 0.5000 0.5000 0.5000 2.5000 1.7704 4.5091 
10.0000 39.0000 2.0000 0.0000 0.0000 0.0000 8 -1.0000 0.0000 1.6900 -10.0000 -2.0000 6.0000 -6.0000 10.0000 2.0000 0.4249 0.4660 0.3177 0.5045 0.7949 2.5081 1.8515 4.6006 
10.0000 8.0000 2.0000 -4.0000 0.0000 -4.8450 2 1.0000 1.0000 2.4660 -14.0000 -6.0000 2.0000 -10.0000 6.0000 -2.0000 0.5259 0.3444 0.4851 0.4469 0.6910 2.4934 1.8017 4.5526 
10.0000 56.0000 2.0000 2.0000 0.0000 4.8450 8 -1.0000 1.0000 4.3210 -8.0000 0.0000 12.0000 -4.0000 8.0000 4.0000 0.4633 0.6201 0.3754 0.6827 0.3633 2.5047 1.8591 4.6138 
10.0000 38.0000 2.0000 0.0000 0.0000 -1.6150 2 1.0000 1.0000 3.8120 -2.0000 6.0000 10.0000 -10.0000 2.0000 -6.0000 0.3509 0.5779 0.4991 0.5707 0.5008 2.4993 1.7534 4.5085 
10.0000 18.0000 2.0000 -2.0000 1.0000 0.0000 NR 0.0000 0.0000 0.0000 4.0000 -4.0000 -8.0000 0.0000 -12.0000 8.0000 0.5000 0.5000 0.5000 0.5000 0.5000 2.5000 1.8412 4.5926 
10.0000 59.0000 2.0000 4.0000 1.0000 -1.6150 2 1.0000 1.0000 1.1150 6.0000 -2.0000 -6.0000 14.0000 2.0000 10.0000 0.5000 0.5000 0.5000 0.5000 0.5000 2.5000 1.9071 4.6594 
10.0000 53.0000 2.0000 2.0000 0.0000 0.0000 2 1.0000 0.0000 4.2190 12.0000 4.0000 -8.0000 8.0000 -4.0000 0.0000 0.4601 0.6885 0.4982 0.4458 0.4031 2.4957 1.8295 4.5715 
10.0000 50.0000 2.0000 2.0000 0.0000 -4.8450 2 1.0000 1.0000 3.3570 12.0000 4.0000 -4.0000 8.0000 -8.0000 0.0000 0.6111 0.4056 0.3115 0.4776 0.6851 2.4909 1.8333 4.5668 
10.0000 70.0000 2.0000 4.0000 0.0000 4.8450 8 -1.0000 1.0000 4.8300 14.0000 2.0000 -6.0000 6.0000 -2.0000 10.0000 0.4569 0.5023 0.4528 0.7496 0.3288 2.4903 1.8981 4.6497 
10.0000 1.0000 2.0000 -4.0000 1.0000 -4.8450 2 1.0000 1.0000 3.0490 -10.0000 2.0000 6.0000 -14.0000 -2.0000 -6.0000 0.5000 0.5000 0.5000 0.5000 0.5000 2.5000 1.8102 4.5592 
10.0000 32.0000 2.0000 0.0000 1.0000 0.0000 2 1.0000 0.0000 2.1280 10.0000 -2.0000 -6.0000 2.0000 -10.0000 6.0000 0.5000 0.5000 0.5000 0.5000 0.5000 2.5000 1.9000 4.6592 
10.0000 21.0000 2.0000 -2.0000 1.0000 4.8450 8 -1.0000 1.0000 1.3830 -4.0000 4.0000 8.0000 -12.0000 0.0000 -8.0000 0.5000 0.5000 0.5000 0.5000 0.5000 2.5000 1.7794 4.5259 
10.0000 40.0000 2.0000 0.0000 0.0000 1.6150 8 -1.0000 1.0000 3.6620 -10.0000 2.0000 6.0000 -2.0000 10.0000 -6.0000 0.6257 0.5749 0.3329 0.5350 0.4223 2.4908 1.8266 4.5669 
10.0000 57.0000 2.0000 4.0000 1.0000 -4.8450 2 1.0000 1.0000 1.9840 14.0000 2.0000 -2.0000 6.0000 -6.0000 10.0000 0.5000 0.5000 0.5000 0.5000 0.5000 2.5000 1.9614 4.7092 
10.0000 20.0000 2.0000 -2.0000 1.0000 3.2300 NR 0.0000 0.0000 0.0000 -12.0000 -4.0000 8.0000 -8.0000 4.0000 0.0000 0.5000 0.5000 0.5000 0.5000 0.5000 2.5000 1.8703 4.6091 
10.0000 47.0000 2.0000 2.0000 1.0000 1.6150 8 -1.0000 1.0000 2.8440 -8.0000 0.0000 12.0000 -4.0000 8.0000 4.0000 0.5000 0.5000 0.5000 0.5000 0.5000 2.5000 1.8707 4.6258 
10.0000 52.0000 2.0000 2.0000 0.0000 -1.6150 NR 0.0000 0.0000 0.0000 -8.0000 0.0000 12.0000 -4.0000 8.0000 4.0000 0.5050 0.6853 0.4635 0.3646 0.4809 2.4994 1.9468 4.7088 
10.0000 31.0000 2.0000 0.0000 1.0000 -1.6150 2 1.0000 1.0000 1.9660 6.0000 -2.0000 -10.0000 2.0000 -6.0000 10.0000 0.5000 0.5000 0.5000 0.5000 0.5000 2.5000 1.9330 4.6926 
10.0000 2.0000 2.0000 -4.0000 1.0000 -3.2300 2 1.0000 1.0000 2.1680 6.0000 -6.0000 -14.0000 -2.0000 -10.0000 2.0000 0.5000 0.5000 0.5000 0.5000 0.5000 2.5000 1.9165 4.6593 
10.0000 27.0000 2.0000 -2.0000 0.0000 3.2300 NR 0.0000 0.0000 0.0000 -8.0000 0.0000 4.0000 -4.0000 8.0000 -12.0000 0.3425 0.4979 0.3757 0.7517 0.5312 2.4990 1.8193 4.5582 
10.0000 6.0000 2.0000 -4.0000 1.0000 3.2300 8 -1.0000 1.0000 2.5070 2.0000 -6.0000 -14.0000 -2.0000 -10.0000 6.0000 0.5000 0.5000 0.5000 0.5000 0.5000 2.5000 1.7796 4.5258 
10.0000 67.0000 2.0000 4.0000 0.0000 0.0000 2 1.0000 0.0000 4.8490 10.0000 2.0000 -6.0000 6.0000 -2.0000 14.0000 0.3292 0.5604 0.4587 0.7609 0.3881 2.4974 1.8934 4.6400 
10.0000 66.0000 2.0000 4.0000 0.0000 -1.6150 8 -1.0000 0.0000 1.6890 14.0000 2.0000 -6.0000 6.0000 -2.0000 10.0000 0.3319 0.6348 0.6600 0.5615 0.3030 2.4911 1.9753 4.7170 
10.0000 10.0000 2.0000 -4.0000 0.0000 -1.6150 8 -1.0000 0.0000 3.1640 -14.0000 -6.0000 2.0000 -10.0000 6.0000 -2.0000 0.4288 0.5547 0.3132 0.4522 0.7589 2.5078 1.9649 4.7337 
10.0000 55.0000 2.0000 2.0000 0.0000 3.2300 2 1.0000 0.0000 1.7760 12.0000 4.0000 -8.0000 8.0000 -4.0000 0.0000 0.6664 0.5460 0.3151 0.5349 0.4374 2.4998 1.8097 4.5589 
10.0000 7.0000 2.0000 -4.0000 1.0000 4.8450 8 -1.0000 1.0000 1.9080 -14.0000 -6.0000 6.0000 -10.0000 2.0000 -2.0000 0.5000 0.5000 0.5000 0.5000 0.5000 2.5000 1.8550 4.6092 
10.0000 11.0000 2.0000 -4.0000 0.0000 0.0000 2 1.0000 0.0000 3.6360 -6.0000 2.0000 6.0000 -14.0000 -2.0000 -10.0000 0.4595 0.6559 0.4861 0.3960 0.4944 2.4919 1.8871 4.6345 
10.0000 37.0000 2.0000 0.0000 0.0000 -3.2300 2 1.0000 1.0000 1.2060 -6.0000 2.0000 10.0000 -2.0000 6.0000 -10.0000 0.5538 0.6551 0.5142 0.3084 0.4586 2.4900 1.7934 4.5326 
10.0000 30.0000 2.0000 0.0000 1.0000 -3.2300 2 1.0000 1.0000 0.8940 -6.0000 2.0000 10.0000 -2.0000 6.0000 -10.0000 0.5000 0.5000 0.5000 0.5000 0.5000 2.5000 1.9462 4.6927 
10.0000 49.0000 2.0000 2.0000 1.0000 4.8450 2 1.0000 0.0000 1.7600 12.0000 4.0000 -4.0000 8.0000 -8.0000 0.0000 0.5000 0.5000 0.5000 0.5000 0.5000 2.5000 1.9965 4.7593 
10.0000 4.0000 2.0000 -4.0000 1.0000 0.0000 2 1.0000 0.0000 0.8570 2.0000 -6.0000 -14.0000 -2.0000 -10.0000 6.0000 0.5000 0.5000 0.5000 0.5000 0.5000 2.5000 1.8854 4.6426 
10.0000 51.0000 2.0000 2.0000 0.0000 -3.2300 8 -1.0000 0.0000 3.8550 8.0000 -4.0000 -8.0000 12.0000 0.0000 4.0000 0.6838 0.4764 0.5419 0.4627 0.3294 2.4941 1.9080 4.6534 
10.0000 24.0000 2.0000 -2.0000 0.0000 -1.6150 2 1.0000 1.0000 2.3080 4.0000 -4.0000 -8.0000 0.0000 -12.0000 8.0000 0.3760 0.6661 0.4680 0.6389 0.3500 2.4991 1.7778 4.5249 
10.0000 16.0000 2.0000 -2.0000 1.0000 -3.2300 2 1.0000 1.0000 1.1750 4.0000 -4.0000 -12.0000 0.0000 -8.0000 8.0000 0.5000 0.5000 0.5000 0.5000 0.5000 2.5000 1.9115 4.6592 
10.0000 22.0000 2.0000 -2.0000 0.0000 -4.8450 2 1.0000 1.0000 1.5810 -4.0000 4.0000 8.0000 -12.0000 0.0000 -8.0000 0.4040 0.5300 0.3696 0.7626 0.4329 2.4992 1.8429 4.5917 
10.0000 44.0000 2.0000 2.0000 1.0000 -3.2300 NR 0.0000 0.0000 0.0000 8.0000 0.0000 -8.0000 4.0000 -4.0000 12.0000 0.5000 0.5000 0.5000 0.5000 0.5000 2.5000 1.8787 4.6260 
10.0000 23.0000 2.0000 -2.0000 0.0000 -3.2300 2 1.0000 1.0000 1.1480 4.0000 -4.0000 -8.0000 0.0000 -12.0000 8.0000 0.5856 0.3290 0.5841 0.4373 0.5675 2.5034 1.9743 4.7126 
10.0000 65.0000 2.0000 4.0000 0.0000 -3.2300 8 -1.0000 0.0000 1.8990 -6.0000 6.0000 14.0000 2.0000 10.0000 -2.0000 0.4493 0.7418 0.3294 0.5966 0.3881 2.5052 1.8313 4.5977 
10.0000 63.0000 2.0000 4.0000 1.0000 4.8450 8 -1.0000 1.0000 3.9550 6.0000 -2.0000 -6.0000 14.0000 2.0000 10.0000 0.5000 0.5000 0.5000 0.5000 0.5000 2.5000 1.8105 4.5592 
10.0000 15.0000 2.0000 -2.0000 1.0000 -4.8450 NR 0.0000 0.0000 0.0000 -12.0000 0.0000 4.0000 -4.0000 8.0000 -8.0000 0.5000 0.5000 0.5000 0.5000 0.5000 2.5000 1.9624 4.7093 
10.0000 45.0000 2.0000 2.0000 1.0000 -1.6150 8 -1.0000 0.0000 1.9800 4.0000 -4.0000 -8.0000 12.0000 0.0000 8.0000 0.5000 0.5000 0.5000 0.5000 0.5000 2.5000 1.7895 4.5425 
10.0000 9.0000 2.0000 -4.0000 0.0000 -3.2300 2 1.0000 1.0000 1.4850 -6.0000 2.0000 6.0000 -14.0000 -2.0000 -10.0000 0.5839 0.4850 0.6490 0.4067 0.3732 2.4979 1.9393 4.6906 
10.0000 17.0000 2.0000 -2.0000 1.0000 -1.6150 2 1.0000 1.0000 1.4970 -12.0000 0.0000 8.0000 -4.0000 4.0000 -8.0000 0.5000 0.5000 0.5000 0.5000 0.5000 2.5000 1.9562 4.7094 
10.0000 35.0000 2.0000 0.0000 1.0000 4.8450 2 1.0000 0.0000 3.5000 10.0000 2.0000 -10.0000 6.0000 -6.0000 -2.0000 0.5000 0.5000 0.5000 0.5000 0.5000 2.5000 1.7907 4.5424 
10.0000 69.0000 2.0000 4.0000 0.0000 3.2300 8 -1.0000 1.0000 1.3400 2.0000 10.0000 14.0000 -6.0000 6.0000 -2.0000 0.3506 0.4553 0.7304 0.5557 0.4169 2.5089 1.7721 4.5347 
10.0000 3.0000 2.0000 -4.0000 1.0000 -1.6150 2 1.0000 1.0000 3.6710 6.0000 -2.0000 -14.0000 2.0000 -10.0000 -6.0000 0.5000 0.5000 0.5000 0.5000 0.5000 2.5000 1.8664 4.6258 
10.0000 12.0000 2.0000 -4.0000 0.0000 1.6150 8 -1.0000 1.0000 3.0410 6.0000 -6.0000 -10.0000 -2.0000 -14.0000 2.0000 0.4193 0.5578 0.4052 0.5398 0.5825 2.5046 1.9964 4.7472 
10.0000 34.0000 2.0000 0.0000 1.0000 3.2300 8 -1.0000 1.0000 2.5160 -10.0000 -2.0000 10.0000 -6.0000 6.0000 2.0000 0.5000 0.5000 0.5000 0.5000 0.5000 2.5000 1.9984 4.7426 
10.0000 14.0000 2.0000 -4.0000 0.0000 4.8450 8 -1.0000 1.0000 0.9080 -10.0000 -2.0000 6.0000 -6.0000 2.0000 -14.0000 0.4052 0.6151 0.7069 0.3675 0.4147 2.5093 1.9693 4.7353 
10.0000 62.0000 2.0000 4.0000 1.0000 3.2300 8 -1.0000 1.0000 2.2040 -2.0000 10.0000 14.0000 -6.0000 6.0000 2.0000 0.5000 0.5000 0.5000 0.5000 0.5000 2.5000 1.8495 4.5927 
10.0000 33.0000 2.0000 0.0000 1.0000 1.6150 8 -1.0000 1.0000 2.7990 10.0000 -2.0000 -10.0000 2.0000 -6.0000 6.0000 0.5000 0.5000 0.5000 0.5000 0.5000 2.5000 1.8522 4.5924 
10.0000 60.0000 3.0000 4.0000 1.0000 0.0000 8 -1.0000 0.0000 1.1510 -6.0000 2.0000 10.0000 -2.0000 14.0000 6.0000 0.5000 0.5000 0.5000 0.5000 0.5000 2.5000 1.9129 4.6592 
10.0000 24.0000 3.0000 -2.0000 0.0000 -1.6150 8 -1.0000 0.0000 4.4960 -8.0000 4.0000 8.0000 -12.0000 0.0000 -4.0000 0.4029 0.3111 0.6192 0.4457 0.7275 2.5063 1.7662 4.5154 
10.0000 55.0000 3.0000 2.0000 0.0000 3.2300 8 -1.0000 1.0000 1.6570 -8.0000 4.0000 8.0000 0.0000 12.0000 -4.0000 0.6621 0.4249 0.3352 0.6551 0.4195 2.4969 1.7956 4.5394 
10.0000 5.0000 3.0000 -4.0000 1.0000 1.6150 8 -1.0000 1.0000 1.9730 -10.0000 -2.0000 2.0000 -6.0000 6.0000 -14.0000 0.5000 0.5000 0.5000 0.5000 0.5000 2.5000 1.9615 4.7093 
10.0000 22.0000 3.0000 -2.0000 0.0000 -4.8450 2 1.0000 1.0000 1.1070 8.0000 -4.0000 -12.0000 0.0000 -8.0000 4.0000 0.3142 0.3966 0.4304 0.7345 0.6300 2.5057 1.7697 4.5316 
10.0000 25.0000 3.0000 -2.0000 0.0000 0.0000 2 1.0000 0.0000 1.4280 0.0000 -8.0000 -12.0000 8.0000 -4.0000 4.0000 0.4822 0.3066 0.4658 0.6108 0.6420 2.5073 1.9607 4.7165 
10.0000 52.0000 3.0000 2.0000 0.0000 -1.6150 8 -1.0000 0.0000 2.4460 12.0000 0.0000 -4.0000 4.0000 -8.0000 8.0000 0.5657 0.3359 0.5409 0.4920 0.5576 2.4921 1.8329 4.5847 
10.0000 59.0000 3.0000 4.0000 1.0000 -1.6150 2 1.0000 1.0000 2.8670 10.0000 -2.0000 -6.0000 14.0000 2.0000 6.0000 0.5000 0.5000 0.5000 0.5000 0.5000 2.5000 1.7993 4.5424 
10.0000 37.0000 3.0000 0.0000 0.0000 -3.2300 2 1.0000 1.0000 2.6780 -6.0000 6.0000 10.0000 -10.0000 2.0000 -2.0000 0.5850 0.4804 0.3561 0.3988 0.6774 2.4978 1.9408 4.6904 
10.0000 10.0000 3.0000 -4.0000 0.0000 -1.6150 8 -1.0000 0.0000 2.6880 -14.0000 -2.0000 6.0000 -6.0000 2.0000 -10.0000 0.4108 0.3706 0.7332 0.4238 0.5608 2.4992 1.7982 4.5416 
10.0000 51.0000 3.0000 2.0000 0.0000 -3.2300 2 1.0000 1.0000 1.2500 12.0000 4.0000 -4.0000 8.0000 -8.0000 0.0000 0.5603 0.4770 0.3198 0.5851 0.5562 2.4985 1.9579 4.7077 
10.0000 1.0000 3.0000 -4.0000 1.0000 -4.8450 2 1.0000 1.0000 1.4480 -14.0000 -6.0000 6.0000 -10.0000 2.0000 -2.0000 0.5000 0.5000 0.5000 0.5000 0.5000 2.5000 1.7541 4.4925 
10.0000 68.0000 3.0000 4.0000 0.0000 1.6150 2 1.0000 0.0000 3.0900 -2.0000 6.0000 10.0000 2.0000 14.0000 -6.0000 0.5695 0.3045 0.4534 0.5644 0.6131 2.5049 1.8077 4.5641 
10.0000 54.0000 3.0000 2.0000 0.0000 1.6150 NR 0.0000 0.0000 0.0000 8.0000 0.0000 -8.0000 4.0000 -4.0000 12.0000 0.5756 0.3934 0.6429 0.5820 0.3087 2.5027 1.9256 4.6787 
10.0000 20.0000 3.0000 -2.0000 1.0000 3.2300 8 -1.0000 1.0000 1.6790 8.0000 -4.0000 -12.0000 0.0000 -8.0000 4.0000 0.5000 0.5000 0.5000 0.5000 0.5000 2.5000 1.8385 4.5925 
10.0000 34.0000 3.0000 0.0000 1.0000 3.2300 NR 0.0000 0.0000 0.0000 -10.0000 2.0000 10.0000 -2.0000 6.0000 -6.0000 0.5000 0.5000 0.5000 0.5000 0.5000 2.5000 1.9275 4.6761 
10.0000 38.0000 3.0000 0.0000 0.0000 -1.6150 2 1.0000 1.0000 1.5740 6.0000 -6.0000 -10.0000 10.0000 -2.0000 2.0000 0.6201 0.5539 0.3219 0.3848 0.6115 2.4921 1.8690 4.6014 
10.0000 18.0000 3.0000 -2.0000 1.0000 0.0000 2 1.0000 0.0000 4.0190 -8.0000 0.0000 4.0000 -4.0000 8.0000 -12.0000 0.5000 0.5000 0.5000 0.5000 0.5000 2.5000 1.8259 4.5759 
10.0000 61.0000 3.0000 4.0000 1.0000 1.6150 2 1.0000 0.0000 1.0840 10.0000 2.0000 -6.0000 6.0000 -2.0000 14.0000 0.5000 0.5000 0.5000 0.5000 0.5000 2.5000 1.9066 4.6425 
10.0000 44.0000 3.0000 2.0000 1.0000 -3.2300 2 1.0000 1.0000 1.2210 8.0000 0.0000 -8.0000 4.0000 -4.0000 12.0000 0.5000 0.5000 0.5000 0.5000 0.5000 2.5000 1.8014 4.5591 
10.0000 8.0000 3.0000 -4.0000 0.0000 -4.8450 2 1.0000 1.0000 3.2890 -10.0000 -2.0000 6.0000 -6.0000 2.0000 -14.0000 0.6095 0.3698 0.4997 0.4351 0.5764 2.4906 1.7717 4.5164 
10.0000 6.0000 3.0000 -4.0000 1.0000 3.2300 8 -1.0000 1.0000 1.1220 6.0000 -6.0000 -10.0000 -2.0000 -14.0000 2.0000 0.5000 0.5000 0.5000 0.5000 0.5000 2.5000 1.8306 4.5758 
10.0000 11.0000 3.0000 -4.0000 0.0000 0.0000 8 -1.0000 0.0000 4.6490 2.0000 -6.0000 -10.0000 -2.0000 -14.0000 6.0000 0.3150 0.7179 0.5951 0.3382 0.5310 2.4971 1.8005 4.5562 
10.0000 62.0000 3.0000 4.0000 1.0000 3.2300 8 -1.0000 1.0000 2.4390 14.0000 6.0000 -6.0000 10.0000 -2.0000 2.0000 0.5000 0.5000 0.5000 0.5000 0.5000 2.5000 1.8949 4.6425 
10.0000 48.0000 3.0000 2.0000 1.0000 3.2300 8 -1.0000 1.0000 2.9260 -8.0000 4.0000 8.0000 0.0000 12.0000 -4.0000 0.5000 0.5000 0.5000 0.5000 0.5000 2.5000 1.9220 4.6760 
10.0000 43.0000 3.0000 2.0000 1.0000 -4.8450 2 1.0000 1.0000 0.8910 4.0000 -4.0000 -8.0000 12.0000 0.0000 8.0000 0.5000 0.5000 0.5000 0.5000 0.5000 2.5000 1.8421 4.5925 
10.0000 33.0000 3.0000 0.0000 1.0000 1.6150 8 -1.0000 1.0000 1.3560 -6.0000 2.0000 6.0000 -2.0000 10.0000 -10.0000 0.5000 0.5000 0.5000 0.5000 0.5000 2.5000 1.8310 4.5926 
10.0000 17.0000 3.0000 -2.0000 1.0000 -1.6150 2 1.0000 1.0000 3.4570 4.0000 -4.0000 -12.0000 0.0000 -8.0000 8.0000 0.5000 0.5000 0.5000 0.5000 0.5000 2.5000 1.8383 4.5925 
10.0000 53.0000 3.0000 2.0000 0.0000 0.0000 2 1.0000 0.0000 4.5240 12.0000 0.0000 -4.0000 4.0000 -8.0000 8.0000 0.5140 0.5655 0.4281 0.5376 0.4475 2.4926 1.9352 4.6852 
10.0000 56.0000 3.0000 2.0000 0.0000 4.8450 8 -1.0000 1.0000 0.8160 8.0000 -4.0000 -8.0000 12.0000 0.0000 4.0000 0.5728 0.6663 0.4425 0.5023 0.3144 2.4983 1.9011 4.6575 
10.0000 27.0000 3.0000 -2.0000 0.0000 3.2300 8 -1.0000 1.0000 1.3530 -12.0000 -4.0000 4.0000 -8.0000 8.0000 0.0000 0.7629 0.5861 0.3440 0.5078 0.3074 2.5082 1.8752 4.6342 
10.0000 69.0000 3.0000 4.0000 0.0000 3.2300 8 -1.0000 1.0000 1.3980 14.0000 2.0000 -6.0000 6.0000 -2.0000 10.0000 0.4647 0.6543 0.3709 0.5232 0.4923 2.5055 1.8779 4.6313 
10.0000 15.0000 3.0000 -2.0000 1.0000 -4.8450 2 1.0000 1.0000 2.3910 -12.0000 0.0000 8.0000 -4.0000 4.0000 -8.0000 0.5000 0.5000 0.5000 0.5000 0.5000 2.5000 1.7518 4.4925 
10.0000 41.0000 3.0000 0.0000 0.0000 3.2300 8 -1.0000 1.0000 1.4830 -6.0000 2.0000 6.0000 -2.0000 10.0000 -10.0000 0.3796 0.6345 0.6815 0.4444 0.3603 2.5003 1.8072 4.5429 
10.0000 49.0000 3.0000 2.0000 1.0000 4.8450 8 -1.0000 1.0000 1.3400 -8.0000 0.0000 8.0000 -4.0000 12.0000 4.0000 0.5000 0.5000 0.5000 0.5000 0.5000 2.5000 1.8240 4.5759 
10.0000 19.0000 3.0000 -2.0000 1.0000 1.6150 8 -1.0000 1.0000 1.9780 -12.0000 -4.0000 4.0000 -8.0000 8.0000 0.0000 0.5000 0.5000 0.5000 0.5000 0.5000 2.5000 1.8204 4.5758 
10.0000 46.0000 3.0000 2.0000 1.0000 0.0000 8 -1.0000 0.0000 1.6010 8.0000 0.0000 -4.0000 4.0000 -8.0000 12.0000 0.5000 0.5000 0.5000 0.5000 0.5000 2.5000 1.7545 4.5093 
10.0000 12.0000 3.0000 -4.0000 0.0000 1.6150 8 -1.0000 1.0000 3.8200 6.0000 -2.0000 -14.0000 2.0000 -10.0000 -6.0000 0.4939 0.3014 0.5083 0.4597 0.7392 2.5024 1.8647 4.6116 
10.0000 21.0000 3.0000 -2.0000 1.0000 4.8450 8 -1.0000 1.0000 1.8020 -12.0000 -4.0000 8.0000 -8.0000 4.0000 0.0000 0.5000 0.5000 0.5000 0.5000 0.5000 2.5000 1.9429 4.6925 
10.0000 65.0000 3.0000 4.0000 0.0000 -3.2300 NR 0.0000 0.0000 0.0000 14.0000 6.0000 -6.0000 10.0000 -2.0000 2.0000 0.6907 0.4227 0.5007 0.4286 0.4621 2.5048 1.9381 4.6974 
10.0000 3.0000 3.0000 -4.0000 1.0000 -1.6150 NR 0.0000 0.0000 0.0000 6.0000 -2.0000 -10.0000 2.0000 -14.0000 -6.0000 0.5000 0.5000 0.5000 0.5000 0.5000 2.5000 1.9810 4.7261 
10.0000 2.0000 3.0000 -4.0000 1.0000 -3.2300 2 1.0000 1.0000 1.0100 -2.0000 -10.0000 -14.0000 6.0000 -6.0000 2.0000 0.5000 0.5000 0.5000 0.5000 0.5000 2.5000 1.9719 4.7260 
10.0000 30.0000 3.0000 0.0000 1.0000 -3.2300 2 1.0000 1.0000 1.0970 -10.0000 -2.0000 6.0000 -6.0000 10.0000 2.0000 0.5000 0.5000 0.5000 0.5000 0.5000 2.5000 1.8978 4.6592 
10.0000 35.0000 3.0000 0.0000 1.0000 4.8450 8 -1.0000 1.0000 2.9230 6.0000 -6.0000 -10.0000 10.0000 -2.0000 2.0000 0.5000 0.5000 0.5000 0.5000 0.5000 2.5000 1.7852 4.5424 
10.0000 47.0000 3.0000 2.0000 1.0000 1.6150 8 -1.0000 1.0000 2.8520 12.0000 4.0000 -8.0000 8.0000 -4.0000 0.0000 0.5000 0.5000 0.5000 0.5000 0.5000 2.5000 1.9872 4.7426 
10.0000 42.0000 3.0000 0.0000 0.0000 4.8450 2 1.0000 0.0000 3.2690 10.0000 2.0000 -6.0000 6.0000 -10.0000 -2.0000 0.5130 0.4209 0.6864 0.3143 0.5598 2.4946 1.9903 4.7373 
10.0000 14.0000 3.0000 -4.0000 0.0000 4.8450 8 -1.0000 1.0000 1.2330 -14.0000 -2.0000 6.0000 -6.0000 2.0000 -10.0000 0.3444 0.6622 0.3309 0.6445 0.5227 2.5047 1.7636 4.5139 
10.0000 66.0000 3.0000 4.0000 0.0000 -1.6150 2 1.0000 1.0000 1.9440 6.0000 -2.0000 -6.0000 14.0000 2.0000 10.0000 0.4946 0.5307 0.4169 0.6207 0.4299 2.4929 1.9730 4.7189 
10.0000 16.0000 3.0000 -2.0000 1.0000 -3.2300 8 -1.0000 0.0000 1.6810 -4.0000 4.0000 8.0000 -12.0000 0.0000 -8.0000 0.5000 0.5000 0.5000 0.5000 0.5000 2.5000 1.8040 4.5425 
10.0000 29.0000 3.0000 0.0000 1.0000 -4.8450 8 -1.0000 0.0000 1.3260 -6.0000 2.0000 6.0000 -2.0000 10.0000 -10.0000 0.5000 0.5000 0.5000 0.5000 0.5000 2.5000 1.8920 4.6425 
10.0000 7.0000 3.0000 -4.0000 1.0000 4.8450 8 -1.0000 1.0000 1.2480 6.0000 -6.0000 -14.0000 -2.0000 -10.0000 2.0000 0.5000 0.5000 0.5000 0.5000 0.5000 2.5000 1.9185 4.6759 
10.0000 32.0000 3.0000 0.0000 1.0000 0.0000 2 1.0000 0.0000 1.8690 10.0000 2.0000 -6.0000 6.0000 -10.0000 -2.0000 0.5000 0.5000 0.5000 0.5000 0.5000 2.5000 1.7895 4.5426 
10.0000 4.0000 3.0000 -4.0000 1.0000 0.0000 2 1.0000 0.0000 3.0500 -14.0000 -2.0000 2.0000 -6.0000 6.0000 -10.0000 0.5000 0.5000 0.5000 0.5000 0.5000 2.5000 1.8894 4.6425 
10.0000 45.0000 3.0000 2.0000 1.0000 -1.6150 8 -1.0000 0.0000 2.0010 0.0000 8.0000 12.0000 -8.0000 4.0000 -4.0000 0.5000 0.5000 0.5000 0.5000 0.5000 2.5000 1.8797 4.6259 
10.0000 26.0000 3.0000 -2.0000 0.0000 1.6150 2 1.0000 0.0000 0.9660 -12.0000 0.0000 8.0000 -4.0000 4.0000 -8.0000 0.7377 0.5626 0.4333 0.3373 0.4289 2.4998 1.8015 4.5424 
10.0000 28.0000 3.0000 -2.0000 0.0000 4.8450 8 -1.0000 1.0000 0.9540 0.0000 -8.0000 -12.0000 8.0000 -4.0000 4.0000 0.4016 0.5197 0.3877 0.5528 0.6289 2.4906 1.7529 4.4831 
10.0000 58.0000 3.0000 4.0000 1.0000 -3.2300 8 -1.0000 0.0000 3.2780 10.0000 2.0000 -2.0000 6.0000 -6.0000 14.0000 0.5000 0.5000 0.5000 0.5000 0.5000 2.5000 1.8504 4.5925 
10.0000 13.0000 3.0000 -4.0000 0.0000 3.2300 2 1.0000 0.0000 4.0390 -14.0000 -6.0000 6.0000 -10.0000 2.0000 -2.0000 0.3188 0.5467 0.3192 0.5299 0.7895 2.5042 1.7683 4.5300 
10.0000 64.0000 3.0000 4.0000 0.0000 -4.8450 2 1.0000 1.0000 3.2670 -2.0000 6.0000 14.0000 2.0000 10.0000 -6.0000 0.3104 0.5349 0.5915 0.7000 0.3625 2.4994 1.9124 4.6753 
10.0000 36.0000 3.0000 0.0000 0.0000 -4.8450 2 1.0000 1.0000 3.2720 -10.0000 2.0000 10.0000 -2.0000 6.0000 -6.0000 0.5215 0.4807 0.4332 0.5902 0.4805 2.5061 1.8995 4.6652 
10.0000 63.0000 3.0000 4.0000 1.0000 4.8450 8 -1.0000 1.0000 2.4310 -2.0000 6.0000 10.0000 2.0000 14.0000 -6.0000 0.5000 0.5000 0.5000 0.5000 0.5000 2.5000 1.8373 4.5925 
10.0000 70.0000 3.0000 4.0000 0.0000 4.8450 8 -1.0000 1.0000 1.9790 -6.0000 2.0000 10.0000 -2.0000 14.0000 6.0000 0.5145 0.4428 0.5329 0.4729 0.5343 2.4974 1.8461 4.5899 
10.0000 23.0000 3.0000 -2.0000 0.0000 -3.2300 2 1.0000 1.0000 3.7530 -8.0000 0.0000 8.0000 -4.0000 4.0000 -12.0000 0.4467 0.5485 0.6560 0.3543 0.5025 2.5080 1.7908 4.5505 
10.0000 67.0000 3.0000 4.0000 0.0000 0.0000 8 -1.0000 0.0000 4.4490 14.0000 6.0000 -2.0000 10.0000 -6.0000 2.0000 0.5622 0.5904 0.4943 0.3440 0.5181 2.5090 1.9451 4.7015 
10.0000 50.0000 3.0000 2.0000 0.0000 -4.8450 2 1.0000 1.0000 1.3950 4.0000 -4.0000 -8.0000 12.0000 0.0000 8.0000 0.6150 0.3337 0.5526 0.5188 0.4827 2.5029 1.9331 4.6954 
10.0000 9.0000 3.0000 -4.0000 0.0000 -3.2300 2 1.0000 1.0000 1.2130 -2.0000 -10.0000 -14.0000 6.0000 -6.0000 2.0000 0.3477 0.6522 0.3264 0.7940 0.3710 2.4914 1.8659 4.6172 
10.0000 57.0000 3.0000 4.0000 1.0000 -4.8450 2 1.0000 1.0000 1.8480 14.0000 2.0000 -6.0000 6.0000 -2.0000 10.0000 0.5000 0.5000 0.5000 0.5000 0.5000 2.5000 1.8507 4.6091 
10.0000 40.0000 3.0000 0.0000 0.0000 1.6150 2 1.0000 0.0000 2.3630 -10.0000 -2.0000 10.0000 -6.0000 6.0000 2.0000 0.3073 0.5405 0.4767 0.5031 0.6677 2.4952 1.7719 4.5212 
10.0000 31.0000 3.0000 0.0000 1.0000 -1.6150 2 1.0000 1.0000 1.3260 6.0000 -6.0000 -10.0000 10.0000 -2.0000 2.0000 0.5000 0.5000 0.5000 0.5000 0.5000 2.5000 1.8704 4.6259 
10.0000 39.0000 3.0000 0.0000 0.0000 0.0000 2 1.0000 0.0000 2.8620 6.0000 -2.0000 -10.0000 2.0000 -6.0000 10.0000 0.3279 0.5521 0.7363 0.5167 0.3706 2.5036 1.8240 4.5794 
10.0000 58.0000 4.0000 4.0000 1.0000 -3.2300 2 1.0000 1.0000 1.1190 14.0000 2.0000 -6.0000 6.0000 -2.0000 10.0000 0.5000 0.5000 0.5000 0.5000 0.5000 2.5000 1.7578 4.5092 
10.0000 20.0000 4.0000 -2.0000 1.0000 3.2300 8 -1.0000 1.0000 0.9450 -12.0000 -4.0000 8.0000 -8.0000 4.0000 0.0000 0.5000 0.5000 0.5000 0.5000 0.5000 2.5000 1.9182 4.6760 
10.0000 33.0000 4.0000 0.0000 1.0000 1.6150 2 1.0000 0.0000 2.0130 10.0000 -2.0000 -6.0000 2.0000 -10.0000 6.0000 0.5000 0.5000 0.5000 0.5000 0.5000 2.5000 1.8951 4.6425 
10.0000 27.0000 4.0000 -2.0000 0.0000 3.2300 8 -1.0000 1.0000 1.0740 -12.0000 -4.0000 4.0000 -8.0000 8.0000 0.0000 0.5920 0.7282 0.4377 0.3543 0.3893 2.5015 1.7892 4.5441 
10.0000 43.0000 4.0000 2.0000 1.0000 -4.8450 2 1.0000 1.0000 2.7970 0.0000 8.0000 12.0000 -8.0000 4.0000 -4.0000 0.5000 0.5000 0.5000 0.5000 0.5000 2.5000 1.8068 4.5591 
10.0000 22.0000 4.0000 -2.0000 0.0000 -4.8450 2 1.0000 1.0000 0.9960 8.0000 0.0000 -8.0000 4.0000 -12.0000 -4.0000 0.4012 0.7639 0.3074 0.3854 0.6475 2.5054 1.9392 4.6812 
10.0000 64.0000 4.0000 4.0000 0.0000 -4.8450 2 1.0000 1.0000 2.1940 -6.0000 2.0000 14.0000 -2.0000 10.0000 6.0000 0.6499 0.4857 0.3057 0.4576 0.5957 2.4944 1.7718 4.5203 
10.0000 67.0000 4.0000 4.0000 0.0000 0.0000 8 -1.0000 0.0000 4.5760 14.0000 2.0000 -2.0000 6.0000 -6.0000 10.0000 0.3246 0.7213 0.4234 0.7096 0.3180 2.4969 1.7784 4.5395 
10.0000 21.0000 4.0000 -2.0000 1.0000 4.8450 8 -1.0000 1.0000 1.0160 -12.0000 -4.0000 8.0000 -8.0000 4.0000 0.0000 0.5000 0.5000 0.5000 0.5000 0.5000 2.5000 1.9089 4.6593 
10.0000 11.0000 4.0000 -4.0000 0.0000 0.0000 8 -1.0000 0.0000 3.5050 -10.0000 -2.0000 2.0000 -6.0000 6.0000 -14.0000 0.5298 0.7575 0.3332 0.3919 0.4793 2.4917 1.9024 4.6511 
10.0000 38.0000 4.0000 0.0000 0.0000 -1.6150 8 -1.0000 0.0000 1.7820 -10.0000 -2.0000 10.0000 -6.0000 6.0000 2.0000 0.6125 0.3554 0.4346 0.4963 0.6085 2.5074 1.8881 4.6499 
10.0000 36.0000 4.0000 0.0000 0.0000 -4.8450 2 1.0000 1.0000 2.1540 -10.0000 2.0000 10.0000 -2.0000 6.0000 -6.0000 0.3868 0.7612 0.3193 0.3661 0.6573 2.4906 1.8203 4.5499 
10.0000 37.0000 4.0000 0.0000 0.0000 -3.2300 2 1.0000 1.0000 4.7410 -6.0000 2.0000 6.0000 -2.0000 10.0000 -10.0000 0.5507 0.4818 0.6488 0.4747 0.3481 2.5040 1.9205 4.6632 
10.0000 41.0000 4.0000 0.0000 0.0000 3.2300 8 -1.0000 1.0000 1.0160 -6.0000 2.0000 6.0000 -2.0000 10.0000 -10.0000 0.5833 0.5076 0.6965 0.3946 0.3217 2.5037 1.8605 4.6296 
10.0000 29.0000 4.0000 0.0000 1.0000 -4.8450 2 1.0000 1.0000 2.9400 10.0000 -2.0000 -10.0000 2.0000 -6.0000 6.0000 0.5000 0.5000 0.5000 0.5000 0.5000 2.5000 1.8347 4.5924 
10.0000 70.0000 4.0000 4.0000 0.0000 4.8450 8 -1.0000 1.0000 1.9490 -2.0000 6.0000 10.0000 2.0000 14.0000 -6.0000 0.7606 0.3832 0.6182 0.3969 0.3374 2.4964 1.8965 4.6390 
10.0000 24.0000 4.0000 -2.0000 0.0000 -1.6150 2 1.0000 1.0000 3.2380 0.0000 -8.0000 -12.0000 8.0000 -4.0000 4.0000 0.5847 0.5169 0.4342 0.6136 0.3484 2.4978 1.9606 4.7072 
10.0000 54.0000 4.0000 2.0000 0.0000 1.6150 8 -1.0000 1.0000 3.6490 12.0000 0.0000 -4.0000 4.0000 -8.0000 8.0000 0.7139 0.6173 0.4106 0.3429 0.4207 2.5055 1.7708 4.5314 
10.0000 60.0000 4.0000 4.0000 1.0000 0.0000 8 -1.0000 0.0000 2.3490 -2.0000 6.0000 14.0000 2.0000 10.0000 -6.0000 0.5000 0.5000 0.5000 0.5000 0.5000 2.5000 1.9372 4.6927 
10.0000 31.0000 4.0000 0.0000 1.0000 -1.6150 8 -1.0000 0.0000 1.1060 -2.0000 6.0000 10.0000 -10.0000 2.0000 -6.0000 0.5000 0.5000 0.5000 0.5000 0.5000 2.5000 1.8924 4.6427 
10.0000 39.0000 4.0000 0.0000 0.0000 0.0000 2 1.0000 0.0000 1.8020 6.0000 -2.0000 -10.0000 2.0000 -6.0000 10.0000 0.3898 0.5731 0.5474 0.6613 0.3331 2.5048 1.7947 4.5474 
10.0000 16.0000 4.0000 -2.0000 1.0000 -3.2300 8 -1.0000 0.0000 4.0360 -12.0000 0.0000 8.0000 -4.0000 4.0000 -8.0000 0.5000 0.5000 0.5000 0.5000 0.5000 2.5000 1.8380 4.5925 
10.0000 17.0000 4.0000 -2.0000 1.0000 -1.6150 2 1.0000 1.0000 0.8760 8.0000 0.0000 -8.0000 4.0000 -12.0000 -4.0000 0.5000 0.5000 0.5000 0.5000 0.5000 2.5000 1.8706 4.6258 
10.0000 50.0000 4.0000 2.0000 0.0000 -4.8450 2 1.0000 1.0000 1.0940 -8.0000 0.0000 8.0000 -4.0000 12.0000 4.0000 0.3688 0.4617 0.7268 0.4252 0.5260 2.5086 1.9952 4.7513 
10.0000 3.0000 4.0000 -4.0000 1.0000 -1.6150 2 1.0000 1.0000 3.7850 -14.0000 -6.0000 2.0000 -10.0000 6.0000 -2.0000 0.5000 0.5000 0.5000 0.5000 0.5000 2.5000 1.9351 4.6925 
10.0000 10.0000 4.0000 -4.0000 0.0000 -1.6150 2 1.0000 1.0000 1.2110 6.0000 -6.0000 -10.0000 -2.0000 -14.0000 2.0000 0.3590 0.6188 0.6566 0.3644 0.5007 2.4995 1.8855 4.6421 
10.0000 52.0000 4.0000 2.0000 0.0000 -1.6150 2 1.0000 1.0000 2.4410 4.0000 -4.0000 -8.0000 12.0000 0.0000 8.0000 0.5248 0.4222 0.7911 0.4474 0.3102 2.4958 1.8141 4.5549 
10.0000 12.0000 4.0000 -4.0000 0.0000 1.6150 2 1.0000 0.0000 2.4540 -14.0000 -2.0000 6.0000 -6.0000 2.0000 -10.0000 0.6026 0.3043 0.4328 0.7861 0.3698 2.4956 1.9333 4.6716 
10.0000 53.0000 4.0000 2.0000 0.0000 0.0000 2 1.0000 0.0000 4.4000 4.0000 -4.0000 -8.0000 12.0000 0.0000 8.0000 0.5499 0.6210 0.3785 0.6470 0.3055 2.5019 1.8568 4.5944 
10.0000 66.0000 4.0000 4.0000 0.0000 -1.6150 8 -1.0000 0.0000 3.7150 10.0000 2.0000 -2.0000 6.0000 -6.0000 14.0000 0.3770 0.5896 0.6867 0.4690 0.3827 2.5051 1.8038 4.5643 
10.0000 65.0000 4.0000 4.0000 0.0000 -3.2300 NR 0.0000 0.0000 0.0000 -6.0000 6.0000 14.0000 2.0000 10.0000 -2.0000 0.3164 0.6873 0.3771 0.4260 0.6962 2.5030 1.7933 4.5457 
10.0000 25.0000 4.0000 -2.0000 0.0000 0.0000 2 1.0000 0.0000 3.9250 -4.0000 4.0000 8.0000 -12.0000 0.0000 -8.0000 0.4699 0.6410 0.4531 0.5854 0.3421 2.4913 1.8786 4.6174 
10.0000 7.0000 4.0000 -4.0000 1.0000 4.8450 8 -1.0000 1.0000 0.9130 -14.0000 -6.0000 6.0000 -10.0000 2.0000 -2.0000 0.5000 0.5000 0.5000 0.5000 0.5000 2.5000 1.9156 4.6592 
10.0000 8.0000 4.0000 -4.0000 0.0000 -4.8450 2 1.0000 1.0000 1.8020 -6.0000 2.0000 6.0000 -14.0000 -2.0000 -10.0000 0.6768 0.4221 0.3287 0.4614 0.6186 2.5077 1.9757 4.7335 
10.0000 40.0000 4.0000 0.0000 0.0000 1.6150 2 1.0000 0.0000 3.9220 10.0000 -2.0000 -10.0000 2.0000 -6.0000 6.0000 0.4625 0.7934 0.3478 0.3228 0.5798 2.5062 1.9267 4.6823 
10.0000 32.0000 4.0000 0.0000 1.0000 0.0000 8 -1.0000 0.0000 2.4920 -10.0000 2.0000 6.0000 -2.0000 10.0000 -6.0000 0.5000 0.5000 0.5000 0.5000 0.5000 2.5000 1.9591 4.7093 
10.0000 57.0000 4.0000 4.0000 1.0000 -4.8450 2 1.0000 1.0000 2.0050 6.0000 -2.0000 -6.0000 14.0000 2.0000 10.0000 0.5000 0.5000 0.5000 0.5000 0.5000 2.5000 1.9864 4.7428 
10.0000 13.0000 4.0000 -4.0000 0.0000 3.2300 8 -1.0000 1.0000 2.0870 -14.0000 -6.0000 6.0000 -10.0000 2.0000 -2.0000 0.7235 0.3147 0.3592 0.4779 0.6192 2.4945 1.8192 4.5703 
10.0000 61.0000 4.0000 4.0000 1.0000 1.6150 8 -1.0000 1.0000 0.9490 14.0000 2.0000 -2.0000 6.0000 -6.0000 10.0000 0.5000 0.5000 0.5000 0.5000 0.5000 2.5000 1.9102 4.6593 
10.0000 6.0000 4.0000 -4.0000 1.0000 3.2300 8 -1.0000 1.0000 1.9450 6.0000 -2.0000 -14.0000 2.0000 -10.0000 -6.0000 0.5000 0.5000 0.5000 0.5000 0.5000 2.5000 1.8612 4.6091 
10.0000 34.0000 4.0000 0.0000 1.0000 3.2300 8 -1.0000 1.0000 2.6510 -10.0000 -2.0000 10.0000 -6.0000 6.0000 2.0000 0.5000 0.5000 0.5000 0.5000 0.5000 2.5000 1.9155 4.6591 
10.0000 35.0000 4.0000 0.0000 1.0000 4.8450 8 -1.0000 1.0000 2.9100 10.0000 -2.0000 -10.0000 2.0000 -6.0000 6.0000 0.5000 0.5000 0.5000 0.5000 0.5000 2.5000 1.8091 4.5592 
10.0000 56.0000 4.0000 2.0000 0.0000 4.8450 8 -1.0000 1.0000 1.5550 -4.0000 4.0000 12.0000 0.0000 8.0000 -8.0000 0.3466 0.6728 0.3193 0.4635 0.6887 2.4909 1.9268 4.6668 
10.0000 55.0000 4.0000 2.0000 0.0000 3.2300 8 -1.0000 1.0000 3.6510 12.0000 4.0000 -4.0000 8.0000 -8.0000 0.0000 0.4810 0.3872 0.7017 0.5002 0.4341 2.5042 1.8964 4.6635 
10.0000 5.0000 4.0000 -4.0000 1.0000 1.6150 8 -1.0000 1.0000 3.4940 -10.0000 -2.0000 2.0000 -6.0000 6.0000 -14.0000 0.5000 0.5000 0.5000 0.5000 0.5000 2.5000 1.9791 4.7425 
10.0000 68.0000 4.0000 4.0000 0.0000 1.6150 2 1.0000 0.0000 1.7330 10.0000 2.0000 -2.0000 6.0000 -6.0000 14.0000 0.6130 0.3361 0.7133 0.3256 0.5137 2.5018 1.7988 4.5610 
10.0000 49.0000 4.0000 2.0000 1.0000 4.8450 8 -1.0000 1.0000 2.0020 8.0000 -4.0000 -8.0000 12.0000 0.0000 4.0000 0.5000 0.5000 0.5000 0.5000 0.5000 2.5000 1.8774 4.6258 
10.0000 48.0000 4.0000 2.0000 1.0000 3.2300 8 -1.0000 1.0000 1.5980 12.0000 4.0000 -4.0000 8.0000 -8.0000 0.0000 0.5000 0.5000 0.5000 0.5000 0.5000 2.5000 1.8738 4.6258 
10.0000 45.0000 4.0000 2.0000 1.0000 -1.6150 2 1.0000 1.0000 1.0120 12.0000 0.0000 -4.0000 4.0000 -8.0000 8.0000 0.5000 0.5000 0.5000 0.5000 0.5000 2.5000 1.9317 4.6760 
10.0000 1.0000 4.0000 -4.0000 1.0000 -4.8450 2 1.0000 1.0000 1.1510 -10.0000 -2.0000 2.0000 -6.0000 6.0000 -14.0000 0.5000 0.5000 0.5000 0.5000 0.5000 2.5000 1.9197 4.6593 
10.0000 19.0000 4.0000 -2.0000 1.0000 1.6150 2 1.0000 0.0000 2.9380 8.0000 -4.0000 -12.0000 0.0000 -8.0000 4.0000 0.5000 0.5000 0.5000 0.5000 0.5000 2.5000 1.8440 4.5924 
10.0000 63.0000 4.0000 4.0000 1.0000 4.8450 8 -1.0000 1.0000 1.3940 14.0000 6.0000 -6.0000 10.0000 -2.0000 2.0000 0.5000 0.5000 0.5000 0.5000 0.5000 2.5000 1.7645 4.5258 
10.0000 4.0000 4.0000 -4.0000 1.0000 0.0000 2 1.0000 0.0000 2.7250 6.0000 -2.0000 -10.0000 2.0000 -14.0000 -6.0000 0.5000 0.5000 0.5000 0.5000 0.5000 2.5000 1.8519 4.6091 
10.0000 23.0000 4.0000 -2.0000 0.0000 -3.2300 2 1.0000 1.0000 1.9920 -12.0000 0.0000 4.0000 -4.0000 8.0000 -8.0000 0.4115 0.5685 0.3207 0.5247 0.6825 2.5079 1.8366 4.6004 
10.0000 42.0000 4.0000 0.0000 0.0000 4.8450 2 1.0000 0.0000 3.1180 2.0000 -6.0000 -10.0000 10.0000 -2.0000 6.0000 0.5275 0.3033 0.5426 0.7409 0.3805 2.4948 1.7781 4.5206 
10.0000 62.0000 4.0000 4.0000 1.0000 3.2300 8 -1.0000 1.0000 1.6290 -2.0000 10.0000 14.0000 -6.0000 6.0000 2.0000 0.5000 0.5000 0.5000 0.5000 0.5000 2.5000 1.8648 4.6091 
10.0000 51.0000 4.0000 2.0000 0.0000 -3.2300 2 1.0000 1.0000 2.7110 0.0000 8.0000 12.0000 -8.0000 4.0000 -4.0000 0.5684 0.4179 0.7328 0.3595 0.4182 2.4968 1.8481 4.5894 
10.0000 26.0000 4.0000 -2.0000 0.0000 1.6150 8 -1.0000 1.0000 2.7470 -8.0000 4.0000 8.0000 -12.0000 0.0000 -4.0000 0.4999 0.4593 0.6871 0.3787 0.4817 2.5068 1.8821 4.6327 
10.0000 9.0000 4.0000 -4.0000 0.0000 -3.2300 2 1.0000 1.0000 1.6770 6.0000 -2.0000 -10.0000 2.0000 -14.0000 -6.0000 0.4810 0.5198 0.7239 0.4690 0.3087 2.5023 1.9531 4.7115 
10.0000 14.0000 4.0000 -4.0000 0.0000 4.8450 8 -1.0000 1.0000 1.9740 6.0000 -2.0000 -10.0000 2.0000 -14.0000 -6.0000 0.3854 0.5407 0.7371 0.4685 0.3622 2.4939 1.7804 4.5365 
10.0000 44.0000 4.0000 2.0000 1.0000 -3.2300 2 1.0000 1.0000 3.0530 12.0000 0.0000 -8.0000 4.0000 -4.0000 8.0000 0.5000 0.5000 0.5000 0.5000 0.5000 2.5000 1.9644 4.7260 
10.0000 30.0000 4.0000 0.0000 1.0000 -3.2300 8 -1.0000 0.0000 1.4870 -6.0000 2.0000 10.0000 -2.0000 6.0000 -10.0000 0.5000 0.5000 0.5000 0.5000 0.5000 2.5000 1.9831 4.7427 
10.0000 28.0000 4.0000 -2.0000 0.0000 4.8450 8 -1.0000 1.0000 1.4190 0.0000 -8.0000 -12.0000 8.0000 -4.0000 4.0000 0.4645 0.6782 0.3075 0.4499 0.6012 2.5013 1.7957 4.5438 
10.0000 59.0000 4.0000 4.0000 1.0000 -1.6150 2 1.0000 1.0000 0.9840 10.0000 2.0000 -2.0000 6.0000 -6.0000 14.0000 0.5000 0.5000 0.5000 0.5000 0.5000 2.5000 1.7705 4.5259 
10.0000 46.0000 4.0000 2.0000 1.0000 0.0000 2 1.0000 0.0000 2.0520 -8.0000 0.0000 12.0000 -4.0000 8.0000 4.0000 0.5000 0.5000 0.5000 0.5000 0.5000 2.5000 1.8100 4.5592 
10.0000 15.0000 4.0000 -2.0000 1.0000 -4.8450 2 1.0000 1.0000 1.5100 8.0000 -4.0000 -12.0000 0.0000 -8.0000 4.0000 0.5000 0.5000 0.5000 0.5000 0.5000 2.5000 1.9978 4.7426 
10.0000 18.0000 4.0000 -2.0000 1.0000 0.0000 2 1.0000 0.0000 1.5460 8.0000 -4.0000 -8.0000 0.0000 -12.0000 4.0000 0.5000 0.5000 0.5000 0.5000 0.5000 2.5000 1.8683 4.6259 
10.0000 47.0000 4.0000 2.0000 1.0000 1.6150 8 -1.0000 1.0000 2.6720 -4.0000 8.0000 12.0000 -8.0000 4.0000 0.0000 0.5000 0.5000 0.5000 0.5000 0.5000 2.5000 1.7810 4.5426 
10.0000 2.0000 4.0000 -4.0000 1.0000 -3.2300 2 1.0000 1.0000 1.9350 2.0000 -6.0000 -10.0000 -2.0000 -14.0000 6.0000 0.5000 0.5000 0.5000 0.5000 0.5000 2.5000 1.8439 4.5927 
10.0000 69.0000 4.0000 4.0000 0.0000 3.2300 8 -1.0000 1.0000 3.0250 14.0000 6.0000 -2.0000 10.0000 -6.0000 2.0000 0.4245 0.5500 0.7699 0.4438 0.3164 2.5047 1.9338 4.6973 
10.0000 65.0000 5.0000 4.0000 0.0000 -3.2300 8 -1.0000 0.0000 4.7380 -6.0000 2.0000 14.0000 -2.0000 10.0000 6.0000 0.3052 0.3674 0.7805 0.3334 0.7202 2.5066 1.7904 4.5492 
10.0000 29.0000 5.0000 0.0000 1.0000 -4.8450 2 1.0000 1.0000 1.3370 2.0000 -6.0000 -10.0000 10.0000 -2.0000 6.0000 0.5000 0.5000 0.5000 0.5000 0.5000 2.5000 1.9852 4.7427 
10.0000 18.0000 5.0000 -2.0000 1.0000 0.0000 8 -1.0000 0.0000 2.3300 8.0000 0.0000 -8.0000 4.0000 -12.0000 -4.0000 0.5000 0.5000 0.5000 0.5000 0.5000 2.5000 1.9755 4.7259 
10.0000 42.0000 5.0000 0.0000 0.0000 4.8450 8 -1.0000 1.0000 1.5720 6.0000 -2.0000 -10.0000 2.0000 -6.0000 10.0000 0.5680 0.4791 0.6032 0.4717 0.3720 2.4939 1.8747 4.6198 
10.0000 15.0000 5.0000 -2.0000 1.0000 -4.8450 2 1.0000 1.0000 1.2310 4.0000 -8.0000 -12.0000 8.0000 -4.0000 0.0000 0.5000 0.5000 0.5000 0.5000 0.5000 2.5000 1.9065 4.6591 
10.0000 69.0000 5.0000 4.0000 0.0000 3.2300 8 -1.0000 1.0000 3.0050 -2.0000 6.0000 10.0000 2.0000 14.0000 -6.0000 0.5132 0.3858 0.6917 0.4019 0.5058 2.4983 1.7695 4.5074 
10.0000 44.0000 5.0000 2.0000 1.0000 -3.2300 2 1.0000 1.0000 2.5380 -4.0000 4.0000 12.0000 0.0000 8.0000 -8.0000 0.5000 0.5000 0.5000 0.5000 0.5000 2.5000 1.9701 4.7258 
10.0000 8.0000 5.0000 -4.0000 0.0000 -4.8450 2 1.0000 1.0000 1.7510 6.0000 -6.0000 -14.0000 -2.0000 -10.0000 2.0000 0.3474 0.3176 0.4095 0.7920 0.6287 2.4952 1.8055 4.5543 
10.0000 57.0000 5.0000 4.0000 1.0000 -4.8450 2 1.0000 1.0000 1.7140 6.0000 -2.0000 -6.0000 14.0000 2.0000 10.0000 0.5000 0.5000 0.5000 0.5000 0.5000 2.5000 1.9278 4.6758 
10.0000 51.0000 5.0000 2.0000 0.0000 -3.2300 2 1.0000 1.0000 3.5300 -8.0000 4.0000 12.0000 0.0000 8.0000 -4.0000 0.5745 0.4155 0.6436 0.4038 0.4555 2.4929 1.7907 4.5354 
10.0000 39.0000 5.0000 0.0000 0.0000 0.0000 2 1.0000 0.0000 3.5470 -10.0000 2.0000 6.0000 -2.0000 10.0000 -6.0000 0.4666 0.6707 0.5129 0.4533 0.3956 2.4991 1.9543 4.7084 
10.0000 48.0000 5.0000 2.0000 1.0000 3.2300 8 -1.0000 1.0000 1.6590 -4.0000 4.0000 12.0000 0.0000 8.0000 -8.0000 0.5000 0.5000 0.5000 0.5000 0.5000 2.5000 1.9523 4.6925 
10.0000 37.0000 5.0000 0.0000 0.0000 -3.2300 2 1.0000 1.0000 1.6750 -6.0000 2.0000 10.0000 -2.0000 6.0000 -10.0000 0.4920 0.4346 0.6358 0.5586 0.3725 2.4936 1.9110 4.6528 
10.0000 23.0000 5.0000 -2.0000 0.0000 -3.2300 2 1.0000 1.0000 0.7100 -4.0000 4.0000 8.0000 -12.0000 0.0000 -8.0000 0.3175 0.7229 0.5429 0.3419 0.5711 2.4964 1.9843 4.7222 
10.0000 47.0000 5.0000 2.0000 1.0000 1.6150 8 -1.0000 1.0000 2.0430 12.0000 4.0000 -4.0000 8.0000 -8.0000 0.0000 0.5000 0.5000 0.5000 0.5000 0.5000 2.5000 1.9081 4.6591 
10.0000 31.0000 5.0000 0.0000 1.0000 -1.6150 2 1.0000 1.0000 1.8050 2.0000 -6.0000 -10.0000 10.0000 -2.0000 6.0000 0.5000 0.5000 0.5000 0.5000 0.5000 2.5000 1.8424 4.5925 
10.0000 27.0000 5.0000 -2.0000 0.0000 3.2300 8 -1.0000 1.0000 1.0270 -8.0000 4.0000 8.0000 -12.0000 0.0000 -4.0000 0.6531 0.3419 0.5143 0.4185 0.5686 2.4965 1.9457 4.6889 
10.0000 4.0000 5.0000 -4.0000 1.0000 0.0000 2 1.0000 0.0000 0.8760 6.0000 -2.0000 -14.0000 2.0000 -10.0000 -6.0000 0.5000 0.5000 0.5000 0.5000 0.5000 2.5000 1.8980 4.6425 
10.0000 64.0000 5.0000 4.0000 0.0000 -4.8450 2 1.0000 1.0000 1.6090 -2.0000 10.0000 14.0000 -6.0000 6.0000 2.0000 0.3191 0.6136 0.4000 0.6195 0.5483 2.5005 1.9562 4.7097 
10.0000 3.0000 5.0000 -4.0000 1.0000 -1.6150 2 1.0000 1.0000 1.6210 2.0000 -6.0000 -10.0000 -2.0000 -14.0000 6.0000 0.5000 0.5000 0.5000 0.5000 0.5000 2.5000 1.7894 4.5426 
10.0000 17.0000 5.0000 -2.0000 1.0000 -1.6150 2 1.0000 1.0000 2.1550 4.0000 -8.0000 -12.0000 8.0000 -4.0000 0.0000 0.5000 0.5000 0.5000 0.5000 0.5000 2.5000 1.9563 4.7094 
10.0000 10.0000 5.0000 -4.0000 0.0000 -1.6150 2 1.0000 1.0000 1.5270 6.0000 -6.0000 -10.0000 -2.0000 -14.0000 2.0000 0.4178 0.3298 0.5232 0.4412 0.7947 2.5068 1.8854 4.6326 
10.0000 30.0000 5.0000 0.0000 1.0000 -3.2300 2 1.0000 1.0000 2.1900 -6.0000 6.0000 10.0000 -10.0000 2.0000 -2.0000 0.5000 0.5000 0.5000 0.5000 0.5000 2.5000 1.8459 4.6092 
10.0000 5.0000 5.0000 -4.0000 1.0000 1.6150 8 -1.0000 1.0000 4.5870 -14.0000 -6.0000 2.0000 -10.0000 6.0000 -2.0000 0.5000 0.5000 0.5000 0.5000 0.5000 2.5000 1.7626 4.5259 
10.0000 22.0000 5.0000 -2.0000 0.0000 -4.8450 2 1.0000 1.0000 0.9990 -12.0000 0.0000 4.0000 -4.0000 8.0000 -8.0000 0.6110 0.4636 0.6830 0.4061 0.3287 2.4924 1.9927 4.7350 
10.0000 70.0000 5.0000 4.0000 0.0000 4.8450 8 -1.0000 1.0000 1.8760 -2.0000 6.0000 14.0000 2.0000 10.0000 -6.0000 0.3123 0.5188 0.3931 0.5431 0.7330 2.5004 1.7981 4.5428 
10.0000 67.0000 5.0000 4.0000 0.0000 0.0000 2 1.0000 0.0000 2.9260 10.0000 -2.0000 -6.0000 14.0000 2.0000 6.0000 0.5076 0.5339 0.4439 0.6289 0.3883 2.5026 1.7924 4.5452 
10.0000 52.0000 5.0000 2.0000 0.0000 -1.6150 2 1.0000 1.0000 0.8730 4.0000 -4.0000 -8.0000 12.0000 0.0000 8.0000 0.3405 0.5335 0.3467 0.5200 0.7548 2.4956 1.9678 4.7048 
10.0000 19.0000 5.0000 -2.0000 1.0000 1.6150 8 -1.0000 1.0000 1.7130 -12.0000 0.0000 4.0000 -4.0000 8.0000 -8.0000 0.5000 0.5000 0.5000 0.5000 0.5000 2.5000 1.8033 4.5426 
10.0000 43.0000 5.0000 2.0000 1.0000 -4.8450 2 1.0000 1.0000 1.9080 12.0000 4.0000 -8.0000 8.0000 -4.0000 0.0000 0.5000 0.5000 0.5000 0.5000 0.5000 2.5000 1.7674 4.5092 
10.0000 2.0000 5.0000 -4.0000 1.0000 -3.2300 2 1.0000 1.0000 1.5870 -10.0000 -2.0000 2.0000 -6.0000 6.0000 -14.0000 0.5000 0.5000 0.5000 0.5000 0.5000 2.5000 1.8306 4.5925 
10.0000 62.0000 5.0000 4.0000 1.0000 3.2300 8 -1.0000 1.0000 3.8690 -6.0000 2.0000 14.0000 -2.0000 10.0000 6.0000 0.5000 0.5000 0.5000 0.5000 0.5000 2.5000 1.8160 4.5759 
10.0000 63.0000 5.0000 4.0000 1.0000 4.8450 8 -1.0000 1.0000 3.0830 14.0000 6.0000 -6.0000 10.0000 -2.0000 2.0000 0.5000 0.5000 0.5000 0.5000 0.5000 2.5000 1.8968 4.6424 
10.0000 7.0000 5.0000 -4.0000 1.0000 4.8450 8 -1.0000 1.0000 1.2750 -14.0000 -6.0000 2.0000 -10.0000 6.0000 -2.0000 0.5000 0.5000 0.5000 0.5000 0.5000 2.5000 1.8097 4.5591 
10.0000 54.0000 5.0000 2.0000 0.0000 1.6150 8 -1.0000 1.0000 2.5060 -4.0000 4.0000 12.0000 0.0000 8.0000 -8.0000 0.3060 0.6150 0.3728 0.6609 0.5508 2.5055 1.8655 4.6147 
10.0000 45.0000 5.0000 2.0000 1.0000 -1.6150 2 1.0000 1.0000 3.6230 12.0000 0.0000 -8.0000 4.0000 -4.0000 8.0000 0.5000 0.5000 0.5000 0.5000 0.5000 2.5000 1.8986 4.6426 
10.0000 60.0000 5.0000 4.0000 1.0000 0.0000 2 1.0000 0.0000 3.7700 10.0000 2.0000 -2.0000 6.0000 -6.0000 14.0000 0.5000 0.5000 0.5000 0.5000 0.5000 2.5000 1.8604 4.6092 
10.0000 1.0000 5.0000 -4.0000 1.0000 -4.8450 2 1.0000 1.0000 1.5510 -6.0000 2.0000 6.0000 -14.0000 -2.0000 -10.0000 0.5000 0.5000 0.5000 0.5000 0.5000 2.5000 1.9319 4.6926 
10.0000 11.0000 5.0000 -4.0000 0.0000 0.0000 2 1.0000 0.0000 1.4880 6.0000 -2.0000 -14.0000 2.0000 -10.0000 -6.0000 0.6163 0.5616 0.4655 0.3034 0.5519 2.4987 1.7693 4.5246 
10.0000 55.0000 5.0000 2.0000 0.0000 3.2300 2 1.0000 0.0000 3.7240 12.0000 4.0000 -4.0000 8.0000 -8.0000 0.0000 0.5488 0.3097 0.3634 0.4833 0.7973 2.5024 1.9366 4.6950 
10.0000 50.0000 5.0000 2.0000 0.0000 -4.8450 2 1.0000 1.0000 1.0980 -4.0000 4.0000 8.0000 0.0000 12.0000 -8.0000 0.7345 0.4428 0.3663 0.5503 0.4070 2.5009 1.7731 4.5268 
10.0000 61.0000 5.0000 4.0000 1.0000 1.6150 8 -1.0000 1.0000 3.8020 14.0000 2.0000 -2.0000 6.0000 -6.0000 10.0000 0.5000 0.5000 0.5000 0.5000 0.5000 2.5000 1.8412 4.5925 
10.0000 26.0000 5.0000 -2.0000 0.0000 1.6150 2 1.0000 0.0000 1.9640 8.0000 0.0000 -8.0000 4.0000 -12.0000 -4.0000 0.4411 0.5873 0.3958 0.3218 0.7473 2.4934 1.8358 4.5692 
10.0000 66.0000 5.0000 4.0000 0.0000 -1.6150 2 1.0000 1.0000 2.1800 -6.0000 6.0000 10.0000 2.0000 14.0000 -2.0000 0.7558 0.6164 0.3078 0.3719 0.4504 2.5023 1.7569 4.5114 
10.0000 53.0000 5.0000 2.0000 0.0000 0.0000 2 1.0000 0.0000 3.7480 12.0000 0.0000 -4.0000 4.0000 -8.0000 8.0000 0.5510 0.5761 0.6749 0.3023 0.3951 2.4993 1.9550 4.6919 
10.0000 6.0000 5.0000 -4.0000 1.0000 3.2300 8 -1.0000 1.0000 2.4810 -14.0000 -2.0000 2.0000 -6.0000 6.0000 -10.0000 0.5000 0.5000 0.5000 0.5000 0.5000 2.5000 1.9646 4.7260 
10.0000 49.0000 5.0000 2.0000 1.0000 4.8450 8 -1.0000 1.0000 0.8780 -8.0000 4.0000 12.0000 0.0000 8.0000 -4.0000 0.5000 0.5000 0.5000 0.5000 0.5000 2.5000 1.9233 4.6759 
10.0000 9.0000 5.0000 -4.0000 0.0000 -3.2300 2 1.0000 1.0000 2.5920 -10.0000 -2.0000 6.0000 -6.0000 2.0000 -14.0000 0.5562 0.3085 0.7084 0.4909 0.4388 2.5028 1.8179 4.5787 
10.0000 58.0000 5.0000 4.0000 1.0000 -3.2300 2 1.0000 1.0000 4.2690 -6.0000 6.0000 14.0000 2.0000 10.0000 -2.0000 0.5000 0.5000 0.5000 0.5000 0.5000 2.5000 1.7666 4.5092 
10.0000 25.0000 5.0000 -2.0000 0.0000 0.0000 2 1.0000 0.0000 2.2710 4.0000 -8.0000 -12.0000 8.0000 -4.0000 0.0000 0.5552 0.4801 0.3107 0.5626 0.5887 2.4974 1.8299 4.5731 
10.0000 41.0000 5.0000 0.0000 0.0000 3.2300 2 1.0000 0.0000 1.1820 10.0000 2.0000 -6.0000 6.0000 -10.0000 -2.0000 0.4134 0.3254 0.6229 0.7522 0.3958 2.5096 1.8688 4.6189 
10.0000 68.0000 5.0000 4.0000 0.0000 1.6150 8 -1.0000 1.0000 2.1300 -2.0000 10.0000 14.0000 -6.0000 6.0000 2.0000 0.5696 0.4189 0.3355 0.4297 0.7493 2.5030 1.8976 4.6457 
10.0000 46.0000 5.0000 2.0000 1.0000 0.0000 2 1.0000 0.0000 2.0620 8.0000 -4.0000 -8.0000 12.0000 0.0000 4.0000 0.5000 0.5000 0.5000 0.5000 0.5000 2.5000 1.8191 4.5758 
10.0000 16.0000 5.0000 -2.0000 1.0000 -3.2300 2 1.0000 1.0000 2.0570 -8.0000 4.0000 8.0000 -12.0000 0.0000 -4.0000 0.5000 0.5000 0.5000 0.5000 0.5000 2.5000 1.9455 4.7093 
10.0000 35.0000 5.0000 0.0000 1.0000 4.8450 8 -1.0000 1.0000 2.2940 10.0000 2.0000 -10.0000 6.0000 -6.0000 -2.0000 0.5000 0.5000 0.5000 0.5000 0.5000 2.5000 1.9394 4.6927 
10.0000 56.0000 5.0000 2.0000 0.0000 4.8450 8 -1.0000 1.0000 3.0540 -8.0000 4.0000 12.0000 0.0000 8.0000 -4.0000 0.3462 0.4720 0.4313 0.7293 0.5144 2.4933 1.8091 4.5525 
10.0000 12.0000 5.0000 -4.0000 0.0000 1.6150 8 -1.0000 1.0000 2.5560 -10.0000 2.0000 6.0000 -14.0000 -2.0000 -6.0000 0.5387 0.4595 0.3786 0.6769 0.4541 2.5078 1.9583 4.7171 
10.0000 33.0000 5.0000 0.0000 1.0000 1.6150 2 1.0000 0.0000 3.2250 10.0000 2.0000 -6.0000 6.0000 -10.0000 -2.0000 0.5000 0.5000 0.5000 0.5000 0.5000 2.5000 1.9900 4.7426 
10.0000 36.0000 5.0000 0.0000 0.0000 -4.8450 2 1.0000 1.0000 0.8430 2.0000 -6.0000 -10.0000 10.0000 -2.0000 6.0000 0.5931 0.4413 0.3272 0.5342 0.6016 2.4974 1.8191 4.5566 
10.0000 14.0000 5.0000 -4.0000 0.0000 4.8450 8 -1.0000 1.0000 1.5660 -6.0000 2.0000 6.0000 -14.0000 -2.0000 -10.0000 0.4018 0.4880 0.5339 0.6069 0.4611 2.4916 1.7815 4.5174 
10.0000 38.0000 5.0000 0.0000 0.0000 -1.6150 2 1.0000 1.0000 3.2270 -6.0000 6.0000 10.0000 -10.0000 2.0000 -2.0000 0.4636 0.4323 0.3789 0.5579 0.6670 2.4998 1.7873 4.5423 
10.0000 32.0000 5.0000 0.0000 1.0000 0.0000 2 1.0000 0.0000 4.3110 -6.0000 6.0000 10.0000 -10.0000 2.0000 -2.0000 0.5000 0.5000 0.5000 0.5000 0.5000 2.5000 1.9208 4.6761 
10.0000 59.0000 5.0000 4.0000 1.0000 -1.6150 2 1.0000 1.0000 1.6870 -2.0000 6.0000 14.0000 2.0000 10.0000 -6.0000 0.5000 0.5000 0.5000 0.5000 0.5000 2.5000 1.9083 4.6592 
10.0000 21.0000 5.0000 -2.0000 1.0000 4.8450 8 -1.0000 1.0000 1.2460 -12.0000 -4.0000 4.0000 -8.0000 8.0000 0.0000 0.5000 0.5000 0.5000 0.5000 0.5000 2.5000 1.9076 4.6591 
10.0000 24.0000 5.0000 -2.0000 0.0000 -1.6150 2 1.0000 1.0000 4.3070 -12.0000 0.0000 4.0000 -4.0000 8.0000 -8.0000 0.5169 0.3540 0.5372 0.4015 0.6898 2.4993 1.9028 4.6587 
10.0000 28.0000 5.0000 -2.0000 0.0000 4.8450 8 -1.0000 1.0000 1.4850 -8.0000 4.0000 8.0000 -12.0000 0.0000 -4.0000 0.6571 0.4900 0.3023 0.6224 0.4282 2.5000 1.7959 4.5424 
10.0000 20.0000 5.0000 -2.0000 1.0000 3.2300 8 -1.0000 1.0000 1.4470 8.0000 0.0000 -12.0000 4.0000 -8.0000 -4.0000 0.5000 0.5000 0.5000 0.5000 0.5000 2.5000 1.9545 4.6926 
10.0000 13.0000 5.0000 -4.0000 0.0000 3.2300 8 -1.0000 1.0000 3.5210 -2.0000 -10.0000 -14.0000 6.0000 -6.0000 2.0000 0.5477 0.5779 0.3159 0.5874 0.4667 2.4955 1.8842 4.6381 
10.0000 40.0000 5.0000 0.0000 0.0000 1.6150 8 -1.0000 1.0000 3.4540 -6.0000 6.0000 10.0000 -10.0000 2.0000 -2.0000 0.4421 0.7534 0.4776 0.3710 0.4544 2.4985 1.8173 4.5744 
10.0000 34.0000 5.0000 0.0000 1.0000 3.2300 8 -1.0000 1.0000 1.1470 -10.0000 -2.0000 6.0000 -6.0000 10.0000 2.0000 0.5000 0.5000 0.5000 0.5000 0.5000 2.5000 1.9432 4.6925 
10.0000 51.0000 6.0000 2.0000 0.0000 -3.2300 8 -1.0000 0.0000 2.4500 4.0000 -4.0000 -8.0000 12.0000 0.0000 8.0000 0.4004 0.6755 0.4026 0.5603 0.4685 2.5072 1.9671 4.7166 
10.0000 58.0000 6.0000 4.0000 1.0000 -3.2300 2 1.0000 1.0000 1.0260 -6.0000 6.0000 10.0000 2.0000 14.0000 -2.0000 0.5000 0.5000 0.5000 0.5000 0.5000 2.5000 1.7881 4.5426 
10.0000 52.0000 6.0000 2.0000 0.0000 -1.6150 2 1.0000 1.0000 1.1780 8.0000 0.0000 -4.0000 4.0000 -8.0000 12.0000 0.3797 0.4492 0.6726 0.6115 0.3865 2.4994 1.8901 4.6419 
10.0000 68.0000 6.0000 4.0000 0.0000 1.6150 8 -1.0000 1.0000 2.0270 14.0000 6.0000 -2.0000 10.0000 -6.0000 2.0000 0.5465 0.3224 0.5171 0.6614 0.4561 2.5035 1.8818 4.6459 
10.0000 57.0000 6.0000 4.0000 1.0000 -4.8450 2 1.0000 1.0000 2.5970 -6.0000 2.0000 10.0000 -2.0000 14.0000 6.0000 0.5000 0.5000 0.5000 0.5000 0.5000 2.5000 1.7878 4.5425 
10.0000 53.0000 6.0000 2.0000 0.0000 0.0000 8 -1.0000 0.0000 1.0820 -4.0000 8.0000 12.0000 -8.0000 4.0000 0.0000 0.3028 0.5953 0.3260 0.4921 0.7844 2.5007 1.8160 4.5599 
10.0000 47.0000 6.0000 2.0000 1.0000 1.6150 8 -1.0000 1.0000 0.9030 4.0000 -4.0000 -8.0000 12.0000 0.0000 8.0000 0.5000 0.5000 0.5000 0.5000 0.5000 2.5000 1.9322 4.6758 
10.0000 21.0000 6.0000 -2.0000 1.0000 4.8450 8 -1.0000 1.0000 1.2710 -4.0000 4.0000 8.0000 -12.0000 0.0000 -8.0000 0.5000 0.5000 0.5000 0.5000 0.5000 2.5000 1.8675 4.6092 
10.0000 45.0000 6.0000 2.0000 1.0000 -1.6150 2 1.0000 1.0000 2.0120 12.0000 4.0000 -8.0000 8.0000 -4.0000 0.0000 0.5000 0.5000 0.5000 0.5000 0.5000 2.5000 1.9618 4.7091 
10.0000 65.0000 6.0000 4.0000 0.0000 -3.2300 2 1.0000 1.0000 0.8970 -6.0000 2.0000 14.0000 -2.0000 10.0000 6.0000 0.3685 0.6690 0.4478 0.3374 0.6865 2.5092 1.9182 4.6853 
10.0000 20.0000 6.0000 -2.0000 1.0000 3.2300 8 -1.0000 1.0000 1.7770 -8.0000 4.0000 8.0000 -12.0000 0.0000 -4.0000 0.5000 0.5000 0.5000 0.5000 0.5000 2.5000 1.7955 4.5593 
10.0000 48.0000 6.0000 2.0000 1.0000 3.2300 2 1.0000 0.0000 2.8500 8.0000 -4.0000 -8.0000 12.0000 0.0000 4.0000 0.5000 0.5000 0.5000 0.5000 0.5000 2.5000 1.8458 4.5926 
10.0000 60.0000 6.0000 4.0000 1.0000 0.0000 8 -1.0000 0.0000 2.9960 -6.0000 6.0000 14.0000 2.0000 10.0000 -2.0000 0.5000 0.5000 0.5000 0.5000 0.5000 2.5000 1.9544 4.7093 
10.0000 59.0000 6.0000 4.0000 1.0000 -1.6150 2 1.0000 1.0000 0.8760 14.0000 6.0000 -6.0000 10.0000 -2.0000 2.0000 0.5000 0.5000 0.5000 0.5000 0.5000 2.5000 1.9246 4.6759 
10.0000 5.0000 6.0000 -4.0000 1.0000 1.6150 2 1.0000 0.0000 3.0710 -10.0000 -2.0000 6.0000 -6.0000 2.0000 -14.0000 0.5000 0.5000 0.5000 0.5000 0.5000 2.5000 1.9051 4.6593 
10.0000 39.0000 6.0000 0.0000 0.0000 0.0000 2 1.0000 0.0000 1.7120 -6.0000 2.0000 6.0000 -2.0000 10.0000 -10.0000 0.5999 0.3185 0.4925 0.7753 0.3084 2.4946 1.8567 4.6038 
10.0000 1.0000 6.0000 -4.0000 1.0000 -4.8450 2 1.0000 1.0000 1.1180 -14.0000 -2.0000 2.0000 -6.0000 6.0000 -10.0000 0.5000 0.5000 0.5000 0.5000 0.5000 2.5000 1.8451 4.5924 
10.0000 66.0000 6.0000 4.0000 0.0000 -1.6150 8 -1.0000 0.0000 2.6600 2.0000 10.0000 14.0000 -6.0000 6.0000 -2.0000 0.3805 0.3442 0.6931 0.4886 0.5888 2.4951 1.7991 4.5542 
10.0000 64.0000 6.0000 4.0000 0.0000 -4.8450 2 1.0000 1.0000 3.0600 14.0000 2.0000 -6.0000 6.0000 -2.0000 10.0000 0.3925 0.3132 0.6030 0.5024 0.6816 2.4927 1.7588 4.5020 
10.0000 42.0000 6.0000 0.0000 0.0000 4.8450 8 -1.0000 1.0000 3.4430 -6.0000 2.0000 10.0000 -2.0000 6.0000 -10.0000 0.5181 0.3316 0.4283 0.5255 0.6959 2.4995 1.7868 4.5421 
10.0000 43.0000 6.0000 2.0000 1.0000 -4.8450 2 1.0000 1.0000 1.7260 -8.0000 4.0000 12.0000 0.0000 8.0000 -4.0000 0.5000 0.5000 0.5000 0.5000 0.5000 2.5000 1.8032 4.5592 
10.0000 13.0000 6.0000 -4.0000 0.0000 3.2300 2 1.0000 0.0000 1.2980 6.0000 -6.0000 -14.0000 -2.0000 -10.0000 2.0000 0.5419 0.3035 0.3590 0.5787 0.7189 2.5020 1.8965 4.6447 
10.0000 2.0000 6.0000 -4.0000 1.0000 -3.2300 2 1.0000 1.0000 3.0850 6.0000 -2.0000 -10.0000 2.0000 -14.0000 -6.0000 0.5000 0.5000 0.5000 0.5000 0.5000 2.5000 1.9215 4.6760 
10.0000 22.0000 6.0000 -2.0000 0.0000 -4.8450 8 -1.0000 0.0000 2.8500 0.0000 -8.0000 -12.0000 8.0000 -4.0000 4.0000 0.4363 0.3892 0.3190 0.7022 0.6443 2.4910 1.8729 4.6169 
10.0000 67.0000 6.0000 4.0000 0.0000 0.0000 8 -1.0000 0.0000 2.0650 -6.0000 6.0000 10.0000 2.0000 14.0000 -2.0000 0.3046 0.4757 0.6480 0.7654 0.3040 2.4976 1.8660 4.6068 
10.0000 9.0000 6.0000 -4.0000 0.0000 -3.2300 2 1.0000 1.0000 0.9110 -10.0000 -2.0000 6.0000 -6.0000 2.0000 -14.0000 0.7022 0.6749 0.3225 0.5003 0.3024 2.5022 1.8621 4.6281 
10.0000 12.0000 6.0000 -4.0000 0.0000 1.6150 2 1.0000 0.0000 2.9600 6.0000 -2.0000 -14.0000 2.0000 -10.0000 -6.0000 0.3316 0.7858 0.4227 0.3790 0.5809 2.5000 1.7657 4.5257 
10.0000 37.0000 6.0000 0.0000 0.0000 -3.2300 2 1.0000 1.0000 1.5960 -6.0000 6.0000 10.0000 -10.0000 2.0000 -2.0000 0.3558 0.6916 0.4158 0.5498 0.4770 2.4901 1.7665 4.5158 
10.0000 70.0000 6.0000 4.0000 0.0000 4.8450 8 -1.0000 1.0000 1.1590 -6.0000 6.0000 10.0000 2.0000 14.0000 -2.0000 0.3035 0.4158 0.6782 0.6280 0.4689 2.4945 1.8211 4.5704 
10.0000 56.0000 6.0000 2.0000 0.0000 4.8450 8 -1.0000 1.0000 1.5600 -8.0000 4.0000 12.0000 0.0000 8.0000 -4.0000 0.3298 0.5463 0.4435 0.6751 0.5134 2.5080 1.9491 4.7005 
10.0000 16.0000 6.0000 -2.0000 1.0000 -3.2300 2 1.0000 1.0000 1.8870 -12.0000 0.0000 4.0000 -4.0000 8.0000 -8.0000 0.5000 0.5000 0.5000 0.5000 0.5000 2.5000 1.9689 4.7093 
10.0000 27.0000 6.0000 -2.0000 0.0000 3.2300 8 -1.0000 1.0000 3.8250 -12.0000 -4.0000 4.0000 -8.0000 8.0000 0.0000 0.5468 0.4528 0.5748 0.4133 0.5212 2.5090 1.7647 4.5183 
10.0000 38.0000 6.0000 0.0000 0.0000 -1.6150 8 -1.0000 0.0000 3.3410 -10.0000 -2.0000 10.0000 -6.0000 6.0000 2.0000 0.3429 0.6074 0.7087 0.4045 0.4451 2.5086 1.8334 4.5845 
10.0000 33.0000 6.0000 0.0000 1.0000 1.6150 2 1.0000 0.0000 2.7350 6.0000 -2.0000 -6.0000 2.0000 -10.0000 10.0000 0.5000 0.5000 0.5000 0.5000 0.5000 2.5000 1.8594 4.6093 
10.0000 29.0000 6.0000 0.0000 1.0000 -4.8450 2 1.0000 1.0000 1.4790 10.0000 -2.0000 -6.0000 2.0000 -10.0000 6.0000 0.5000 0.5000 0.5000 0.5000 0.5000 2.5000 1.7661 4.5258 
10.0000 24.0000 6.0000 -2.0000 0.0000 -1.6150 2 1.0000 1.0000 3.0780 -12.0000 -4.0000 8.0000 -8.0000 4.0000 0.0000 0.3324 0.3919 0.5115 0.5444 0.7231 2.5032 1.8286 4.5790 
10.0000 15.0000 6.0000 -2.0000 1.0000 -4.8450 2 1.0000 1.0000 2.5490 -12.0000 -4.0000 8.0000 -8.0000 4.0000 0.0000 0.5000 0.5000 0.5000 0.5000 0.5000 2.5000 1.9786 4.7259 
10.0000 8.0000 6.0000 -4.0000 0.0000 -4.8450 2 1.0000 1.0000 1.9180 6.0000 -2.0000 -14.0000 2.0000 -10.0000 -6.0000 0.4030 0.6647 0.5306 0.5973 0.3143 2.5100 1.7621 4.5192 
10.0000 10.0000 6.0000 -4.0000 0.0000 -1.6150 2 1.0000 1.0000 4.8940 -10.0000 -2.0000 2.0000 -6.0000 6.0000 -14.0000 0.5721 0.6203 0.4615 0.3615 0.4821 2.4975 1.7714 4.5067 
10.0000 61.0000 6.0000 4.0000 1.0000 1.6150 8 -1.0000 1.0000 1.0660 2.0000 10.0000 14.0000 -6.0000 6.0000 -2.0000 0.5000 0.5000 0.5000 0.5000 0.5000 2.5000 1.8969 4.6426 
10.0000 34.0000 6.0000 0.0000 1.0000 3.2300 8 -1.0000 1.0000 1.5920 -6.0000 6.0000 10.0000 -10.0000 2.0000 -2.0000 0.5000 0.5000 0.5000 0.5000 0.5000 2.5000 1.8568 4.6092 
10.0000 50.0000 6.0000 2.0000 0.0000 -4.8450 2 1.0000 1.0000 4.8470 0.0000 8.0000 12.0000 -8.0000 4.0000 -4.0000 0.4206 0.7232 0.3626 0.5307 0.4722 2.5094 1.7769 4.5353 
10.0000 19.0000 6.0000 -2.0000 1.0000 1.6150 8 -1.0000 1.0000 4.1490 8.0000 0.0000 -8.0000 4.0000 -12.0000 -4.0000 0.5000 0.5000 0.5000 0.5000 0.5000 2.5000 1.7671 4.5259 
10.0000 32.0000 6.0000 0.0000 1.0000 0.0000 2 1.0000 0.0000 1.0000 2.0000 -6.0000 -10.0000 10.0000 -2.0000 6.0000 0.5000 0.5000 0.5000 0.5000 0.5000 2.5000 1.8392 4.5925 
10.0000 11.0000 6.0000 -4.0000 0.0000 0.0000 2 1.0000 0.0000 3.3980 2.0000 -6.0000 -10.0000 -2.0000 -14.0000 6.0000 0.7790 0.4906 0.3999 0.5001 0.3360 2.5056 1.8007 4.5480 
10.0000 41.0000 6.0000 0.0000 0.0000 3.2300 8 -1.0000 1.0000 2.5330 -6.0000 2.0000 6.0000 -2.0000 10.0000 -10.0000 0.7733 0.3586 0.4191 0.4969 0.4550 2.5029 1.8911 4.6454 
10.0000 28.0000 6.0000 -2.0000 0.0000 4.8450 8 -1.0000 1.0000 2.0290 0.0000 -8.0000 -12.0000 8.0000 -4.0000 4.0000 0.3697 0.6317 0.6878 0.4253 0.3892 2.5036 1.9851 4.7296 
10.0000 17.0000 6.0000 -2.0000 1.0000 -1.6150 2 1.0000 1.0000 1.0980 8.0000 -4.0000 -8.0000 0.0000 -12.0000 4.0000 0.5000 0.5000 0.5000 0.5000 0.5000 2.5000 1.9551 4.7093 
10.0000 63.0000 6.0000 4.0000 1.0000 4.8450 8 -1.0000 1.0000 2.8320 -2.0000 6.0000 10.0000 2.0000 14.0000 -6.0000 0.5000 0.5000 0.5000 0.5000 0.5000 2.5000 1.7835 4.5426 
10.0000 25.0000 6.0000 -2.0000 0.0000 0.0000 2 1.0000 0.0000 3.4030 4.0000 -4.0000 -12.0000 0.0000 -8.0000 8.0000 0.3815 0.4982 0.6428 0.4327 0.5481 2.5033 1.8185 4.5792 
10.0000 46.0000 6.0000 2.0000 1.0000 0.0000 2 1.0000 0.0000 4.3260 -8.0000 0.0000 8.0000 -4.0000 12.0000 4.0000 0.5000 0.5000 0.5000 0.5000 0.5000 2.5000 1.9666 4.7260 
10.0000 3.0000 6.0000 -4.0000 1.0000 -1.6150 2 1.0000 1.0000 1.6220 2.0000 -6.0000 -14.0000 -2.0000 -10.0000 6.0000 0.5000 0.5000 0.5000 0.5000 0.5000 2.5000 1.7510 4.4924 
10.0000 31.0000 6.0000 0.0000 1.0000 -1.6150 2 1.0000 1.0000 1.2570 10.0000 -2.0000 -10.0000 2.0000 -6.0000 6.0000 0.5000 0.5000 0.5000 0.5000 0.5000 2.5000 1.8641 4.6092 
10.0000 14.0000 6.0000 -4.0000 0.0000 4.8450 2 1.0000 0.0000 1.6850 6.0000 -6.0000 -10.0000 -2.0000 -14.0000 2.0000 0.4329 0.4734 0.3962 0.5681 0.6339 2.5045 1.9515 4.6970 
10.0000 40.0000 6.0000 0.0000 0.0000 1.6150 8 -1.0000 1.0000 1.4750 -2.0000 6.0000 10.0000 -10.0000 2.0000 -6.0000 0.3179 0.4313 0.6047 0.4822 0.6679 2.5040 1.8219 4.5631 
10.0000 7.0000 6.0000 -4.0000 1.0000 4.8450 8 -1.0000 1.0000 0.9650 -10.0000 -2.0000 6.0000 -6.0000 2.0000 -14.0000 0.5000 0.5000 0.5000 0.5000 0.5000 2.5000 1.9982 4.7593 
10.0000 35.0000 6.0000 0.0000 1.0000 4.8450 8 -1.0000 1.0000 1.8330 2.0000 -6.0000 -10.0000 10.0000 -2.0000 6.0000 0.5000 0.5000 0.5000 0.5000 0.5000 2.5000 1.7722 4.5258 
10.0000 49.0000 6.0000 2.0000 1.0000 4.8450 8 -1.0000 1.0000 2.2600 4.0000 -4.0000 -8.0000 12.0000 0.0000 8.0000 0.5000 0.5000 0.5000 0.5000 0.5000 2.5000 1.7921 4.5425 
10.0000 54.0000 6.0000 2.0000 0.0000 1.6150 2 1.0000 0.0000 0.9630 12.0000 0.0000 -4.0000 4.0000 -8.0000 8.0000 0.3445 0.7888 0.4743 0.4100 0.4742 2.4918 1.9264 4.6677 
10.0000 69.0000 6.0000 4.0000 0.0000 3.2300 8 -1.0000 1.0000 2.5910 -2.0000 6.0000 10.0000 2.0000 14.0000 -6.0000 0.6088 0.3068 0.6704 0.4283 0.4865 2.5007 1.9635 4.7101 
10.0000 18.0000 6.0000 -2.0000 1.0000 0.0000 NR 0.0000 0.0000 0.0000 -12.0000 0.0000 8.0000 -4.0000 4.0000 -8.0000 0.5000 0.5000 0.5000 0.5000 0.5000 2.5000 1.9517 4.6924 
10.0000 6.0000 6.0000 -4.0000 1.0000 3.2300 8 -1.0000 1.0000 1.7760 2.0000 -6.0000 -14.0000 -2.0000 -10.0000 6.0000 0.5000 0.5000 0.5000 0.5000 0.5000 2.5000 1.8102 4.5592 
10.0000 30.0000 6.0000 0.0000 1.0000 -3.2300 2 1.0000 1.0000 1.1880 10.0000 -2.0000 -10.0000 2.0000 -6.0000 6.0000 0.5000 0.5000 0.5000 0.5000 0.5000 2.5000 1.7610 4.5259 
10.0000 26.0000 6.0000 -2.0000 0.0000 1.6150 8 -1.0000 1.0000 2.0010 -12.0000 -4.0000 8.0000 -8.0000 4.0000 0.0000 0.4668 0.5986 0.4829 0.3000 0.6464 2.4946 1.7730 4.5205 
10.0000 55.0000 6.0000 2.0000 0.0000 3.2300 8 -1.0000 1.0000 1.3550 8.0000 0.0000 -4.0000 4.0000 -8.0000 12.0000 0.7679 0.4095 0.3203 0.5368 0.4608 2.4952 1.8757 4.6211 
10.0000 4.0000 6.0000 -4.0000 1.0000 0.0000 2 1.0000 0.0000 3.6180 6.0000 -6.0000 -10.0000 -2.0000 -14.0000 2.0000 0.5000 0.5000 0.5000 0.5000 0.5000 2.5000 1.9919 4.7426 
10.0000 23.0000 6.0000 -2.0000 0.0000 -3.2300 8 -1.0000 0.0000 4.3470 8.0000 0.0000 -12.0000 4.0000 -8.0000 -4.0000 0.4211 0.5489 0.7573 0.4107 0.3642 2.5023 1.8895 4.6448 
10.0000 62.0000 6.0000 4.0000 1.0000 3.2300 8 -1.0000 1.0000 3.4510 10.0000 2.0000 -2.0000 6.0000 -6.0000 14.0000 0.5000 0.5000 0.5000 0.5000 0.5000 2.5000 1.8210 4.5759 
10.0000 44.0000 6.0000 2.0000 1.0000 -3.2300 2 1.0000 1.0000 1.7900 12.0000 0.0000 -4.0000 4.0000 -8.0000 8.0000 0.5000 0.5000 0.5000 0.5000 0.5000 2.5000 1.7791 4.5259 
10.0000 36.0000 6.0000 0.0000 0.0000 -4.8450 2 1.0000 1.0000 0.8340 6.0000 -2.0000 -6.0000 2.0000 -10.0000 10.0000 0.5186 0.5827 0.4770 0.5394 0.3773 2.4949 1.8515 4.5874 
