subNo index block mean periodicity testLevel pressedKey answer isCorrect rt s1 s2 s3 s4 s5 s6 t1 t2 t3 t4 t5 seqDuration startInterval trialDuration 
9.0000 43.0000 1.0000 2.0000 1.0000 -9.9000 8 1.0000 1.0000 1.0690 12.0000 4.0000 -4.0000 8.0000 -8.0000 0.0000 0.5000 0.5000 0.5000 0.5000 0.5000 2.5000 1.8829 4.6426 
9.0000 66.0000 1.0000 4.0000 0.0000 -3.3000 8 1.0000 1.0000 1.2530 14.0000 2.0000 -6.0000 6.0000 -2.0000 10.0000 0.5073 0.7097 0.3745 0.3319 0.5834 2.5069 1.8376 4.5993 
9.0000 1.0000 1.0000 -4.0000 1.0000 -9.9000 8 1.0000 1.0000 0.9050 6.0000 -2.0000 -10.0000 2.0000 -14.0000 -6.0000 0.5000 0.5000 0.5000 0.5000 0.5000 2.5000 1.7649 4.5258 
9.0000 10.0000 1.0000 -4.0000 0.0000 -3.3000 8 1.0000 1.0000 2.2950 -10.0000 -2.0000 2.0000 -6.0000 6.0000 -14.0000 0.3214 0.7004 0.4828 0.4226 0.5802 2.5074 1.9061 4.6667 
9.0000 46.0000 1.0000 2.0000 1.0000 0.0000 8 1.0000 0.0000 1.5890 -8.0000 4.0000 12.0000 0.0000 8.0000 -4.0000 0.5000 0.5000 0.5000 0.5000 0.5000 2.5000 1.8346 4.5925 
9.0000 42.0000 1.0000 0.0000 0.0000 9.9000 2 -1.0000 1.0000 0.9540 -6.0000 6.0000 10.0000 -10.0000 2.0000 -2.0000 0.4667 0.4968 0.6137 0.5207 0.3989 2.4968 1.8133 4.5560 
9.0000 34.0000 1.0000 0.0000 1.0000 6.6000 2 -1.0000 1.0000 2.0630 10.0000 -2.0000 -10.0000 2.0000 -6.0000 6.0000 0.5000 0.5000 0.5000 0.5000 0.5000 2.5000 1.8591 4.6092 
9.0000 9.0000 1.0000 -4.0000 0.0000 -6.6000 8 1.0000 1.0000 1.1240 -6.0000 2.0000 6.0000 -14.0000 -2.0000 -10.0000 0.4389 0.5326 0.4917 0.4540 0.5799 2.4971 1.7694 4.5063 
9.0000 54.0000 1.0000 2.0000 0.0000 3.3000 8 1.0000 0.0000 1.3730 8.0000 0.0000 -8.0000 4.0000 -4.0000 12.0000 0.4254 0.3764 0.5721 0.7153 0.4153 2.5043 1.7729 4.5134 
9.0000 69.0000 1.0000 4.0000 0.0000 6.6000 2 -1.0000 1.0000 1.2260 -6.0000 6.0000 10.0000 2.0000 14.0000 -2.0000 0.7285 0.5311 0.3951 0.3451 0.5061 2.5059 1.8061 4.5650 
9.0000 61.0000 1.0000 4.0000 1.0000 3.3000 8 1.0000 0.0000 1.1100 10.0000 2.0000 -2.0000 6.0000 -6.0000 14.0000 0.5000 0.5000 0.5000 0.5000 0.5000 2.5000 1.8495 4.6092 
9.0000 50.0000 1.0000 2.0000 0.0000 -9.9000 8 1.0000 1.0000 0.5580 0.0000 8.0000 12.0000 -8.0000 4.0000 -4.0000 0.3023 0.4901 0.5750 0.5200 0.6031 2.4906 1.7733 4.5164 
9.0000 37.0000 1.0000 0.0000 0.0000 -6.6000 8 1.0000 1.0000 0.8430 10.0000 2.0000 -10.0000 6.0000 -6.0000 -2.0000 0.4041 0.5073 0.3522 0.6933 0.5417 2.4986 1.8587 4.6079 
9.0000 8.0000 1.0000 -4.0000 0.0000 -9.9000 8 1.0000 1.0000 0.7610 -6.0000 2.0000 6.0000 -14.0000 -2.0000 -10.0000 0.4640 0.5006 0.7923 0.4010 0.3500 2.5078 1.9240 4.6837 
9.0000 15.0000 1.0000 -2.0000 1.0000 -9.9000 8 1.0000 1.0000 0.5880 -4.0000 4.0000 8.0000 -12.0000 0.0000 -8.0000 0.5000 0.5000 0.5000 0.5000 0.5000 2.5000 1.8715 4.6259 
9.0000 11.0000 1.0000 -4.0000 0.0000 0.0000 8 1.0000 0.0000 0.7710 6.0000 -6.0000 -14.0000 -2.0000 -10.0000 2.0000 0.7744 0.3191 0.3893 0.6269 0.3948 2.5045 1.7721 4.5304 
9.0000 56.0000 1.0000 2.0000 0.0000 9.9000 2 -1.0000 1.0000 0.7390 8.0000 -4.0000 -8.0000 12.0000 0.0000 4.0000 0.5020 0.6565 0.3141 0.5946 0.4367 2.5039 1.7779 4.5298 
9.0000 22.0000 1.0000 -2.0000 0.0000 -9.9000 8 1.0000 1.0000 0.4900 0.0000 -8.0000 -12.0000 8.0000 -4.0000 4.0000 0.5067 0.4360 0.4066 0.5332 0.6088 2.4913 1.8776 4.6170 
9.0000 39.0000 1.0000 0.0000 0.0000 0.0000 8 1.0000 0.0000 0.8720 6.0000 -6.0000 -10.0000 10.0000 -2.0000 2.0000 0.3346 0.6256 0.5569 0.4655 0.5221 2.5046 1.8537 4.6140 
9.0000 38.0000 1.0000 0.0000 0.0000 -3.3000 8 1.0000 1.0000 0.8280 10.0000 -2.0000 -6.0000 2.0000 -10.0000 6.0000 0.3666 0.7530 0.3622 0.6770 0.3336 2.4924 1.7692 4.5182 
9.0000 4.0000 1.0000 -4.0000 1.0000 0.0000 8 1.0000 0.0000 0.8320 -14.0000 -2.0000 2.0000 -6.0000 6.0000 -10.0000 0.5000 0.5000 0.5000 0.5000 0.5000 2.5000 1.9947 4.7427 
9.0000 65.0000 1.0000 4.0000 0.0000 -6.6000 8 1.0000 1.0000 0.6810 -6.0000 2.0000 14.0000 -2.0000 10.0000 6.0000 0.4343 0.5547 0.4360 0.6918 0.3757 2.4924 1.8594 4.6016 
9.0000 35.0000 1.0000 0.0000 1.0000 9.9000 2 -1.0000 1.0000 1.1650 10.0000 -2.0000 -10.0000 2.0000 -6.0000 6.0000 0.5000 0.5000 0.5000 0.5000 0.5000 2.5000 1.8037 4.5592 
9.0000 12.0000 1.0000 -4.0000 0.0000 3.3000 8 1.0000 0.0000 1.0520 6.0000 -2.0000 -14.0000 2.0000 -10.0000 -6.0000 0.7746 0.3059 0.3513 0.4108 0.6557 2.4983 1.9427 4.6909 
9.0000 36.0000 1.0000 0.0000 0.0000 -9.9000 8 1.0000 1.0000 0.6970 -6.0000 2.0000 6.0000 -2.0000 10.0000 -10.0000 0.7447 0.5669 0.3581 0.3068 0.5241 2.5005 1.9697 4.7098 
9.0000 55.0000 1.0000 2.0000 0.0000 6.6000 8 1.0000 0.0000 1.2660 8.0000 0.0000 -8.0000 4.0000 -4.0000 12.0000 0.4274 0.5345 0.6524 0.4263 0.4562 2.4969 1.8376 4.5727 
9.0000 67.0000 1.0000 4.0000 0.0000 0.0000 2 -1.0000 0.0000 1.2270 10.0000 -2.0000 -6.0000 14.0000 2.0000 6.0000 0.3314 0.7699 0.6100 0.3621 0.4294 2.5028 1.8945 4.6453 
9.0000 28.0000 1.0000 -2.0000 0.0000 9.9000 2 -1.0000 1.0000 0.8010 -12.0000 0.0000 8.0000 -4.0000 4.0000 -8.0000 0.5292 0.4747 0.4312 0.3686 0.6872 2.4909 1.9527 4.6836 
9.0000 21.0000 1.0000 -2.0000 1.0000 9.9000 2 -1.0000 1.0000 0.8140 0.0000 -8.0000 -12.0000 8.0000 -4.0000 4.0000 0.5000 0.5000 0.5000 0.5000 0.5000 2.5000 1.9878 4.7425 
9.0000 47.0000 1.0000 2.0000 1.0000 3.3000 8 1.0000 0.0000 1.3970 -8.0000 4.0000 8.0000 0.0000 12.0000 -4.0000 0.5000 0.5000 0.5000 0.5000 0.5000 2.5000 1.7529 4.5092 
9.0000 48.0000 1.0000 2.0000 1.0000 6.6000 8 1.0000 0.0000 1.5540 -4.0000 4.0000 12.0000 0.0000 8.0000 -8.0000 0.5000 0.5000 0.5000 0.5000 0.5000 2.5000 1.9570 4.7092 
9.0000 32.0000 1.0000 0.0000 1.0000 0.0000 8 1.0000 0.0000 0.9790 10.0000 -2.0000 -10.0000 2.0000 -6.0000 6.0000 0.5000 0.5000 0.5000 0.5000 0.5000 2.5000 1.8140 4.5591 
9.0000 33.0000 1.0000 0.0000 1.0000 3.3000 2 -1.0000 1.0000 1.4000 10.0000 -2.0000 -10.0000 2.0000 -6.0000 6.0000 0.5000 0.5000 0.5000 0.5000 0.5000 2.5000 1.7899 4.5425 
9.0000 59.0000 1.0000 4.0000 1.0000 -3.3000 8 1.0000 1.0000 1.2080 10.0000 2.0000 -6.0000 6.0000 -2.0000 14.0000 0.5000 0.5000 0.5000 0.5000 0.5000 2.5000 1.7538 4.5091 
9.0000 18.0000 1.0000 -2.0000 1.0000 0.0000 8 1.0000 0.0000 0.7860 4.0000 -8.0000 -12.0000 8.0000 -4.0000 0.0000 0.5000 0.5000 0.5000 0.5000 0.5000 2.5000 1.8694 4.6093 
9.0000 23.0000 1.0000 -2.0000 0.0000 -6.6000 8 1.0000 1.0000 0.6900 8.0000 0.0000 -8.0000 4.0000 -12.0000 -4.0000 0.4728 0.5759 0.3554 0.7124 0.3845 2.5010 1.7719 4.5101 
9.0000 30.0000 1.0000 0.0000 1.0000 -6.6000 8 1.0000 1.0000 0.6200 10.0000 -2.0000 -6.0000 2.0000 -10.0000 6.0000 0.5000 0.5000 0.5000 0.5000 0.5000 2.5000 1.8115 4.5591 
9.0000 60.0000 1.0000 4.0000 1.0000 0.0000 8 1.0000 0.0000 1.3220 -2.0000 6.0000 14.0000 2.0000 10.0000 -6.0000 0.5000 0.5000 0.5000 0.5000 0.5000 2.5000 1.9573 4.7093 
9.0000 2.0000 1.0000 -4.0000 1.0000 -6.6000 8 1.0000 1.0000 1.0520 -10.0000 -2.0000 2.0000 -6.0000 6.0000 -14.0000 0.5000 0.5000 0.5000 0.5000 0.5000 2.5000 1.9492 4.7092 
9.0000 63.0000 1.0000 4.0000 1.0000 9.9000 2 -1.0000 1.0000 1.2580 6.0000 -2.0000 -6.0000 14.0000 2.0000 10.0000 0.5000 0.5000 0.5000 0.5000 0.5000 2.5000 1.9129 4.6593 
9.0000 7.0000 1.0000 -4.0000 1.0000 9.9000 2 -1.0000 1.0000 0.9420 -6.0000 2.0000 6.0000 -14.0000 -2.0000 -10.0000 0.5000 0.5000 0.5000 0.5000 0.5000 2.5000 1.9470 4.6927 
9.0000 13.0000 1.0000 -4.0000 0.0000 6.6000 2 -1.0000 1.0000 1.0190 6.0000 -2.0000 -14.0000 2.0000 -10.0000 -6.0000 0.5714 0.3200 0.5897 0.6269 0.3886 2.4966 1.8750 4.6226 
9.0000 52.0000 1.0000 2.0000 0.0000 -3.3000 8 1.0000 1.0000 0.7600 0.0000 8.0000 12.0000 -8.0000 4.0000 -4.0000 0.4198 0.4518 0.6896 0.3610 0.5818 2.5040 1.9720 4.7300 
9.0000 24.0000 1.0000 -2.0000 0.0000 -3.3000 8 1.0000 1.0000 0.6960 0.0000 -8.0000 -12.0000 8.0000 -4.0000 4.0000 0.4861 0.5115 0.7069 0.3703 0.4217 2.4965 1.9913 4.7391 
9.0000 31.0000 1.0000 0.0000 1.0000 -3.3000 8 1.0000 1.0000 0.6200 -2.0000 6.0000 10.0000 -10.0000 2.0000 -6.0000 0.5000 0.5000 0.5000 0.5000 0.5000 2.5000 1.8071 4.5592 
9.0000 17.0000 1.0000 -2.0000 1.0000 -3.3000 2 -1.0000 0.0000 1.8720 -12.0000 0.0000 8.0000 -4.0000 4.0000 -8.0000 0.5000 0.5000 0.5000 0.5000 0.5000 2.5000 1.7573 4.4925 
9.0000 3.0000 1.0000 -4.0000 1.0000 -3.3000 8 1.0000 1.0000 1.3170 -10.0000 -2.0000 2.0000 -6.0000 6.0000 -14.0000 0.5000 0.5000 0.5000 0.5000 0.5000 2.5000 1.9159 4.6758 
9.0000 53.0000 1.0000 2.0000 0.0000 0.0000 8 1.0000 0.0000 1.9490 12.0000 0.0000 -8.0000 4.0000 -4.0000 8.0000 0.3154 0.4594 0.7298 0.4673 0.5379 2.5097 1.9860 4.7524 
9.0000 49.0000 1.0000 2.0000 1.0000 9.9000 2 -1.0000 1.0000 1.2860 8.0000 0.0000 -4.0000 4.0000 -8.0000 12.0000 0.5000 0.5000 0.5000 0.5000 0.5000 2.5000 1.9893 4.7427 
9.0000 41.0000 1.0000 0.0000 0.0000 6.6000 8 1.0000 0.0000 0.9030 10.0000 2.0000 -10.0000 6.0000 -6.0000 -2.0000 0.4747 0.7129 0.5949 0.3727 0.3410 2.4962 1.7770 4.5221 
9.0000 57.0000 1.0000 4.0000 1.0000 -9.9000 8 1.0000 1.0000 0.7290 10.0000 2.0000 -6.0000 6.0000 -2.0000 14.0000 0.5000 0.5000 0.5000 0.5000 0.5000 2.5000 1.9884 4.7426 
9.0000 6.0000 1.0000 -4.0000 1.0000 6.6000 2 -1.0000 1.0000 0.7200 6.0000 -2.0000 -14.0000 2.0000 -10.0000 -6.0000 0.5000 0.5000 0.5000 0.5000 0.5000 2.5000 1.8273 4.5759 
9.0000 68.0000 1.0000 4.0000 0.0000 3.3000 2 -1.0000 1.0000 1.7240 10.0000 -2.0000 -6.0000 14.0000 2.0000 6.0000 0.5182 0.5763 0.4121 0.3554 0.6344 2.4964 1.9244 4.6725 
9.0000 51.0000 1.0000 2.0000 0.0000 -6.6000 8 1.0000 1.0000 0.7830 12.0000 4.0000 -8.0000 8.0000 -4.0000 0.0000 0.3928 0.7296 0.4652 0.4122 0.5087 2.5085 1.9878 4.7343 
9.0000 29.0000 1.0000 0.0000 1.0000 -9.9000 8 1.0000 1.0000 0.6400 10.0000 -2.0000 -6.0000 2.0000 -10.0000 6.0000 0.5000 0.5000 0.5000 0.5000 0.5000 2.5000 1.9076 4.6425 
9.0000 70.0000 1.0000 4.0000 0.0000 9.9000 2 -1.0000 1.0000 1.5020 -6.0000 2.0000 10.0000 -2.0000 14.0000 6.0000 0.3499 0.6131 0.3719 0.4092 0.7512 2.4954 1.9639 4.7214 
9.0000 5.0000 1.0000 -4.0000 1.0000 3.3000 2 -1.0000 1.0000 1.7960 -2.0000 -10.0000 -14.0000 6.0000 -6.0000 2.0000 0.5000 0.5000 0.5000 0.5000 0.5000 2.5000 1.8140 4.5759 
9.0000 45.0000 1.0000 2.0000 1.0000 -3.3000 8 1.0000 1.0000 1.3230 0.0000 8.0000 12.0000 -8.0000 4.0000 -4.0000 0.5000 0.5000 0.5000 0.5000 0.5000 2.5000 1.7951 4.5425 
9.0000 40.0000 1.0000 0.0000 0.0000 3.3000 2 -1.0000 1.0000 1.1250 10.0000 2.0000 -6.0000 6.0000 -10.0000 -2.0000 0.3354 0.5613 0.3344 0.5892 0.6805 2.5009 1.9728 4.7270 
9.0000 44.0000 1.0000 2.0000 1.0000 -6.6000 8 1.0000 1.0000 1.1260 -4.0000 4.0000 8.0000 0.0000 12.0000 -8.0000 0.5000 0.5000 0.5000 0.5000 0.5000 2.5000 1.7524 4.5092 
9.0000 58.0000 1.0000 4.0000 1.0000 -6.6000 8 1.0000 1.0000 0.6350 -2.0000 6.0000 14.0000 2.0000 10.0000 -6.0000 0.5000 0.5000 0.5000 0.5000 0.5000 2.5000 1.9060 4.6593 
9.0000 20.0000 1.0000 -2.0000 1.0000 6.6000 8 1.0000 0.0000 1.4150 0.0000 -8.0000 -12.0000 8.0000 -4.0000 4.0000 0.5000 0.5000 0.5000 0.5000 0.5000 2.5000 1.8043 4.5426 
9.0000 25.0000 1.0000 -2.0000 0.0000 0.0000 8 1.0000 0.0000 1.0670 8.0000 -4.0000 -12.0000 0.0000 -8.0000 4.0000 0.3102 0.5655 0.4242 0.7908 0.4065 2.4971 1.8120 4.5562 
9.0000 26.0000 1.0000 -2.0000 0.0000 3.3000 2 -1.0000 1.0000 1.0680 -8.0000 0.0000 8.0000 -4.0000 4.0000 -12.0000 0.6001 0.4123 0.7123 0.4457 0.3336 2.5041 1.8161 4.5632 
9.0000 62.0000 1.0000 4.0000 1.0000 6.6000 2 -1.0000 1.0000 1.3620 14.0000 2.0000 -6.0000 6.0000 -2.0000 10.0000 0.5000 0.5000 0.5000 0.5000 0.5000 2.5000 1.9415 4.6927 
9.0000 19.0000 1.0000 -2.0000 1.0000 3.3000 2 -1.0000 1.0000 2.0870 4.0000 -8.0000 -12.0000 8.0000 -4.0000 0.0000 0.5000 0.5000 0.5000 0.5000 0.5000 2.5000 1.8368 4.5926 
9.0000 27.0000 1.0000 -2.0000 0.0000 6.6000 2 -1.0000 1.0000 2.1040 8.0000 -4.0000 -12.0000 0.0000 -8.0000 4.0000 0.4991 0.4405 0.6983 0.4755 0.3787 2.4920 1.8180 4.5680 
9.0000 14.0000 1.0000 -4.0000 0.0000 9.9000 2 -1.0000 1.0000 2.2180 -2.0000 -10.0000 -14.0000 6.0000 -6.0000 2.0000 0.4649 0.6237 0.3475 0.6196 0.4500 2.5057 1.7613 4.5147 
9.0000 64.0000 1.0000 4.0000 0.0000 -9.9000 8 1.0000 1.0000 1.7620 10.0000 -2.0000 -6.0000 14.0000 2.0000 6.0000 0.6789 0.5267 0.4017 0.3050 0.5837 2.4960 1.8881 4.6385 
9.0000 16.0000 1.0000 -2.0000 1.0000 -6.6000 8 1.0000 1.0000 0.9720 4.0000 -4.0000 -12.0000 0.0000 -8.0000 8.0000 0.5000 0.5000 0.5000 0.5000 0.5000 2.5000 1.9146 4.6592 
9.0000 7.0000 2.0000 -4.0000 1.0000 9.9000 2 -1.0000 1.0000 1.4280 -10.0000 -2.0000 6.0000 -6.0000 2.0000 -14.0000 0.5000 0.5000 0.5000 0.5000 0.5000 2.5000 1.9505 4.7091 
9.0000 54.0000 2.0000 2.0000 0.0000 3.3000 8 1.0000 0.0000 1.2490 12.0000 4.0000 -8.0000 8.0000 -4.0000 0.0000 0.3288 0.5354 0.6173 0.3491 0.6726 2.5031 1.9455 4.6959 
9.0000 23.0000 2.0000 -2.0000 0.0000 -6.6000 8 1.0000 1.0000 1.0030 -4.0000 4.0000 8.0000 -12.0000 0.0000 -8.0000 0.4723 0.5702 0.3821 0.7661 0.3121 2.5026 1.8444 4.5951 
9.0000 10.0000 2.0000 -4.0000 0.0000 -3.3000 8 1.0000 1.0000 2.3450 -10.0000 -2.0000 6.0000 -6.0000 2.0000 -14.0000 0.3995 0.4473 0.7712 0.3025 0.5762 2.4966 1.9579 4.7059 
9.0000 5.0000 2.0000 -4.0000 1.0000 3.3000 8 1.0000 0.0000 1.2890 -14.0000 -2.0000 6.0000 -6.0000 2.0000 -10.0000 0.5000 0.5000 0.5000 0.5000 0.5000 2.5000 1.8177 4.5593 
9.0000 63.0000 2.0000 4.0000 1.0000 9.9000 2 -1.0000 1.0000 1.1890 -6.0000 6.0000 14.0000 2.0000 10.0000 -2.0000 0.5000 0.5000 0.5000 0.5000 0.5000 2.5000 1.9126 4.6593 
9.0000 40.0000 2.0000 0.0000 0.0000 3.3000 8 1.0000 0.0000 1.2220 -10.0000 2.0000 10.0000 -2.0000 6.0000 -6.0000 0.7114 0.3017 0.3641 0.6831 0.4463 2.5066 1.9310 4.6826 
9.0000 41.0000 2.0000 0.0000 0.0000 6.6000 2 -1.0000 1.0000 1.1360 -10.0000 -2.0000 6.0000 -6.0000 10.0000 2.0000 0.5365 0.4468 0.7959 0.3265 0.3997 2.5054 1.8984 4.6481 
9.0000 16.0000 2.0000 -2.0000 1.0000 -6.6000 8 1.0000 1.0000 1.3150 -8.0000 0.0000 8.0000 -4.0000 4.0000 -12.0000 0.5000 0.5000 0.5000 0.5000 0.5000 2.5000 1.8818 4.6425 
9.0000 3.0000 2.0000 -4.0000 1.0000 -3.3000 8 1.0000 1.0000 0.5150 6.0000 -2.0000 -14.0000 2.0000 -10.0000 -6.0000 0.5000 0.5000 0.5000 0.5000 0.5000 2.5000 1.9816 4.7427 
9.0000 35.0000 2.0000 0.0000 1.0000 9.9000 2 -1.0000 1.0000 1.9650 -6.0000 2.0000 6.0000 -2.0000 10.0000 -10.0000 0.5000 0.5000 0.5000 0.5000 0.5000 2.5000 1.9662 4.7259 
9.0000 19.0000 2.0000 -2.0000 1.0000 3.3000 2 -1.0000 1.0000 1.3340 -8.0000 0.0000 4.0000 -4.0000 8.0000 -12.0000 0.5000 0.5000 0.5000 0.5000 0.5000 2.5000 1.9680 4.7259 
9.0000 44.0000 2.0000 2.0000 1.0000 -6.6000 8 1.0000 1.0000 1.7560 -8.0000 4.0000 12.0000 0.0000 8.0000 -4.0000 0.5000 0.5000 0.5000 0.5000 0.5000 2.5000 1.8444 4.5927 
9.0000 46.0000 2.0000 2.0000 1.0000 0.0000 8 1.0000 0.0000 0.8500 -4.0000 4.0000 12.0000 0.0000 8.0000 -8.0000 0.5000 0.5000 0.5000 0.5000 0.5000 2.5000 1.9813 4.7261 
9.0000 57.0000 2.0000 4.0000 1.0000 -9.9000 8 1.0000 1.0000 0.5110 -6.0000 2.0000 14.0000 -2.0000 10.0000 6.0000 0.5000 0.5000 0.5000 0.5000 0.5000 2.5000 1.7796 4.5259 
9.0000 47.0000 2.0000 2.0000 1.0000 3.3000 8 1.0000 0.0000 1.8840 -8.0000 0.0000 12.0000 -4.0000 8.0000 4.0000 0.5000 0.5000 0.5000 0.5000 0.5000 2.5000 1.9372 4.6758 
9.0000 60.0000 2.0000 4.0000 1.0000 0.0000 8 1.0000 0.0000 1.3120 6.0000 -2.0000 -6.0000 14.0000 2.0000 10.0000 0.5000 0.5000 0.5000 0.5000 0.5000 2.5000 1.7719 4.5093 
9.0000 68.0000 2.0000 4.0000 0.0000 3.3000 8 1.0000 0.0000 1.1000 14.0000 6.0000 -2.0000 10.0000 -6.0000 2.0000 0.3321 0.4608 0.5143 0.6381 0.5536 2.4988 1.8655 4.6247 
9.0000 37.0000 2.0000 0.0000 0.0000 -6.6000 8 1.0000 1.0000 0.7410 6.0000 -2.0000 -6.0000 2.0000 -10.0000 10.0000 0.4129 0.3473 0.6435 0.4081 0.6853 2.4971 1.8202 4.5730 
9.0000 11.0000 2.0000 -4.0000 0.0000 0.0000 2 -1.0000 0.0000 1.3530 2.0000 -6.0000 -10.0000 -2.0000 -14.0000 6.0000 0.7130 0.3129 0.6391 0.3791 0.4579 2.5020 1.8784 4.6280 
9.0000 25.0000 2.0000 -2.0000 0.0000 0.0000 2 -1.0000 0.0000 0.9290 -8.0000 0.0000 4.0000 -4.0000 8.0000 -12.0000 0.4093 0.3264 0.6817 0.5036 0.5886 2.5097 1.7796 4.5355 
9.0000 56.0000 2.0000 2.0000 0.0000 9.9000 2 -1.0000 1.0000 0.6770 0.0000 8.0000 12.0000 -8.0000 4.0000 -4.0000 0.3724 0.6939 0.3954 0.4968 0.5479 2.5065 1.9098 4.6658 
9.0000 13.0000 2.0000 -4.0000 0.0000 6.6000 2 -1.0000 1.0000 2.4300 2.0000 -6.0000 -14.0000 -2.0000 -10.0000 6.0000 0.3991 0.5680 0.3209 0.6577 0.5546 2.5004 1.8058 4.5595 
9.0000 70.0000 2.0000 4.0000 0.0000 9.9000 2 -1.0000 1.0000 0.8280 6.0000 -2.0000 -6.0000 14.0000 2.0000 10.0000 0.5285 0.7813 0.3075 0.4116 0.4706 2.4994 1.7609 4.5085 
9.0000 42.0000 2.0000 0.0000 0.0000 9.9000 2 -1.0000 1.0000 0.7060 -2.0000 6.0000 10.0000 -10.0000 2.0000 -6.0000 0.3325 0.6395 0.3922 0.4553 0.6793 2.4987 1.7663 4.5078 
9.0000 33.0000 2.0000 0.0000 1.0000 3.3000 2 -1.0000 1.0000 1.2890 -10.0000 2.0000 10.0000 -2.0000 6.0000 -6.0000 0.5000 0.5000 0.5000 0.5000 0.5000 2.5000 1.8864 4.6259 
9.0000 17.0000 2.0000 -2.0000 1.0000 -3.3000 8 1.0000 1.0000 0.9480 -8.0000 4.0000 8.0000 -12.0000 0.0000 -4.0000 0.5000 0.5000 0.5000 0.5000 0.5000 2.5000 1.9429 4.7093 
9.0000 14.0000 2.0000 -4.0000 0.0000 9.9000 2 -1.0000 1.0000 0.7300 2.0000 -6.0000 -14.0000 -2.0000 -10.0000 6.0000 0.5947 0.5381 0.4213 0.5557 0.3998 2.5096 1.8371 4.6020 
9.0000 53.0000 2.0000 2.0000 0.0000 0.0000 2 -1.0000 0.0000 0.8800 -8.0000 0.0000 12.0000 -4.0000 8.0000 4.0000 0.7746 0.5526 0.4485 0.4172 0.3131 2.5061 1.9782 4.7321 
9.0000 30.0000 2.0000 0.0000 1.0000 -6.6000 8 1.0000 1.0000 2.3670 -10.0000 2.0000 10.0000 -2.0000 6.0000 -6.0000 0.5000 0.5000 0.5000 0.5000 0.5000 2.5000 1.9472 4.6925 
9.0000 9.0000 2.0000 -4.0000 0.0000 -6.6000 8 1.0000 1.0000 0.7620 6.0000 -6.0000 -14.0000 -2.0000 -10.0000 2.0000 0.4075 0.7191 0.4254 0.6292 0.3111 2.4923 1.8039 4.5516 
9.0000 52.0000 2.0000 2.0000 0.0000 -3.3000 8 1.0000 1.0000 0.9190 -4.0000 4.0000 12.0000 0.0000 8.0000 -8.0000 0.4966 0.6258 0.3626 0.5310 0.4890 2.5051 1.8555 4.6143 
9.0000 49.0000 2.0000 2.0000 1.0000 9.9000 8 1.0000 0.0000 1.6470 -8.0000 4.0000 8.0000 0.0000 12.0000 -4.0000 0.5000 0.5000 0.5000 0.5000 0.5000 2.5000 1.8106 4.5592 
9.0000 29.0000 2.0000 0.0000 1.0000 -9.9000 8 1.0000 1.0000 0.5060 6.0000 -2.0000 -10.0000 2.0000 -6.0000 10.0000 0.5000 0.5000 0.5000 0.5000 0.5000 2.5000 1.8173 4.5592 
9.0000 26.0000 2.0000 -2.0000 0.0000 3.3000 8 1.0000 0.0000 0.7700 -8.0000 0.0000 4.0000 -4.0000 8.0000 -12.0000 0.4969 0.4606 0.5844 0.3159 0.6460 2.5039 1.8451 4.5964 
9.0000 2.0000 2.0000 -4.0000 1.0000 -6.6000 8 1.0000 1.0000 0.6390 6.0000 -6.0000 -10.0000 -2.0000 -14.0000 2.0000 0.5000 0.5000 0.5000 0.5000 0.5000 2.5000 1.8794 4.6427 
9.0000 31.0000 2.0000 0.0000 1.0000 -3.3000 8 1.0000 1.0000 1.6030 -6.0000 6.0000 10.0000 -10.0000 2.0000 -2.0000 0.5000 0.5000 0.5000 0.5000 0.5000 2.5000 1.9773 4.7259 
9.0000 67.0000 2.0000 4.0000 0.0000 0.0000 2 -1.0000 0.0000 1.1850 2.0000 10.0000 14.0000 -6.0000 6.0000 -2.0000 0.3398 0.6525 0.5400 0.5998 0.3598 2.4919 1.9585 4.7011 
9.0000 65.0000 2.0000 4.0000 0.0000 -6.6000 8 1.0000 1.0000 1.2870 14.0000 2.0000 -6.0000 6.0000 -2.0000 10.0000 0.3437 0.6428 0.6691 0.3453 0.4997 2.5005 1.9777 4.7264 
9.0000 28.0000 2.0000 -2.0000 0.0000 9.9000 2 -1.0000 1.0000 0.8760 -4.0000 4.0000 8.0000 -12.0000 0.0000 -8.0000 0.5072 0.3877 0.4986 0.5786 0.5357 2.5078 1.9307 4.6839 
9.0000 43.0000 2.0000 2.0000 1.0000 -9.9000 8 1.0000 1.0000 0.5500 8.0000 0.0000 -8.0000 4.0000 -4.0000 12.0000 0.5000 0.5000 0.5000 0.5000 0.5000 2.5000 1.9975 4.7427 
9.0000 8.0000 2.0000 -4.0000 0.0000 -9.9000 8 1.0000 1.0000 0.9030 -2.0000 -10.0000 -14.0000 6.0000 -6.0000 2.0000 0.5077 0.3169 0.4869 0.4233 0.7563 2.4911 1.8087 4.5503 
9.0000 45.0000 2.0000 2.0000 1.0000 -3.3000 8 1.0000 1.0000 1.3930 -4.0000 4.0000 12.0000 0.0000 8.0000 -8.0000 0.5000 0.5000 0.5000 0.5000 0.5000 2.5000 1.9889 4.7427 
9.0000 18.0000 2.0000 -2.0000 1.0000 0.0000 2 -1.0000 0.0000 0.9340 -4.0000 4.0000 8.0000 -12.0000 0.0000 -8.0000 0.5000 0.5000 0.5000 0.5000 0.5000 2.5000 1.9805 4.7258 
9.0000 66.0000 2.0000 4.0000 0.0000 -3.3000 8 1.0000 1.0000 1.5500 14.0000 2.0000 -2.0000 6.0000 -6.0000 10.0000 0.4212 0.3402 0.7621 0.6356 0.3439 2.5030 1.7666 4.5288 
9.0000 38.0000 2.0000 0.0000 0.0000 -3.3000 8 1.0000 1.0000 0.6810 6.0000 -2.0000 -10.0000 2.0000 -6.0000 10.0000 0.3596 0.7539 0.4685 0.3121 0.6017 2.4959 1.9508 4.7053 
9.0000 58.0000 2.0000 4.0000 1.0000 -6.6000 8 1.0000 1.0000 0.6670 -6.0000 6.0000 10.0000 2.0000 14.0000 -2.0000 0.5000 0.5000 0.5000 0.5000 0.5000 2.5000 1.9767 4.7261 
9.0000 51.0000 2.0000 2.0000 0.0000 -6.6000 8 1.0000 1.0000 0.7240 -4.0000 8.0000 12.0000 -8.0000 4.0000 0.0000 0.6498 0.3507 0.4995 0.4443 0.5557 2.5001 1.8433 4.5926 
9.0000 24.0000 2.0000 -2.0000 0.0000 -3.3000 8 1.0000 1.0000 1.3870 8.0000 -4.0000 -8.0000 0.0000 -12.0000 4.0000 0.6681 0.5846 0.3108 0.3639 0.5763 2.5037 1.8285 4.5796 
9.0000 12.0000 2.0000 -4.0000 0.0000 3.3000 2 -1.0000 1.0000 1.7000 6.0000 -2.0000 -10.0000 2.0000 -14.0000 -6.0000 0.6241 0.5095 0.3051 0.5473 0.5144 2.5003 1.8964 4.6430 
9.0000 1.0000 2.0000 -4.0000 1.0000 -9.9000 8 1.0000 1.0000 1.2940 6.0000 -6.0000 -14.0000 -2.0000 -10.0000 2.0000 0.5000 0.5000 0.5000 0.5000 0.5000 2.5000 1.9711 4.7259 
9.0000 15.0000 2.0000 -2.0000 1.0000 -9.9000 8 1.0000 1.0000 1.2340 8.0000 -4.0000 -8.0000 0.0000 -12.0000 4.0000 0.5000 0.5000 0.5000 0.5000 0.5000 2.5000 1.9447 4.6925 
9.0000 22.0000 2.0000 -2.0000 0.0000 -9.9000 8 1.0000 1.0000 0.8530 -8.0000 4.0000 8.0000 -12.0000 0.0000 -4.0000 0.6012 0.3377 0.6651 0.3557 0.5434 2.5031 1.8474 4.5956 
9.0000 61.0000 2.0000 4.0000 1.0000 3.3000 8 1.0000 0.0000 1.7900 -2.0000 6.0000 14.0000 2.0000 10.0000 -6.0000 0.5000 0.5000 0.5000 0.5000 0.5000 2.5000 1.8700 4.6260 
9.0000 20.0000 2.0000 -2.0000 1.0000 6.6000 2 -1.0000 1.0000 0.9390 -8.0000 4.0000 8.0000 -12.0000 0.0000 -4.0000 0.5000 0.5000 0.5000 0.5000 0.5000 2.5000 1.8040 4.5592 
9.0000 39.0000 2.0000 0.0000 0.0000 0.0000 2 -1.0000 0.0000 1.9460 6.0000 -2.0000 -6.0000 2.0000 -10.0000 10.0000 0.7434 0.3551 0.6097 0.4816 0.3191 2.5089 1.7698 4.5347 
9.0000 6.0000 2.0000 -4.0000 1.0000 6.6000 2 -1.0000 1.0000 0.6130 -14.0000 -2.0000 6.0000 -6.0000 2.0000 -10.0000 0.5000 0.5000 0.5000 0.5000 0.5000 2.5000 1.8786 4.6259 
9.0000 64.0000 2.0000 4.0000 0.0000 -9.9000 8 1.0000 1.0000 1.0620 10.0000 2.0000 -2.0000 6.0000 -6.0000 14.0000 0.4790 0.5888 0.5426 0.3746 0.5236 2.5087 1.9304 4.6846 
9.0000 59.0000 2.0000 4.0000 1.0000 -3.3000 8 1.0000 1.0000 1.9540 14.0000 2.0000 -6.0000 6.0000 -2.0000 10.0000 0.5000 0.5000 0.5000 0.5000 0.5000 2.5000 1.7505 4.4926 
9.0000 50.0000 2.0000 2.0000 0.0000 -9.9000 8 1.0000 1.0000 0.5020 -8.0000 0.0000 12.0000 -4.0000 8.0000 4.0000 0.6556 0.3709 0.4143 0.3643 0.7049 2.5100 1.8555 4.6193 
9.0000 32.0000 2.0000 0.0000 1.0000 0.0000 8 1.0000 0.0000 1.1200 6.0000 -2.0000 -10.0000 2.0000 -6.0000 10.0000 0.5000 0.5000 0.5000 0.5000 0.5000 2.5000 1.8389 4.5758 
9.0000 69.0000 2.0000 4.0000 0.0000 6.6000 2 -1.0000 1.0000 1.1210 10.0000 2.0000 -2.0000 6.0000 -6.0000 14.0000 0.3710 0.5301 0.3752 0.7686 0.4489 2.4938 1.7803 4.5197 
9.0000 34.0000 2.0000 0.0000 1.0000 6.6000 2 -1.0000 1.0000 2.3450 -10.0000 -2.0000 6.0000 -6.0000 10.0000 2.0000 0.5000 0.5000 0.5000 0.5000 0.5000 2.5000 1.7638 4.5259 
9.0000 21.0000 2.0000 -2.0000 1.0000 9.9000 2 -1.0000 1.0000 0.9090 -8.0000 0.0000 8.0000 -4.0000 4.0000 -12.0000 0.5000 0.5000 0.5000 0.5000 0.5000 2.5000 1.8805 4.6426 
9.0000 62.0000 2.0000 4.0000 1.0000 6.6000 2 -1.0000 1.0000 1.1230 10.0000 -2.0000 -6.0000 14.0000 2.0000 6.0000 0.5000 0.5000 0.5000 0.5000 0.5000 2.5000 1.8331 4.5925 
9.0000 36.0000 2.0000 0.0000 0.0000 -9.9000 8 1.0000 1.0000 0.8910 10.0000 -2.0000 -10.0000 2.0000 -6.0000 6.0000 0.4219 0.5735 0.3060 0.7103 0.4945 2.5062 1.9835 4.7489 
9.0000 48.0000 2.0000 2.0000 1.0000 6.6000 8 1.0000 0.0000 1.7900 -4.0000 4.0000 12.0000 0.0000 8.0000 -8.0000 0.5000 0.5000 0.5000 0.5000 0.5000 2.5000 1.7505 4.5092 
9.0000 27.0000 2.0000 -2.0000 0.0000 6.6000 2 -1.0000 1.0000 0.8110 8.0000 -4.0000 -8.0000 0.0000 -12.0000 4.0000 0.5909 0.4715 0.5227 0.3970 0.5199 2.5019 1.8560 4.6111 
9.0000 55.0000 2.0000 2.0000 0.0000 6.6000 2 -1.0000 1.0000 0.8170 -4.0000 4.0000 8.0000 0.0000 12.0000 -8.0000 0.5330 0.6834 0.3419 0.5946 0.3512 2.5041 1.7970 4.5465 
9.0000 4.0000 2.0000 -4.0000 1.0000 0.0000 8 1.0000 0.0000 1.0810 -2.0000 -10.0000 -14.0000 6.0000 -6.0000 2.0000 0.5000 0.5000 0.5000 0.5000 0.5000 2.5000 1.8762 4.6260 
9.0000 45.0000 3.0000 2.0000 1.0000 -3.3000 8 1.0000 1.0000 0.6590 12.0000 0.0000 -4.0000 4.0000 -8.0000 8.0000 0.5000 0.5000 0.5000 0.5000 0.5000 2.5000 1.9033 4.6594 
9.0000 34.0000 3.0000 0.0000 1.0000 6.6000 2 -1.0000 1.0000 1.7730 6.0000 -6.0000 -10.0000 10.0000 -2.0000 2.0000 0.5000 0.5000 0.5000 0.5000 0.5000 2.5000 1.8039 4.5591 
9.0000 54.0000 3.0000 2.0000 0.0000 3.3000 8 1.0000 0.0000 1.2370 -4.0000 4.0000 12.0000 0.0000 8.0000 -8.0000 0.7616 0.3111 0.4811 0.4226 0.5307 2.5072 1.8147 4.5663 
9.0000 47.0000 3.0000 2.0000 1.0000 3.3000 8 1.0000 0.0000 1.0010 12.0000 0.0000 -8.0000 4.0000 -4.0000 8.0000 0.5000 0.5000 0.5000 0.5000 0.5000 2.5000 1.9589 4.7092 
9.0000 12.0000 3.0000 -4.0000 0.0000 3.3000 2 -1.0000 1.0000 2.5020 2.0000 -10.0000 -14.0000 6.0000 -6.0000 -2.0000 0.5658 0.3392 0.5835 0.3043 0.7063 2.4990 1.8142 4.5582 
9.0000 4.0000 3.0000 -4.0000 1.0000 0.0000 2 -1.0000 0.0000 0.7030 2.0000 -10.0000 -14.0000 6.0000 -6.0000 -2.0000 0.5000 0.5000 0.5000 0.5000 0.5000 2.5000 1.9659 4.7259 
9.0000 50.0000 3.0000 2.0000 0.0000 -9.9000 8 1.0000 1.0000 0.5970 12.0000 4.0000 -4.0000 8.0000 -8.0000 0.0000 0.7492 0.4901 0.3605 0.5403 0.3671 2.5073 1.8468 4.6164 
9.0000 8.0000 3.0000 -4.0000 0.0000 -9.9000 8 1.0000 1.0000 0.9160 -10.0000 -2.0000 6.0000 -6.0000 2.0000 -14.0000 0.7318 0.3140 0.3952 0.6200 0.4370 2.4980 1.9626 4.7074 
9.0000 6.0000 3.0000 -4.0000 1.0000 6.6000 8 1.0000 0.0000 1.6560 -14.0000 -6.0000 2.0000 -10.0000 6.0000 -2.0000 0.5000 0.5000 0.5000 0.5000 0.5000 2.5000 1.7558 4.5091 
9.0000 39.0000 3.0000 0.0000 0.0000 0.0000 8 1.0000 0.0000 0.7870 10.0000 2.0000 -10.0000 6.0000 -6.0000 -2.0000 0.3851 0.4567 0.4955 0.4465 0.7180 2.5018 1.9545 4.7111 
9.0000 3.0000 3.0000 -4.0000 1.0000 -3.3000 8 1.0000 1.0000 0.5930 6.0000 -6.0000 -14.0000 -2.0000 -10.0000 2.0000 0.5000 0.5000 0.5000 0.5000 0.5000 2.5000 1.8686 4.6093 
9.0000 19.0000 3.0000 -2.0000 1.0000 3.3000 8 1.0000 0.0000 2.0290 8.0000 -4.0000 -8.0000 0.0000 -12.0000 4.0000 0.5000 0.5000 0.5000 0.5000 0.5000 2.5000 1.8147 4.5592 
9.0000 59.0000 3.0000 4.0000 1.0000 -3.3000 8 1.0000 1.0000 0.5840 6.0000 -2.0000 -6.0000 14.0000 2.0000 10.0000 0.5000 0.5000 0.5000 0.5000 0.5000 2.5000 1.8832 4.6260 
9.0000 42.0000 3.0000 0.0000 0.0000 9.9000 2 -1.0000 1.0000 0.6110 -10.0000 2.0000 10.0000 -2.0000 6.0000 -6.0000 0.3539 0.4605 0.7381 0.3514 0.5988 2.5027 1.8246 4.5618 
9.0000 22.0000 3.0000 -2.0000 0.0000 -9.9000 8 1.0000 1.0000 0.6730 -12.0000 0.0000 8.0000 -4.0000 4.0000 -8.0000 0.6234 0.5498 0.6321 0.3200 0.3713 2.4966 1.9728 4.7225 
9.0000 7.0000 3.0000 -4.0000 1.0000 9.9000 2 -1.0000 1.0000 0.6780 -14.0000 -2.0000 2.0000 -6.0000 6.0000 -10.0000 0.5000 0.5000 0.5000 0.5000 0.5000 2.5000 1.9209 4.6759 
9.0000 70.0000 3.0000 4.0000 0.0000 9.9000 2 -1.0000 1.0000 1.2670 -6.0000 6.0000 10.0000 2.0000 14.0000 -2.0000 0.4464 0.3669 0.5483 0.7030 0.4356 2.5003 1.9389 4.6928 
9.0000 5.0000 3.0000 -4.0000 1.0000 3.3000 8 1.0000 0.0000 1.0320 6.0000 -6.0000 -14.0000 -2.0000 -10.0000 2.0000 0.5000 0.5000 0.5000 0.5000 0.5000 2.5000 1.7708 4.5258 
9.0000 44.0000 3.0000 2.0000 1.0000 -6.6000 8 1.0000 1.0000 1.1510 -8.0000 4.0000 8.0000 0.0000 12.0000 -4.0000 0.5000 0.5000 0.5000 0.5000 0.5000 2.5000 1.9186 4.6760 
9.0000 16.0000 3.0000 -2.0000 1.0000 -6.6000 8 1.0000 1.0000 1.3410 -12.0000 0.0000 4.0000 -4.0000 8.0000 -8.0000 0.5000 0.5000 0.5000 0.5000 0.5000 2.5000 1.9919 4.7427 
9.0000 53.0000 3.0000 2.0000 0.0000 0.0000 8 1.0000 0.0000 1.5130 8.0000 0.0000 -8.0000 4.0000 -4.0000 12.0000 0.4139 0.3502 0.5723 0.4580 0.7124 2.5067 1.8923 4.6492 
9.0000 17.0000 3.0000 -2.0000 1.0000 -3.3000 8 1.0000 1.0000 1.0060 8.0000 0.0000 -8.0000 4.0000 -12.0000 -4.0000 0.5000 0.5000 0.5000 0.5000 0.5000 2.5000 1.9350 4.6759 
9.0000 60.0000 3.0000 4.0000 1.0000 0.0000 8 1.0000 0.0000 0.8020 14.0000 6.0000 -2.0000 10.0000 -6.0000 2.0000 0.5000 0.5000 0.5000 0.5000 0.5000 2.5000 1.8021 4.5425 
9.0000 14.0000 3.0000 -4.0000 0.0000 9.9000 2 -1.0000 1.0000 0.8600 6.0000 -2.0000 -14.0000 2.0000 -10.0000 -6.0000 0.3026 0.7849 0.3246 0.6838 0.4135 2.5094 1.8561 4.6186 
9.0000 9.0000 3.0000 -4.0000 0.0000 -6.6000 8 1.0000 1.0000 0.6170 6.0000 -6.0000 -14.0000 -2.0000 -10.0000 2.0000 0.7651 0.4847 0.4399 0.3001 0.5145 2.5043 1.9259 4.6803 
9.0000 13.0000 3.0000 -4.0000 0.0000 6.6000 8 1.0000 0.0000 1.3680 -14.0000 -2.0000 2.0000 -6.0000 6.0000 -10.0000 0.4399 0.3491 0.7807 0.3843 0.5505 2.5045 1.7648 4.5303 
9.0000 30.0000 3.0000 0.0000 1.0000 -6.6000 8 1.0000 1.0000 1.2070 -6.0000 2.0000 6.0000 -2.0000 10.0000 -10.0000 0.5000 0.5000 0.5000 0.5000 0.5000 2.5000 1.9685 4.7258 
9.0000 40.0000 3.0000 0.0000 0.0000 3.3000 2 -1.0000 1.0000 0.9670 6.0000 -2.0000 -10.0000 2.0000 -6.0000 10.0000 0.6098 0.3639 0.5778 0.3870 0.5640 2.5025 1.7561 4.5117 
9.0000 31.0000 3.0000 0.0000 1.0000 -3.3000 8 1.0000 1.0000 0.8010 -10.0000 2.0000 10.0000 -2.0000 6.0000 -6.0000 0.5000 0.5000 0.5000 0.5000 0.5000 2.5000 1.8755 4.6258 
9.0000 46.0000 3.0000 2.0000 1.0000 0.0000 8 1.0000 0.0000 1.1860 -8.0000 0.0000 12.0000 -4.0000 8.0000 4.0000 0.5000 0.5000 0.5000 0.5000 0.5000 2.5000 1.9197 4.6592 
9.0000 57.0000 3.0000 4.0000 1.0000 -9.9000 8 1.0000 1.0000 0.5700 10.0000 2.0000 -2.0000 6.0000 -6.0000 14.0000 0.5000 0.5000 0.5000 0.5000 0.5000 2.5000 1.7711 4.5091 
9.0000 66.0000 3.0000 4.0000 0.0000 -3.3000 8 1.0000 1.0000 0.6340 10.0000 2.0000 -2.0000 6.0000 -6.0000 14.0000 0.3764 0.6250 0.3309 0.6999 0.4772 2.5095 1.7934 4.5519 
9.0000 48.0000 3.0000 2.0000 1.0000 6.6000 8 1.0000 0.0000 0.7950 -4.0000 4.0000 12.0000 0.0000 8.0000 -8.0000 0.5000 0.5000 0.5000 0.5000 0.5000 2.5000 1.8305 4.5925 
9.0000 69.0000 3.0000 4.0000 0.0000 6.6000 8 1.0000 0.0000 2.3730 -2.0000 6.0000 10.0000 2.0000 14.0000 -6.0000 0.3579 0.5591 0.7400 0.4964 0.3514 2.5048 1.8795 4.6475 
9.0000 18.0000 3.0000 -2.0000 1.0000 0.0000 2 -1.0000 0.0000 0.5910 8.0000 -4.0000 -8.0000 0.0000 -12.0000 4.0000 0.5000 0.5000 0.5000 0.5000 0.5000 2.5000 1.8756 4.6259 
9.0000 63.0000 3.0000 4.0000 1.0000 9.9000 8 1.0000 0.0000 0.6320 10.0000 -2.0000 -6.0000 14.0000 2.0000 6.0000 0.5000 0.5000 0.5000 0.5000 0.5000 2.5000 1.9109 4.6592 
9.0000 10.0000 3.0000 -4.0000 0.0000 -3.3000 8 1.0000 1.0000 0.7670 6.0000 -6.0000 -10.0000 -2.0000 -14.0000 2.0000 0.4333 0.5794 0.3443 0.6158 0.5238 2.4966 1.9456 4.6894 
9.0000 1.0000 3.0000 -4.0000 1.0000 -9.9000 8 1.0000 1.0000 0.6490 6.0000 -2.0000 -14.0000 2.0000 -10.0000 -6.0000 0.5000 0.5000 0.5000 0.5000 0.5000 2.5000 1.9444 4.6926 
9.0000 51.0000 3.0000 2.0000 0.0000 -6.6000 8 1.0000 1.0000 0.4740 12.0000 4.0000 -4.0000 8.0000 -8.0000 0.0000 0.4522 0.7786 0.5503 0.4123 0.3084 2.5018 1.8846 4.6277 
9.0000 38.0000 3.0000 0.0000 0.0000 -3.3000 8 1.0000 1.0000 0.6290 6.0000 -6.0000 -10.0000 10.0000 -2.0000 2.0000 0.5321 0.4620 0.3072 0.5414 0.6644 2.5071 1.7519 4.4995 
9.0000 65.0000 3.0000 4.0000 0.0000 -6.6000 8 1.0000 1.0000 1.1220 -2.0000 10.0000 14.0000 -6.0000 6.0000 2.0000 0.3934 0.7314 0.3147 0.3733 0.6868 2.4997 1.8341 4.5757 
9.0000 25.0000 3.0000 -2.0000 0.0000 0.0000 8 1.0000 0.0000 0.5450 0.0000 -8.0000 -12.0000 8.0000 -4.0000 4.0000 0.5505 0.4375 0.4115 0.6285 0.4646 2.4927 1.8419 4.5685 
9.0000 27.0000 3.0000 -2.0000 0.0000 6.6000 2 -1.0000 1.0000 0.7980 -8.0000 0.0000 8.0000 -4.0000 4.0000 -12.0000 0.3563 0.6384 0.3752 0.6198 0.5086 2.4984 1.8713 4.6242 
9.0000 62.0000 3.0000 4.0000 1.0000 6.6000 2 -1.0000 1.0000 0.6450 2.0000 10.0000 14.0000 -6.0000 6.0000 -2.0000 0.5000 0.5000 0.5000 0.5000 0.5000 2.5000 1.7824 4.5426 
9.0000 20.0000 3.0000 -2.0000 1.0000 6.6000 2 -1.0000 1.0000 0.5430 -4.0000 4.0000 8.0000 -12.0000 0.0000 -8.0000 0.5000 0.5000 0.5000 0.5000 0.5000 2.5000 1.8062 4.5591 
9.0000 2.0000 3.0000 -4.0000 1.0000 -6.6000 2 -1.0000 0.0000 0.9190 2.0000 -10.0000 -14.0000 6.0000 -6.0000 -2.0000 0.5000 0.5000 0.5000 0.5000 0.5000 2.5000 1.9774 4.7259 
9.0000 56.0000 3.0000 2.0000 0.0000 9.9000 2 -1.0000 1.0000 0.6420 12.0000 0.0000 -4.0000 4.0000 -8.0000 8.0000 0.6333 0.4385 0.3571 0.7046 0.3683 2.5018 1.9865 4.7446 
9.0000 24.0000 3.0000 -2.0000 0.0000 -3.3000 8 1.0000 1.0000 0.6780 -12.0000 -4.0000 4.0000 -8.0000 8.0000 0.0000 0.7458 0.3018 0.3536 0.5860 0.5067 2.4940 1.7896 4.5365 
9.0000 41.0000 3.0000 0.0000 0.0000 6.6000 8 1.0000 0.0000 0.9870 10.0000 2.0000 -6.0000 6.0000 -10.0000 -2.0000 0.6486 0.4452 0.5958 0.4941 0.3070 2.4907 1.9127 4.6500 
9.0000 58.0000 3.0000 4.0000 1.0000 -6.6000 8 1.0000 1.0000 0.4710 14.0000 2.0000 -6.0000 6.0000 -2.0000 10.0000 0.5000 0.5000 0.5000 0.5000 0.5000 2.5000 1.8514 4.5927 
9.0000 36.0000 3.0000 0.0000 0.0000 -9.9000 8 1.0000 1.0000 0.5300 10.0000 -2.0000 -6.0000 2.0000 -10.0000 6.0000 0.5727 0.6486 0.4301 0.5435 0.3122 2.5072 1.8291 4.5831 
9.0000 61.0000 3.0000 4.0000 1.0000 3.3000 8 1.0000 0.0000 0.5880 14.0000 2.0000 -6.0000 6.0000 -2.0000 10.0000 0.5000 0.5000 0.5000 0.5000 0.5000 2.5000 1.7588 4.5093 
9.0000 29.0000 3.0000 0.0000 1.0000 -9.9000 8 1.0000 1.0000 0.5030 2.0000 -6.0000 -10.0000 10.0000 -2.0000 6.0000 0.5000 0.5000 0.5000 0.5000 0.5000 2.5000 1.8620 4.6258 
9.0000 33.0000 3.0000 0.0000 1.0000 3.3000 8 1.0000 0.0000 0.5620 6.0000 -2.0000 -10.0000 2.0000 -6.0000 10.0000 0.5000 0.5000 0.5000 0.5000 0.5000 2.5000 1.7880 4.5426 
9.0000 64.0000 3.0000 4.0000 0.0000 -9.9000 8 1.0000 1.0000 0.6660 10.0000 2.0000 -6.0000 6.0000 -2.0000 14.0000 0.4431 0.7065 0.3379 0.5811 0.4376 2.5062 1.8827 4.6487 
9.0000 67.0000 3.0000 4.0000 0.0000 0.0000 8 1.0000 0.0000 0.8900 14.0000 2.0000 -6.0000 6.0000 -2.0000 10.0000 0.4395 0.3281 0.3915 0.7668 0.5764 2.5023 1.9453 4.6950 
9.0000 32.0000 3.0000 0.0000 1.0000 0.0000 8 1.0000 0.0000 0.8590 -10.0000 -2.0000 10.0000 -6.0000 6.0000 2.0000 0.5000 0.5000 0.5000 0.5000 0.5000 2.5000 1.9710 4.7260 
9.0000 68.0000 3.0000 4.0000 0.0000 3.3000 2 -1.0000 1.0000 0.9950 14.0000 6.0000 -6.0000 10.0000 -2.0000 2.0000 0.5366 0.6066 0.5193 0.4882 0.3552 2.5059 1.8795 4.6318 
9.0000 28.0000 3.0000 -2.0000 0.0000 9.9000 2 -1.0000 1.0000 0.9880 8.0000 0.0000 -12.0000 4.0000 -8.0000 -4.0000 0.7236 0.4965 0.4069 0.3706 0.5001 2.4977 1.9079 4.6569 
9.0000 21.0000 3.0000 -2.0000 1.0000 9.9000 2 -1.0000 1.0000 0.8070 -12.0000 0.0000 4.0000 -4.0000 8.0000 -8.0000 0.5000 0.5000 0.5000 0.5000 0.5000 2.5000 1.8964 4.6425 
9.0000 26.0000 3.0000 -2.0000 0.0000 3.3000 8 1.0000 0.0000 1.5750 -12.0000 -4.0000 8.0000 -8.0000 4.0000 0.0000 0.5524 0.6652 0.3490 0.5468 0.3962 2.5097 1.9254 4.6856 
9.0000 15.0000 3.0000 -2.0000 1.0000 -9.9000 8 1.0000 1.0000 0.6000 -12.0000 0.0000 4.0000 -4.0000 8.0000 -8.0000 0.5000 0.5000 0.5000 0.5000 0.5000 2.5000 1.8778 4.6426 
9.0000 43.0000 3.0000 2.0000 1.0000 -9.9000 8 1.0000 1.0000 0.6940 8.0000 0.0000 -4.0000 4.0000 -8.0000 12.0000 0.5000 0.5000 0.5000 0.5000 0.5000 2.5000 1.8222 4.5760 
9.0000 23.0000 3.0000 -2.0000 0.0000 -6.6000 8 1.0000 1.0000 1.4730 -8.0000 0.0000 4.0000 -4.0000 8.0000 -12.0000 0.3080 0.3410 0.7669 0.3869 0.6995 2.5022 1.9331 4.6948 
9.0000 52.0000 3.0000 2.0000 0.0000 -3.3000 8 1.0000 1.0000 0.6830 0.0000 8.0000 12.0000 -8.0000 4.0000 -4.0000 0.3179 0.7723 0.3313 0.6597 0.4265 2.5077 1.9964 4.7504 
9.0000 37.0000 3.0000 0.0000 0.0000 -6.6000 8 1.0000 1.0000 0.7560 -6.0000 2.0000 10.0000 -2.0000 6.0000 -10.0000 0.6948 0.4329 0.5046 0.4599 0.4019 2.4940 1.8470 4.5866 
9.0000 49.0000 3.0000 2.0000 1.0000 9.9000 2 -1.0000 1.0000 0.5690 -4.0000 8.0000 12.0000 -8.0000 4.0000 0.0000 0.5000 0.5000 0.5000 0.5000 0.5000 2.5000 1.9005 4.6424 
9.0000 11.0000 3.0000 -4.0000 0.0000 0.0000 8 1.0000 0.0000 0.7450 6.0000 -2.0000 -14.0000 2.0000 -10.0000 -6.0000 0.3778 0.5823 0.7338 0.3759 0.4274 2.4971 1.9300 4.6729 
9.0000 55.0000 3.0000 2.0000 0.0000 6.6000 8 1.0000 0.0000 1.0380 -4.0000 4.0000 8.0000 0.0000 12.0000 -8.0000 0.4127 0.6568 0.4798 0.4283 0.5152 2.4929 1.8935 4.6356 
9.0000 35.0000 3.0000 0.0000 1.0000 9.9000 8 1.0000 0.0000 0.8220 -6.0000 2.0000 6.0000 -2.0000 10.0000 -10.0000 0.5000 0.5000 0.5000 0.5000 0.5000 2.5000 1.8969 4.6425 
9.0000 9.0000 4.0000 -4.0000 0.0000 -6.6000 8 1.0000 1.0000 0.5500 -2.0000 -10.0000 -14.0000 6.0000 -6.0000 2.0000 0.4928 0.5783 0.4365 0.3530 0.6380 2.4987 1.7936 4.5412 
9.0000 12.0000 4.0000 -4.0000 0.0000 3.3000 8 1.0000 0.0000 1.2670 -10.0000 -2.0000 2.0000 -6.0000 6.0000 -14.0000 0.6940 0.3756 0.4388 0.3943 0.5924 2.4951 1.8601 4.6209 
9.0000 51.0000 4.0000 2.0000 0.0000 -6.6000 8 1.0000 1.0000 0.4810 -8.0000 0.0000 12.0000 -4.0000 8.0000 4.0000 0.5920 0.4396 0.3403 0.7214 0.4125 2.5057 1.8875 4.6484 
9.0000 61.0000 4.0000 4.0000 1.0000 3.3000 8 1.0000 0.0000 0.8810 14.0000 6.0000 -2.0000 10.0000 -6.0000 2.0000 0.5000 0.5000 0.5000 0.5000 0.5000 2.5000 1.8365 4.5925 
9.0000 64.0000 4.0000 4.0000 0.0000 -9.9000 8 1.0000 1.0000 0.6210 14.0000 2.0000 -6.0000 6.0000 -2.0000 10.0000 0.3549 0.3275 0.7446 0.7710 0.3064 2.5045 1.7984 4.5471 
9.0000 53.0000 4.0000 2.0000 0.0000 0.0000 8 1.0000 0.0000 0.8500 8.0000 0.0000 -8.0000 4.0000 -4.0000 12.0000 0.6187 0.3817 0.5617 0.3777 0.5641 2.5038 1.9823 4.7298 
9.0000 38.0000 4.0000 0.0000 0.0000 -3.3000 8 1.0000 1.0000 0.7480 6.0000 -6.0000 -10.0000 10.0000 -2.0000 2.0000 0.5809 0.6584 0.4349 0.4690 0.3609 2.5042 1.8469 4.5967 
9.0000 46.0000 4.0000 2.0000 1.0000 0.0000 8 1.0000 0.0000 0.6850 12.0000 4.0000 -4.0000 8.0000 -8.0000 0.0000 0.5000 0.5000 0.5000 0.5000 0.5000 2.5000 1.7648 4.5093 
9.0000 58.0000 4.0000 4.0000 1.0000 -6.6000 8 1.0000 1.0000 1.1920 14.0000 2.0000 -2.0000 6.0000 -6.0000 10.0000 0.5000 0.5000 0.5000 0.5000 0.5000 2.5000 1.8074 4.5592 
9.0000 20.0000 4.0000 -2.0000 1.0000 6.6000 8 1.0000 0.0000 0.6960 -12.0000 0.0000 4.0000 -4.0000 8.0000 -8.0000 0.5000 0.5000 0.5000 0.5000 0.5000 2.5000 1.9115 4.6592 
9.0000 69.0000 4.0000 4.0000 0.0000 6.6000 2 -1.0000 1.0000 1.3740 -6.0000 2.0000 10.0000 -2.0000 14.0000 6.0000 0.4456 0.3784 0.5580 0.6958 0.4322 2.5100 1.8885 4.6525 
9.0000 31.0000 4.0000 0.0000 1.0000 -3.3000 8 1.0000 1.0000 0.7250 6.0000 -6.0000 -10.0000 10.0000 -2.0000 2.0000 0.5000 0.5000 0.5000 0.5000 0.5000 2.5000 1.9821 4.7426 
9.0000 37.0000 4.0000 0.0000 0.0000 -6.6000 8 1.0000 1.0000 0.7120 10.0000 2.0000 -6.0000 6.0000 -10.0000 -2.0000 0.5799 0.4327 0.3459 0.6923 0.4520 2.5027 1.9205 4.6787 
9.0000 67.0000 4.0000 4.0000 0.0000 0.0000 8 1.0000 0.0000 0.6670 14.0000 6.0000 -6.0000 10.0000 -2.0000 2.0000 0.7494 0.4686 0.5529 0.3133 0.4210 2.5052 1.9507 4.7145 
9.0000 63.0000 4.0000 4.0000 1.0000 9.9000 2 -1.0000 1.0000 0.8310 -2.0000 6.0000 14.0000 2.0000 10.0000 -6.0000 0.5000 0.5000 0.5000 0.5000 0.5000 2.5000 1.9854 4.7426 
9.0000 68.0000 4.0000 4.0000 0.0000 3.3000 2 -1.0000 1.0000 1.7490 -2.0000 6.0000 10.0000 2.0000 14.0000 -6.0000 0.3206 0.4175 0.6216 0.5537 0.5825 2.4959 1.9055 4.6551 
9.0000 50.0000 4.0000 2.0000 0.0000 -9.9000 8 1.0000 1.0000 0.6550 8.0000 0.0000 -4.0000 4.0000 -8.0000 12.0000 0.4324 0.7067 0.5223 0.3560 0.4765 2.4939 1.9557 4.7033 
9.0000 33.0000 4.0000 0.0000 1.0000 3.3000 8 1.0000 0.0000 1.4910 -10.0000 -2.0000 6.0000 -6.0000 10.0000 2.0000 0.5000 0.5000 0.5000 0.5000 0.5000 2.5000 1.9829 4.7259 
9.0000 56.0000 4.0000 2.0000 0.0000 9.9000 2 -1.0000 1.0000 0.9470 12.0000 4.0000 -8.0000 8.0000 -4.0000 0.0000 0.4488 0.6037 0.5035 0.3830 0.5689 2.5079 1.8957 4.6505 
9.0000 65.0000 4.0000 4.0000 0.0000 -6.6000 8 1.0000 1.0000 0.9690 14.0000 6.0000 -2.0000 10.0000 -6.0000 2.0000 0.3108 0.7809 0.5259 0.4688 0.4144 2.5008 1.9428 4.7102 
9.0000 43.0000 4.0000 2.0000 1.0000 -9.9000 8 1.0000 1.0000 0.5520 8.0000 -4.0000 -8.0000 12.0000 0.0000 4.0000 0.5000 0.5000 0.5000 0.5000 0.5000 2.5000 1.8376 4.5926 
9.0000 18.0000 4.0000 -2.0000 1.0000 0.0000 8 1.0000 0.0000 0.9590 -12.0000 0.0000 4.0000 -4.0000 8.0000 -8.0000 0.5000 0.5000 0.5000 0.5000 0.5000 2.5000 1.9523 4.7092 
9.0000 11.0000 4.0000 -4.0000 0.0000 0.0000 2 -1.0000 0.0000 1.2810 6.0000 -6.0000 -14.0000 -2.0000 -10.0000 2.0000 0.6954 0.3323 0.5488 0.3724 0.5455 2.4944 1.7565 4.5036 
9.0000 5.0000 4.0000 -4.0000 1.0000 3.3000 2 -1.0000 1.0000 0.8380 -6.0000 2.0000 6.0000 -14.0000 -2.0000 -10.0000 0.5000 0.5000 0.5000 0.5000 0.5000 2.5000 1.9299 4.6759 
9.0000 44.0000 4.0000 2.0000 1.0000 -6.6000 8 1.0000 1.0000 0.8330 4.0000 -4.0000 -8.0000 12.0000 0.0000 8.0000 0.5000 0.5000 0.5000 0.5000 0.5000 2.5000 1.9963 4.7427 
9.0000 40.0000 4.0000 0.0000 0.0000 3.3000 8 1.0000 0.0000 1.8910 -6.0000 2.0000 6.0000 -2.0000 10.0000 -10.0000 0.6092 0.4638 0.3659 0.4844 0.5852 2.5085 1.8871 4.6512 
9.0000 26.0000 4.0000 -2.0000 0.0000 3.3000 8 1.0000 0.0000 1.4800 -12.0000 0.0000 8.0000 -4.0000 4.0000 -8.0000 0.3141 0.5873 0.5044 0.4624 0.6317 2.4999 1.9151 4.6590 
9.0000 35.0000 4.0000 0.0000 1.0000 9.9000 2 -1.0000 1.0000 0.6850 -10.0000 -2.0000 10.0000 -6.0000 6.0000 2.0000 0.5000 0.5000 0.5000 0.5000 0.5000 2.5000 1.9060 4.6426 
9.0000 59.0000 4.0000 4.0000 1.0000 -3.3000 8 1.0000 1.0000 0.5690 10.0000 2.0000 -2.0000 6.0000 -6.0000 14.0000 0.5000 0.5000 0.5000 0.5000 0.5000 2.5000 1.9646 4.7261 
9.0000 24.0000 4.0000 -2.0000 0.0000 -3.3000 8 1.0000 1.0000 0.5130 -12.0000 -4.0000 4.0000 -8.0000 8.0000 0.0000 0.4124 0.3117 0.6280 0.6651 0.4799 2.4970 1.7684 4.5229 
9.0000 2.0000 4.0000 -4.0000 1.0000 -6.6000 8 1.0000 1.0000 0.7840 6.0000 -6.0000 -14.0000 -2.0000 -10.0000 2.0000 0.5000 0.5000 0.5000 0.5000 0.5000 2.5000 1.8014 4.5593 
9.0000 62.0000 4.0000 4.0000 1.0000 6.6000 2 -1.0000 1.0000 0.7160 6.0000 -2.0000 -6.0000 14.0000 2.0000 10.0000 0.5000 0.5000 0.5000 0.5000 0.5000 2.5000 1.9079 4.6594 
9.0000 21.0000 4.0000 -2.0000 1.0000 9.9000 2 -1.0000 1.0000 0.5260 -8.0000 4.0000 8.0000 -12.0000 0.0000 -4.0000 0.5000 0.5000 0.5000 0.5000 0.5000 2.5000 1.7610 4.5091 
9.0000 36.0000 4.0000 0.0000 0.0000 -9.9000 8 1.0000 1.0000 0.6200 -6.0000 2.0000 6.0000 -2.0000 10.0000 -10.0000 0.3354 0.6878 0.4477 0.5391 0.4808 2.4908 1.8249 4.5668 
9.0000 55.0000 4.0000 2.0000 0.0000 6.6000 2 -1.0000 1.0000 0.8850 12.0000 0.0000 -8.0000 4.0000 -4.0000 8.0000 0.7196 0.3688 0.7258 0.3740 0.3178 2.5061 1.8884 4.6487 
9.0000 29.0000 4.0000 0.0000 1.0000 -9.9000 8 1.0000 1.0000 0.5190 6.0000 -2.0000 -10.0000 2.0000 -6.0000 10.0000 0.5000 0.5000 0.5000 0.5000 0.5000 2.5000 1.8005 4.5425 
9.0000 3.0000 4.0000 -4.0000 1.0000 -3.3000 8 1.0000 1.0000 0.7470 -14.0000 -2.0000 2.0000 -6.0000 6.0000 -10.0000 0.5000 0.5000 0.5000 0.5000 0.5000 2.5000 1.9234 4.6758 
9.0000 13.0000 4.0000 -4.0000 0.0000 6.6000 2 -1.0000 1.0000 0.5950 -6.0000 2.0000 6.0000 -14.0000 -2.0000 -10.0000 0.6064 0.4198 0.3226 0.5074 0.6341 2.4903 1.8009 4.5329 
9.0000 27.0000 4.0000 -2.0000 0.0000 6.6000 2 -1.0000 1.0000 0.7380 8.0000 -4.0000 -12.0000 0.0000 -8.0000 4.0000 0.4333 0.4626 0.5458 0.7086 0.3491 2.4994 1.7709 4.5253 
9.0000 39.0000 4.0000 0.0000 0.0000 0.0000 8 1.0000 0.0000 0.9030 10.0000 -2.0000 -10.0000 2.0000 -6.0000 6.0000 0.3315 0.5780 0.5004 0.6471 0.4423 2.4994 1.8918 4.6419 
9.0000 8.0000 4.0000 -4.0000 0.0000 -9.9000 8 1.0000 1.0000 0.6180 -14.0000 -6.0000 2.0000 -10.0000 6.0000 -2.0000 0.5408 0.3477 0.7440 0.5065 0.3653 2.5044 1.9495 4.7136 
9.0000 6.0000 4.0000 -4.0000 1.0000 6.6000 8 1.0000 0.0000 1.5940 -14.0000 -2.0000 2.0000 -6.0000 6.0000 -10.0000 0.5000 0.5000 0.5000 0.5000 0.5000 2.5000 1.8845 4.6427 
9.0000 25.0000 4.0000 -2.0000 0.0000 0.0000 2 -1.0000 0.0000 1.2920 -8.0000 0.0000 8.0000 -4.0000 4.0000 -12.0000 0.5825 0.6076 0.4175 0.5101 0.3802 2.4979 1.8396 4.5906 
9.0000 60.0000 4.0000 4.0000 1.0000 0.0000 2 -1.0000 0.0000 0.6720 14.0000 2.0000 -2.0000 6.0000 -6.0000 10.0000 0.5000 0.5000 0.5000 0.5000 0.5000 2.5000 1.7605 4.5091 
9.0000 19.0000 4.0000 -2.0000 1.0000 3.3000 2 -1.0000 1.0000 1.2440 8.0000 0.0000 -12.0000 4.0000 -8.0000 -4.0000 0.5000 0.5000 0.5000 0.5000 0.5000 2.5000 1.9726 4.7260 
9.0000 4.0000 4.0000 -4.0000 1.0000 0.0000 8 1.0000 0.0000 0.7620 2.0000 -10.0000 -14.0000 6.0000 -6.0000 -2.0000 0.5000 0.5000 0.5000 0.5000 0.5000 2.5000 1.7509 4.4924 
9.0000 48.0000 4.0000 2.0000 1.0000 6.6000 8 1.0000 0.0000 1.6560 8.0000 0.0000 -4.0000 4.0000 -8.0000 12.0000 0.5000 0.5000 0.5000 0.5000 0.5000 2.5000 1.8783 4.6258 
9.0000 1.0000 4.0000 -4.0000 1.0000 -9.9000 8 1.0000 1.0000 0.4960 -2.0000 -10.0000 -14.0000 6.0000 -6.0000 2.0000 0.5000 0.5000 0.5000 0.5000 0.5000 2.5000 1.8469 4.6093 
9.0000 47.0000 4.0000 2.0000 1.0000 3.3000 2 -1.0000 1.0000 1.4840 8.0000 0.0000 -8.0000 4.0000 -4.0000 12.0000 0.5000 0.5000 0.5000 0.5000 0.5000 2.5000 1.9184 4.6759 
9.0000 52.0000 4.0000 2.0000 0.0000 -3.3000 8 1.0000 1.0000 0.8110 4.0000 -4.0000 -8.0000 12.0000 0.0000 8.0000 0.5632 0.7071 0.4230 0.4737 0.3377 2.5047 1.8211 4.5805 
9.0000 70.0000 4.0000 4.0000 0.0000 9.9000 2 -1.0000 1.0000 0.6180 14.0000 6.0000 -6.0000 10.0000 -2.0000 2.0000 0.7214 0.5742 0.3723 0.5218 0.3061 2.4958 1.9525 4.7049 
9.0000 49.0000 4.0000 2.0000 1.0000 9.9000 2 -1.0000 1.0000 0.6710 -4.0000 4.0000 8.0000 0.0000 12.0000 -8.0000 0.5000 0.5000 0.5000 0.5000 0.5000 2.5000 1.8033 4.5592 
9.0000 7.0000 4.0000 -4.0000 1.0000 9.9000 2 -1.0000 1.0000 0.4600 2.0000 -10.0000 -14.0000 6.0000 -6.0000 -2.0000 0.5000 0.5000 0.5000 0.5000 0.5000 2.5000 1.9293 4.6759 
9.0000 22.0000 4.0000 -2.0000 0.0000 -9.9000 8 1.0000 1.0000 0.7010 -8.0000 0.0000 8.0000 -4.0000 4.0000 -12.0000 0.6731 0.3246 0.4330 0.3654 0.6980 2.4941 1.8975 4.6366 
9.0000 32.0000 4.0000 0.0000 1.0000 0.0000 2 -1.0000 0.0000 0.6870 10.0000 2.0000 -6.0000 6.0000 -10.0000 -2.0000 0.5000 0.5000 0.5000 0.5000 0.5000 2.5000 1.9920 4.7426 
9.0000 66.0000 4.0000 4.0000 0.0000 -3.3000 8 1.0000 1.0000 1.2190 2.0000 10.0000 14.0000 -6.0000 6.0000 -2.0000 0.3037 0.4607 0.5603 0.6736 0.5072 2.5055 1.9827 4.7315 
9.0000 15.0000 4.0000 -2.0000 1.0000 -9.9000 8 1.0000 1.0000 0.4850 8.0000 -4.0000 -8.0000 0.0000 -12.0000 4.0000 0.5000 0.5000 0.5000 0.5000 0.5000 2.5000 1.8376 4.5760 
9.0000 57.0000 4.0000 4.0000 1.0000 -9.9000 8 1.0000 1.0000 0.4460 -6.0000 6.0000 14.0000 2.0000 10.0000 -2.0000 0.5000 0.5000 0.5000 0.5000 0.5000 2.5000 1.9958 4.7593 
9.0000 14.0000 4.0000 -4.0000 0.0000 9.9000 8 1.0000 0.0000 0.4640 -14.0000 -6.0000 6.0000 -10.0000 2.0000 -2.0000 0.4250 0.5341 0.4651 0.6493 0.4279 2.5013 1.8023 4.5604 
9.0000 34.0000 4.0000 0.0000 1.0000 6.6000 2 -1.0000 1.0000 0.6430 -6.0000 2.0000 6.0000 -2.0000 10.0000 -10.0000 0.5000 0.5000 0.5000 0.5000 0.5000 2.5000 1.8085 4.5591 
9.0000 28.0000 4.0000 -2.0000 0.0000 9.9000 2 -1.0000 1.0000 0.6260 -8.0000 4.0000 8.0000 -12.0000 0.0000 -4.0000 0.3742 0.6375 0.5730 0.4846 0.4343 2.5035 1.9022 4.6629 
9.0000 10.0000 4.0000 -4.0000 0.0000 -3.3000 8 1.0000 1.0000 1.2590 6.0000 -6.0000 -10.0000 -2.0000 -14.0000 2.0000 0.5775 0.3345 0.5585 0.4929 0.5403 2.5037 1.8980 4.6462 
9.0000 45.0000 4.0000 2.0000 1.0000 -3.3000 8 1.0000 1.0000 0.7830 8.0000 -4.0000 -8.0000 12.0000 0.0000 4.0000 0.5000 0.5000 0.5000 0.5000 0.5000 2.5000 1.7864 4.5424 
9.0000 30.0000 4.0000 0.0000 1.0000 -6.6000 8 1.0000 1.0000 0.9100 -6.0000 2.0000 6.0000 -2.0000 10.0000 -10.0000 0.5000 0.5000 0.5000 0.5000 0.5000 2.5000 1.8129 4.5593 
9.0000 42.0000 4.0000 0.0000 0.0000 9.9000 2 -1.0000 1.0000 0.6600 -10.0000 2.0000 6.0000 -2.0000 10.0000 -6.0000 0.4665 0.3014 0.4557 0.5961 0.6724 2.4922 1.9179 4.6514 
9.0000 23.0000 4.0000 -2.0000 0.0000 -6.6000 8 1.0000 1.0000 0.5670 8.0000 -4.0000 -12.0000 0.0000 -8.0000 4.0000 0.5897 0.5182 0.3567 0.6529 0.3921 2.5095 1.7835 4.5355 
9.0000 54.0000 4.0000 2.0000 0.0000 3.3000 8 1.0000 0.0000 0.8620 12.0000 0.0000 -8.0000 4.0000 -4.0000 8.0000 0.3237 0.6493 0.3877 0.4916 0.6577 2.5100 1.7907 4.5524 
9.0000 16.0000 4.0000 -2.0000 1.0000 -6.6000 8 1.0000 1.0000 0.5700 8.0000 -4.0000 -12.0000 0.0000 -8.0000 4.0000 0.5000 0.5000 0.5000 0.5000 0.5000 2.5000 1.9585 4.7094 
9.0000 17.0000 4.0000 -2.0000 1.0000 -3.3000 8 1.0000 1.0000 0.5170 8.0000 -4.0000 -12.0000 0.0000 -8.0000 4.0000 0.5000 0.5000 0.5000 0.5000 0.5000 2.5000 1.8906 4.6427 
9.0000 41.0000 4.0000 0.0000 0.0000 6.6000 8 1.0000 0.0000 1.2430 6.0000 -6.0000 -10.0000 10.0000 -2.0000 2.0000 0.3717 0.6214 0.5911 0.3504 0.5655 2.5001 1.8423 4.5927 
9.0000 30.0000 5.0000 0.0000 1.0000 -6.6000 8 1.0000 1.0000 0.4680 -2.0000 6.0000 10.0000 -10.0000 2.0000 -6.0000 0.5000 0.5000 0.5000 0.5000 0.5000 2.5000 1.7700 4.5092 
9.0000 70.0000 5.0000 4.0000 0.0000 9.9000 8 1.0000 0.0000 1.5680 6.0000 -2.0000 -6.0000 14.0000 2.0000 10.0000 0.6303 0.3118 0.5509 0.6887 0.3279 2.5097 1.7890 4.5356 
9.0000 23.0000 5.0000 -2.0000 0.0000 -6.6000 8 1.0000 1.0000 0.8390 -12.0000 0.0000 4.0000 -4.0000 8.0000 -8.0000 0.7794 0.3160 0.5973 0.4318 0.3660 2.4906 1.7770 4.5165 
9.0000 18.0000 5.0000 -2.0000 1.0000 0.0000 2 -1.0000 0.0000 0.6710 -8.0000 4.0000 8.0000 -12.0000 0.0000 -4.0000 0.5000 0.5000 0.5000 0.5000 0.5000 2.5000 1.8769 4.6426 
9.0000 17.0000 5.0000 -2.0000 1.0000 -3.3000 8 1.0000 1.0000 0.6640 -8.0000 0.0000 8.0000 -4.0000 4.0000 -12.0000 0.5000 0.5000 0.5000 0.5000 0.5000 2.5000 1.8654 4.6260 
9.0000 62.0000 5.0000 4.0000 1.0000 6.6000 8 1.0000 0.0000 0.8910 10.0000 -2.0000 -6.0000 14.0000 2.0000 6.0000 0.5000 0.5000 0.5000 0.5000 0.5000 2.5000 1.7541 4.5091 
9.0000 63.0000 5.0000 4.0000 1.0000 9.9000 2 -1.0000 1.0000 0.8310 2.0000 10.0000 14.0000 -6.0000 6.0000 -2.0000 0.5000 0.5000 0.5000 0.5000 0.5000 2.5000 1.9240 4.6760 
9.0000 37.0000 5.0000 0.0000 0.0000 -6.6000 8 1.0000 1.0000 0.6840 6.0000 -6.0000 -10.0000 10.0000 -2.0000 2.0000 0.4487 0.6073 0.4521 0.6266 0.3679 2.5027 1.8357 4.5954 
9.0000 50.0000 5.0000 2.0000 0.0000 -9.9000 8 1.0000 1.0000 0.4740 12.0000 0.0000 -4.0000 4.0000 -8.0000 8.0000 0.3483 0.3216 0.7576 0.4501 0.6189 2.4965 1.9121 4.6559 
9.0000 12.0000 5.0000 -4.0000 0.0000 3.3000 8 1.0000 0.0000 0.7170 6.0000 -2.0000 -10.0000 2.0000 -14.0000 -6.0000 0.3989 0.6798 0.4611 0.5541 0.4048 2.4987 1.7811 4.5246 
9.0000 16.0000 5.0000 -2.0000 1.0000 -6.6000 8 1.0000 1.0000 0.9540 -12.0000 -4.0000 4.0000 -8.0000 8.0000 0.0000 0.5000 0.5000 0.5000 0.5000 0.5000 2.5000 1.8652 4.6093 
9.0000 33.0000 5.0000 0.0000 1.0000 3.3000 2 -1.0000 1.0000 1.2370 10.0000 -2.0000 -10.0000 2.0000 -6.0000 6.0000 0.5000 0.5000 0.5000 0.5000 0.5000 2.5000 1.9513 4.6924 
9.0000 66.0000 5.0000 4.0000 0.0000 -3.3000 2 -1.0000 0.0000 1.0660 -2.0000 6.0000 10.0000 2.0000 14.0000 -6.0000 0.4483 0.3958 0.5412 0.6833 0.4364 2.5050 1.7898 4.5308 
9.0000 67.0000 5.0000 4.0000 0.0000 0.0000 2 -1.0000 0.0000 0.6610 -6.0000 2.0000 10.0000 -2.0000 14.0000 6.0000 0.4099 0.6010 0.7032 0.3684 0.4269 2.5094 1.9529 4.7187 
9.0000 47.0000 5.0000 2.0000 1.0000 3.3000 2 -1.0000 1.0000 0.5480 -4.0000 4.0000 8.0000 0.0000 12.0000 -8.0000 0.5000 0.5000 0.5000 0.5000 0.5000 2.5000 1.8784 4.6258 
9.0000 28.0000 5.0000 -2.0000 0.0000 9.9000 2 -1.0000 1.0000 0.6140 8.0000 -4.0000 -12.0000 0.0000 -8.0000 4.0000 0.4096 0.5538 0.6321 0.4969 0.4054 2.4977 1.9289 4.6736 
9.0000 3.0000 5.0000 -4.0000 1.0000 -3.3000 8 1.0000 1.0000 1.0700 -14.0000 -2.0000 2.0000 -6.0000 6.0000 -10.0000 0.5000 0.5000 0.5000 0.5000 0.5000 2.5000 1.7589 4.5091 
9.0000 36.0000 5.0000 0.0000 0.0000 -9.9000 8 1.0000 1.0000 0.6110 6.0000 -6.0000 -10.0000 10.0000 -2.0000 2.0000 0.6731 0.4588 0.4030 0.4399 0.5276 2.5024 1.9151 4.6616 
9.0000 39.0000 5.0000 0.0000 0.0000 0.0000 8 1.0000 0.0000 0.6430 -10.0000 -2.0000 6.0000 -6.0000 10.0000 2.0000 0.3786 0.6928 0.3473 0.5960 0.4941 2.5087 1.9225 4.6848 
9.0000 26.0000 5.0000 -2.0000 0.0000 3.3000 2 -1.0000 1.0000 0.9190 -8.0000 0.0000 4.0000 -4.0000 8.0000 -12.0000 0.5240 0.3245 0.6498 0.3063 0.6925 2.4972 1.8609 4.6064 
9.0000 40.0000 5.0000 0.0000 0.0000 3.3000 2 -1.0000 1.0000 1.7020 -10.0000 2.0000 6.0000 -2.0000 10.0000 -6.0000 0.5698 0.4904 0.5434 0.3216 0.5830 2.5082 1.8550 4.6009 
9.0000 10.0000 5.0000 -4.0000 0.0000 -3.3000 8 1.0000 1.0000 0.6900 -10.0000 2.0000 6.0000 -14.0000 -2.0000 -6.0000 0.3847 0.6458 0.5432 0.5111 0.4231 2.5079 1.8714 4.6171 
9.0000 54.0000 5.0000 2.0000 0.0000 3.3000 8 1.0000 0.0000 2.0920 -8.0000 4.0000 8.0000 0.0000 12.0000 -4.0000 0.3582 0.6265 0.4240 0.7851 0.3048 2.4986 1.9820 4.7413 
9.0000 68.0000 5.0000 4.0000 0.0000 3.3000 2 -1.0000 1.0000 2.9530 14.0000 2.0000 -2.0000 6.0000 -6.0000 10.0000 0.3479 0.5698 0.4073 0.7660 0.3992 2.4902 1.8892 4.6328 
9.0000 45.0000 5.0000 2.0000 1.0000 -3.3000 8 1.0000 1.0000 1.0590 8.0000 0.0000 -4.0000 4.0000 -8.0000 12.0000 0.5000 0.5000 0.5000 0.5000 0.5000 2.5000 1.9278 4.6759 
9.0000 5.0000 5.0000 -4.0000 1.0000 3.3000 2 -1.0000 1.0000 1.4930 6.0000 -2.0000 -10.0000 2.0000 -14.0000 -6.0000 0.5000 0.5000 0.5000 0.5000 0.5000 2.5000 1.9996 4.7426 
9.0000 55.0000 5.0000 2.0000 0.0000 6.6000 8 1.0000 0.0000 1.8730 -8.0000 0.0000 8.0000 -4.0000 12.0000 4.0000 0.3952 0.3678 0.5971 0.4263 0.7227 2.5092 1.7562 4.5182 
9.0000 65.0000 5.0000 4.0000 0.0000 -6.6000 8 1.0000 1.0000 0.6810 14.0000 6.0000 -6.0000 10.0000 -2.0000 2.0000 0.6089 0.5266 0.4667 0.3505 0.5558 2.5084 1.8762 4.6343 
9.0000 69.0000 5.0000 4.0000 0.0000 6.6000 8 1.0000 0.0000 1.2550 -2.0000 6.0000 10.0000 2.0000 14.0000 -6.0000 0.4040 0.6970 0.3339 0.4757 0.5832 2.4937 1.8821 4.6195 
9.0000 8.0000 5.0000 -4.0000 0.0000 -9.9000 8 1.0000 1.0000 0.7260 -10.0000 -2.0000 2.0000 -6.0000 6.0000 -14.0000 0.3230 0.5050 0.7603 0.5926 0.3290 2.5099 1.9163 4.6693 
9.0000 53.0000 5.0000 2.0000 0.0000 0.0000 8 1.0000 0.0000 0.6980 8.0000 0.0000 -8.0000 4.0000 -4.0000 12.0000 0.5171 0.4404 0.3533 0.5824 0.6139 2.5071 1.9245 4.6830 
9.0000 48.0000 5.0000 2.0000 1.0000 6.6000 2 -1.0000 1.0000 0.6610 8.0000 0.0000 -8.0000 4.0000 -4.0000 12.0000 0.5000 0.5000 0.5000 0.5000 0.5000 2.5000 1.9326 4.6926 
9.0000 34.0000 5.0000 0.0000 1.0000 6.6000 2 -1.0000 1.0000 0.7100 6.0000 -2.0000 -10.0000 2.0000 -6.0000 10.0000 0.5000 0.5000 0.5000 0.5000 0.5000 2.5000 1.8678 4.6259 
9.0000 52.0000 5.0000 2.0000 0.0000 -3.3000 8 1.0000 1.0000 1.0260 0.0000 8.0000 12.0000 -8.0000 4.0000 -4.0000 0.5640 0.4002 0.3088 0.5613 0.6602 2.4944 1.8820 4.6370 
9.0000 1.0000 5.0000 -4.0000 1.0000 -9.9000 8 1.0000 1.0000 0.6230 -10.0000 -2.0000 6.0000 -6.0000 2.0000 -14.0000 0.5000 0.5000 0.5000 0.5000 0.5000 2.5000 1.9498 4.7093 
9.0000 21.0000 5.0000 -2.0000 1.0000 9.9000 2 -1.0000 1.0000 0.5670 -8.0000 0.0000 4.0000 -4.0000 8.0000 -12.0000 0.5000 0.5000 0.5000 0.5000 0.5000 2.5000 1.9058 4.6592 
9.0000 19.0000 5.0000 -2.0000 1.0000 3.3000 2 -1.0000 1.0000 1.0800 8.0000 -4.0000 -8.0000 0.0000 -12.0000 4.0000 0.5000 0.5000 0.5000 0.5000 0.5000 2.5000 1.7537 4.5092 
9.0000 20.0000 5.0000 -2.0000 1.0000 6.6000 2 -1.0000 1.0000 0.6980 4.0000 -4.0000 -8.0000 0.0000 -12.0000 8.0000 0.5000 0.5000 0.5000 0.5000 0.5000 2.5000 1.8147 4.5593 
9.0000 4.0000 5.0000 -4.0000 1.0000 0.0000 8 1.0000 0.0000 0.9720 2.0000 -10.0000 -14.0000 6.0000 -6.0000 -2.0000 0.5000 0.5000 0.5000 0.5000 0.5000 2.5000 1.8049 4.5425 
9.0000 57.0000 5.0000 4.0000 1.0000 -9.9000 8 1.0000 1.0000 0.5590 2.0000 10.0000 14.0000 -6.0000 6.0000 -2.0000 0.5000 0.5000 0.5000 0.5000 0.5000 2.5000 1.9032 4.6425 
9.0000 43.0000 5.0000 2.0000 1.0000 -9.9000 8 1.0000 1.0000 0.4620 -4.0000 4.0000 12.0000 0.0000 8.0000 -8.0000 0.5000 0.5000 0.5000 0.5000 0.5000 2.5000 1.7672 4.5258 
9.0000 27.0000 5.0000 -2.0000 0.0000 6.6000 8 1.0000 0.0000 1.1230 8.0000 0.0000 -8.0000 4.0000 -12.0000 -4.0000 0.3844 0.6378 0.4631 0.3661 0.6553 2.5067 1.9652 4.7326 
9.0000 11.0000 5.0000 -4.0000 0.0000 0.0000 2 -1.0000 0.0000 1.1450 -6.0000 2.0000 6.0000 -14.0000 -2.0000 -10.0000 0.4184 0.3132 0.6606 0.3179 0.7880 2.4982 1.9978 4.7573 
9.0000 7.0000 5.0000 -4.0000 1.0000 9.9000 2 -1.0000 1.0000 0.8020 -10.0000 -2.0000 6.0000 -6.0000 2.0000 -14.0000 0.5000 0.5000 0.5000 0.5000 0.5000 2.5000 1.9717 4.7258 
9.0000 2.0000 5.0000 -4.0000 1.0000 -6.6000 2 -1.0000 0.0000 0.9220 -10.0000 -2.0000 2.0000 -6.0000 6.0000 -14.0000 0.5000 0.5000 0.5000 0.5000 0.5000 2.5000 1.9480 4.6927 
9.0000 31.0000 5.0000 0.0000 1.0000 -3.3000 8 1.0000 1.0000 0.6060 10.0000 -2.0000 -6.0000 2.0000 -10.0000 6.0000 0.5000 0.5000 0.5000 0.5000 0.5000 2.5000 1.8921 4.6426 
9.0000 51.0000 5.0000 2.0000 0.0000 -6.6000 8 1.0000 1.0000 0.5610 -4.0000 4.0000 8.0000 0.0000 12.0000 -8.0000 0.6086 0.4966 0.4332 0.3123 0.6512 2.5018 1.8590 4.6110 
9.0000 15.0000 5.0000 -2.0000 1.0000 -9.9000 8 1.0000 1.0000 0.4900 8.0000 -4.0000 -8.0000 0.0000 -12.0000 4.0000 0.5000 0.5000 0.5000 0.5000 0.5000 2.5000 1.7644 4.5093 
9.0000 60.0000 5.0000 4.0000 1.0000 0.0000 8 1.0000 0.0000 1.0470 2.0000 10.0000 14.0000 -6.0000 6.0000 -2.0000 0.5000 0.5000 0.5000 0.5000 0.5000 2.5000 1.7721 4.5091 
9.0000 49.0000 5.0000 2.0000 1.0000 9.9000 2 -1.0000 1.0000 0.8850 8.0000 0.0000 -4.0000 4.0000 -8.0000 12.0000 0.5000 0.5000 0.5000 0.5000 0.5000 2.5000 1.9309 4.6925 
9.0000 9.0000 5.0000 -4.0000 0.0000 -6.6000 8 1.0000 1.0000 0.6150 6.0000 -2.0000 -14.0000 2.0000 -10.0000 -6.0000 0.3668 0.7301 0.3475 0.7210 0.3353 2.5007 1.9330 4.6931 
9.0000 56.0000 5.0000 2.0000 0.0000 9.9000 2 -1.0000 1.0000 0.6030 -8.0000 0.0000 12.0000 -4.0000 8.0000 4.0000 0.3172 0.3670 0.6355 0.6825 0.4893 2.4914 1.8041 4.5506 
9.0000 22.0000 5.0000 -2.0000 0.0000 -9.9000 8 1.0000 1.0000 0.5870 -8.0000 0.0000 4.0000 -4.0000 8.0000 -12.0000 0.4310 0.5480 0.4452 0.6817 0.3883 2.4942 1.7807 4.5199 
9.0000 24.0000 5.0000 -2.0000 0.0000 -3.3000 8 1.0000 1.0000 0.7290 -8.0000 0.0000 4.0000 -4.0000 8.0000 -12.0000 0.3866 0.5815 0.4997 0.3385 0.6879 2.4942 1.9729 4.7200 
9.0000 38.0000 5.0000 0.0000 0.0000 -3.3000 8 1.0000 1.0000 0.9120 10.0000 2.0000 -6.0000 6.0000 -10.0000 -2.0000 0.5752 0.3977 0.7848 0.4093 0.3285 2.4954 1.8247 4.5713 
9.0000 14.0000 5.0000 -4.0000 0.0000 9.9000 2 -1.0000 1.0000 0.5430 2.0000 -10.0000 -14.0000 6.0000 -6.0000 -2.0000 0.3837 0.5890 0.5004 0.6137 0.4099 2.4967 1.8505 4.5892 
9.0000 25.0000 5.0000 -2.0000 0.0000 0.0000 2 -1.0000 0.0000 0.6410 -8.0000 4.0000 8.0000 -12.0000 0.0000 -4.0000 0.4248 0.5858 0.6428 0.5460 0.3066 2.5060 1.8079 4.5652 
9.0000 41.0000 5.0000 0.0000 0.0000 6.6000 2 -1.0000 1.0000 1.2350 10.0000 -2.0000 -10.0000 2.0000 -6.0000 6.0000 0.7475 0.4752 0.3049 0.5354 0.4330 2.4960 1.8602 4.6053 
9.0000 46.0000 5.0000 2.0000 1.0000 0.0000 8 1.0000 0.0000 0.6320 -8.0000 0.0000 8.0000 -4.0000 12.0000 4.0000 0.5000 0.5000 0.5000 0.5000 0.5000 2.5000 1.7538 4.4925 
9.0000 44.0000 5.0000 2.0000 1.0000 -6.6000 8 1.0000 1.0000 0.5960 0.0000 8.0000 12.0000 -8.0000 4.0000 -4.0000 0.5000 0.5000 0.5000 0.5000 0.5000 2.5000 1.9818 4.7425 
9.0000 35.0000 5.0000 0.0000 1.0000 9.9000 2 -1.0000 1.0000 0.5410 -2.0000 6.0000 10.0000 -10.0000 2.0000 -6.0000 0.5000 0.5000 0.5000 0.5000 0.5000 2.5000 1.9195 4.6760 
9.0000 58.0000 5.0000 4.0000 1.0000 -6.6000 8 1.0000 1.0000 0.4550 6.0000 -2.0000 -6.0000 14.0000 2.0000 10.0000 0.5000 0.5000 0.5000 0.5000 0.5000 2.5000 1.9452 4.6926 
9.0000 6.0000 5.0000 -4.0000 1.0000 6.6000 2 -1.0000 1.0000 1.3240 -2.0000 -10.0000 -14.0000 6.0000 -6.0000 2.0000 0.5000 0.5000 0.5000 0.5000 0.5000 2.5000 1.9985 4.7593 
9.0000 61.0000 5.0000 4.0000 1.0000 3.3000 8 1.0000 0.0000 2.3330 14.0000 2.0000 -6.0000 6.0000 -2.0000 10.0000 0.5000 0.5000 0.5000 0.5000 0.5000 2.5000 1.9281 4.6759 
9.0000 13.0000 5.0000 -4.0000 0.0000 6.6000 2 -1.0000 1.0000 0.8960 6.0000 -2.0000 -10.0000 2.0000 -14.0000 -6.0000 0.7011 0.5552 0.5944 0.3039 0.3496 2.5041 1.9294 4.6802 
9.0000 32.0000 5.0000 0.0000 1.0000 0.0000 2 -1.0000 0.0000 1.0760 6.0000 -2.0000 -10.0000 2.0000 -6.0000 10.0000 0.5000 0.5000 0.5000 0.5000 0.5000 2.5000 1.9408 4.6925 
9.0000 29.0000 5.0000 0.0000 1.0000 -9.9000 8 1.0000 1.0000 0.7170 -6.0000 2.0000 6.0000 -2.0000 10.0000 -10.0000 0.5000 0.5000 0.5000 0.5000 0.5000 2.5000 1.8713 4.6092 
9.0000 42.0000 5.0000 0.0000 0.0000 9.9000 2 -1.0000 1.0000 1.2630 6.0000 -2.0000 -6.0000 2.0000 -10.0000 10.0000 0.7582 0.4229 0.3582 0.3101 0.6498 2.4992 1.9668 4.7084 
9.0000 59.0000 5.0000 4.0000 1.0000 -3.3000 8 1.0000 1.0000 0.5390 -2.0000 10.0000 14.0000 -6.0000 6.0000 2.0000 0.5000 0.5000 0.5000 0.5000 0.5000 2.5000 1.9862 4.7425 
9.0000 64.0000 5.0000 4.0000 0.0000 -9.9000 8 1.0000 1.0000 0.5210 14.0000 6.0000 -6.0000 10.0000 -2.0000 2.0000 0.6118 0.4083 0.3168 0.4584 0.7051 2.5004 1.7831 4.5429 
9.0000 22.0000 6.0000 -2.0000 0.0000 -9.9000 8 1.0000 1.0000 0.4030 -4.0000 4.0000 8.0000 -12.0000 0.0000 -8.0000 0.7769 0.4372 0.4885 0.3312 0.4704 2.5042 1.7863 4.5466 
9.0000 8.0000 6.0000 -4.0000 0.0000 -9.9000 8 1.0000 1.0000 0.4800 2.0000 -6.0000 -14.0000 -2.0000 -10.0000 6.0000 0.3859 0.7463 0.5016 0.5582 0.3122 2.5042 1.8529 4.6133 
9.0000 65.0000 6.0000 4.0000 0.0000 -6.6000 2 -1.0000 0.0000 0.5440 2.0000 10.0000 14.0000 -6.0000 6.0000 -2.0000 0.5567 0.4398 0.6912 0.5082 0.3061 2.5021 1.8061 4.5614 
9.0000 20.0000 6.0000 -2.0000 1.0000 6.6000 2 -1.0000 1.0000 0.5220 -8.0000 0.0000 8.0000 -4.0000 4.0000 -12.0000 0.5000 0.5000 0.5000 0.5000 0.5000 2.5000 1.7786 4.5258 
9.0000 34.0000 6.0000 0.0000 1.0000 6.6000 2 -1.0000 1.0000 1.2680 6.0000 -2.0000 -6.0000 2.0000 -10.0000 10.0000 0.5000 0.5000 0.5000 0.5000 0.5000 2.5000 1.7600 4.5093 
9.0000 13.0000 6.0000 -4.0000 0.0000 6.6000 8 1.0000 0.0000 1.7690 -14.0000 -6.0000 2.0000 -10.0000 6.0000 -2.0000 0.7288 0.5084 0.3077 0.5480 0.3972 2.4901 1.9614 4.6993 
9.0000 28.0000 6.0000 -2.0000 0.0000 9.9000 2 -1.0000 1.0000 0.8200 4.0000 -8.0000 -12.0000 8.0000 -4.0000 0.0000 0.4933 0.5209 0.7196 0.3564 0.4192 2.5095 1.8422 4.6020 
9.0000 6.0000 6.0000 -4.0000 1.0000 6.6000 8 1.0000 0.0000 0.9370 2.0000 -6.0000 -14.0000 -2.0000 -10.0000 6.0000 0.5000 0.5000 0.5000 0.5000 0.5000 2.5000 1.7718 4.5259 
9.0000 61.0000 6.0000 4.0000 1.0000 3.3000 8 1.0000 0.0000 0.6910 -2.0000 6.0000 10.0000 2.0000 14.0000 -6.0000 0.5000 0.5000 0.5000 0.5000 0.5000 2.5000 1.7514 4.5092 
9.0000 15.0000 6.0000 -2.0000 1.0000 -9.9000 8 1.0000 1.0000 0.4330 8.0000 -4.0000 -12.0000 0.0000 -8.0000 4.0000 0.5000 0.5000 0.5000 0.5000 0.5000 2.5000 1.8884 4.6425 
9.0000 3.0000 6.0000 -4.0000 1.0000 -3.3000 8 1.0000 1.0000 0.4460 -2.0000 -10.0000 -14.0000 6.0000 -6.0000 2.0000 0.5000 0.5000 0.5000 0.5000 0.5000 2.5000 1.7920 4.5424 
9.0000 62.0000 6.0000 4.0000 1.0000 6.6000 2 -1.0000 1.0000 0.8560 -2.0000 6.0000 10.0000 2.0000 14.0000 -6.0000 0.5000 0.5000 0.5000 0.5000 0.5000 2.5000 1.8746 4.6259 
9.0000 53.0000 6.0000 2.0000 0.0000 0.0000 8 1.0000 0.0000 1.2480 8.0000 0.0000 -4.0000 4.0000 -8.0000 12.0000 0.5296 0.6258 0.3422 0.6943 0.3143 2.5062 1.8470 4.5987 
9.0000 68.0000 6.0000 4.0000 0.0000 3.3000 8 1.0000 0.0000 0.6190 -6.0000 2.0000 10.0000 -2.0000 14.0000 6.0000 0.5557 0.4616 0.4135 0.3410 0.7371 2.5089 1.9951 4.7515 
9.0000 47.0000 6.0000 2.0000 1.0000 3.3000 8 1.0000 0.0000 1.0510 8.0000 0.0000 -8.0000 4.0000 -4.0000 12.0000 0.5000 0.5000 0.5000 0.5000 0.5000 2.5000 1.9844 4.7258 
9.0000 54.0000 6.0000 2.0000 0.0000 3.3000 8 1.0000 0.0000 0.7510 4.0000 -4.0000 -8.0000 12.0000 0.0000 8.0000 0.5668 0.3541 0.5183 0.4209 0.6322 2.4922 1.9225 4.6682 
9.0000 44.0000 6.0000 2.0000 1.0000 -6.6000 8 1.0000 1.0000 0.5280 8.0000 0.0000 -8.0000 4.0000 -4.0000 12.0000 0.5000 0.5000 0.5000 0.5000 0.5000 2.5000 1.7644 4.5258 
9.0000 24.0000 6.0000 -2.0000 0.0000 -3.3000 2 -1.0000 0.0000 1.6680 -12.0000 -4.0000 4.0000 -8.0000 8.0000 0.0000 0.6173 0.6918 0.3648 0.5018 0.3307 2.5064 1.8633 4.6324 
9.0000 48.0000 6.0000 2.0000 1.0000 6.6000 8 1.0000 0.0000 0.7620 12.0000 4.0000 -8.0000 8.0000 -4.0000 0.0000 0.5000 0.5000 0.5000 0.5000 0.5000 2.5000 1.9433 4.6925 
9.0000 57.0000 6.0000 4.0000 1.0000 -9.9000 8 1.0000 1.0000 0.5010 14.0000 6.0000 -2.0000 10.0000 -6.0000 2.0000 0.5000 0.5000 0.5000 0.5000 0.5000 2.5000 1.9270 4.6759 
9.0000 64.0000 6.0000 4.0000 0.0000 -9.9000 8 1.0000 1.0000 0.6280 -2.0000 6.0000 10.0000 2.0000 14.0000 -6.0000 0.3994 0.3472 0.7346 0.4833 0.5431 2.5076 1.8486 4.6001 
9.0000 46.0000 6.0000 2.0000 1.0000 0.0000 2 -1.0000 0.0000 0.7370 0.0000 8.0000 12.0000 -8.0000 4.0000 -4.0000 0.5000 0.5000 0.5000 0.5000 0.5000 2.5000 1.9489 4.6927 
9.0000 7.0000 6.0000 -4.0000 1.0000 9.9000 2 -1.0000 1.0000 0.5170 -14.0000 -6.0000 6.0000 -10.0000 2.0000 -2.0000 0.5000 0.5000 0.5000 0.5000 0.5000 2.5000 1.9019 4.6425 
9.0000 41.0000 6.0000 0.0000 0.0000 6.6000 2 -1.0000 1.0000 0.5430 -10.0000 2.0000 6.0000 -2.0000 10.0000 -6.0000 0.3624 0.4520 0.7425 0.5572 0.3839 2.4980 1.7990 4.5404 
9.0000 31.0000 6.0000 0.0000 1.0000 -3.3000 8 1.0000 1.0000 0.8700 -6.0000 2.0000 6.0000 -2.0000 10.0000 -10.0000 0.5000 0.5000 0.5000 0.5000 0.5000 2.5000 1.8607 4.6092 
9.0000 70.0000 6.0000 4.0000 0.0000 9.9000 2 -1.0000 1.0000 0.5090 -2.0000 6.0000 14.0000 2.0000 10.0000 -6.0000 0.5619 0.4941 0.5613 0.3489 0.5367 2.5028 1.8462 4.6120 
9.0000 66.0000 6.0000 4.0000 0.0000 -3.3000 2 -1.0000 0.0000 1.0510 -6.0000 6.0000 14.0000 2.0000 10.0000 -2.0000 0.6583 0.3601 0.4002 0.4391 0.6443 2.5020 1.8548 4.6114 
9.0000 1.0000 6.0000 -4.0000 1.0000 -9.9000 8 1.0000 1.0000 0.5440 2.0000 -10.0000 -14.0000 6.0000 -6.0000 -2.0000 0.5000 0.5000 0.5000 0.5000 0.5000 2.5000 1.9539 4.7093 
9.0000 29.0000 6.0000 0.0000 1.0000 -9.9000 8 1.0000 1.0000 0.5150 10.0000 2.0000 -10.0000 6.0000 -6.0000 -2.0000 0.5000 0.5000 0.5000 0.5000 0.5000 2.5000 1.8831 4.6425 
9.0000 23.0000 6.0000 -2.0000 0.0000 -6.6000 8 1.0000 1.0000 0.5560 4.0000 -8.0000 -12.0000 8.0000 -4.0000 0.0000 0.3344 0.5779 0.4975 0.7451 0.3363 2.4913 1.9774 4.7171 
9.0000 43.0000 6.0000 2.0000 1.0000 -9.9000 8 1.0000 1.0000 0.4230 -8.0000 0.0000 8.0000 -4.0000 12.0000 4.0000 0.5000 0.5000 0.5000 0.5000 0.5000 2.5000 1.9395 4.6926 
9.0000 37.0000 6.0000 0.0000 0.0000 -6.6000 8 1.0000 1.0000 0.4400 -10.0000 -2.0000 10.0000 -6.0000 6.0000 2.0000 0.3124 0.4452 0.6219 0.5445 0.5789 2.5029 1.8764 4.6288 
9.0000 5.0000 6.0000 -4.0000 1.0000 3.3000 8 1.0000 0.0000 0.6860 6.0000 -6.0000 -14.0000 -2.0000 -10.0000 2.0000 0.5000 0.5000 0.5000 0.5000 0.5000 2.5000 1.7643 4.5091 
9.0000 27.0000 6.0000 -2.0000 0.0000 6.6000 2 -1.0000 1.0000 0.6030 -12.0000 0.0000 4.0000 -4.0000 8.0000 -8.0000 0.6955 0.5587 0.3129 0.5736 0.3668 2.5075 1.9254 4.6834 
9.0000 2.0000 6.0000 -4.0000 1.0000 -6.6000 8 1.0000 1.0000 0.4180 -14.0000 -6.0000 2.0000 -10.0000 6.0000 -2.0000 0.5000 0.5000 0.5000 0.5000 0.5000 2.5000 1.7693 4.5091 
9.0000 16.0000 6.0000 -2.0000 1.0000 -6.6000 8 1.0000 1.0000 2.2570 8.0000 -4.0000 -12.0000 0.0000 -8.0000 4.0000 0.5000 0.5000 0.5000 0.5000 0.5000 2.5000 1.9693 4.7259 
9.0000 69.0000 6.0000 4.0000 0.0000 6.6000 2 -1.0000 1.0000 0.6920 -6.0000 6.0000 14.0000 2.0000 10.0000 -2.0000 0.5887 0.5147 0.5496 0.3836 0.4587 2.4954 1.9302 4.6880 
9.0000 21.0000 6.0000 -2.0000 1.0000 9.9000 2 -1.0000 1.0000 0.6290 -8.0000 0.0000 4.0000 -4.0000 8.0000 -12.0000 0.5000 0.5000 0.5000 0.5000 0.5000 2.5000 1.9947 4.7426 
9.0000 49.0000 6.0000 2.0000 1.0000 9.9000 2 -1.0000 1.0000 0.6810 8.0000 0.0000 -8.0000 4.0000 -4.0000 12.0000 0.5000 0.5000 0.5000 0.5000 0.5000 2.5000 1.8138 4.5591 
9.0000 40.0000 6.0000 0.0000 0.0000 3.3000 2 -1.0000 1.0000 0.6260 -10.0000 -2.0000 6.0000 -6.0000 10.0000 2.0000 0.3823 0.3569 0.6474 0.4565 0.6475 2.4906 1.8359 4.5832 
9.0000 45.0000 6.0000 2.0000 1.0000 -3.3000 2 -1.0000 0.0000 0.9740 -8.0000 0.0000 8.0000 -4.0000 12.0000 4.0000 0.5000 0.5000 0.5000 0.5000 0.5000 2.5000 1.8200 4.5759 
9.0000 26.0000 6.0000 -2.0000 0.0000 3.3000 8 1.0000 0.0000 0.5490 -8.0000 4.0000 8.0000 -12.0000 0.0000 -4.0000 0.5625 0.4534 0.3121 0.5307 0.6320 2.4907 1.8177 4.5499 
9.0000 32.0000 6.0000 0.0000 1.0000 0.0000 2 -1.0000 0.0000 0.9470 -6.0000 2.0000 10.0000 -2.0000 6.0000 -10.0000 0.5000 0.5000 0.5000 0.5000 0.5000 2.5000 1.8408 4.5924 
9.0000 14.0000 6.0000 -4.0000 0.0000 9.9000 2 -1.0000 1.0000 0.6050 -2.0000 -10.0000 -14.0000 6.0000 -6.0000 2.0000 0.5786 0.4609 0.7682 0.3754 0.3074 2.4906 1.7814 4.5164 
9.0000 4.0000 6.0000 -4.0000 1.0000 0.0000 8 1.0000 0.0000 0.4300 2.0000 -6.0000 -14.0000 -2.0000 -10.0000 6.0000 0.5000 0.5000 0.5000 0.5000 0.5000 2.5000 1.9396 4.6927 
9.0000 10.0000 6.0000 -4.0000 0.0000 -3.3000 8 1.0000 1.0000 0.6310 2.0000 -6.0000 -10.0000 -2.0000 -14.0000 6.0000 0.5199 0.4944 0.6109 0.5479 0.3223 2.4954 1.8882 4.6380 
9.0000 18.0000 6.0000 -2.0000 1.0000 0.0000 2 -1.0000 0.0000 0.7310 -12.0000 -4.0000 8.0000 -8.0000 4.0000 0.0000 0.5000 0.5000 0.5000 0.5000 0.5000 2.5000 1.7843 4.5426 
9.0000 56.0000 6.0000 2.0000 0.0000 9.9000 2 -1.0000 1.0000 0.7310 -8.0000 0.0000 8.0000 -4.0000 12.0000 4.0000 0.3154 0.4171 0.7803 0.3448 0.6339 2.4916 1.7562 4.5007 
9.0000 39.0000 6.0000 0.0000 0.0000 0.0000 8 1.0000 0.0000 0.8130 -10.0000 -2.0000 10.0000 -6.0000 6.0000 2.0000 0.5399 0.7187 0.3744 0.3370 0.5282 2.4981 1.7763 4.5239 
9.0000 50.0000 6.0000 2.0000 0.0000 -9.9000 8 1.0000 1.0000 1.6360 -8.0000 4.0000 8.0000 0.0000 12.0000 -4.0000 0.6514 0.7061 0.3834 0.4531 0.3072 2.5012 1.9665 4.7104 
9.0000 58.0000 6.0000 4.0000 1.0000 -6.6000 8 1.0000 1.0000 0.4840 -2.0000 6.0000 10.0000 2.0000 14.0000 -6.0000 0.5000 0.5000 0.5000 0.5000 0.5000 2.5000 1.9148 4.6591 
9.0000 25.0000 6.0000 -2.0000 0.0000 0.0000 8 1.0000 0.0000 0.5350 4.0000 -4.0000 -8.0000 0.0000 -12.0000 8.0000 0.5004 0.3655 0.4042 0.7416 0.4977 2.5094 1.9659 4.7186 
9.0000 11.0000 6.0000 -4.0000 0.0000 0.0000 8 1.0000 0.0000 0.5570 -10.0000 2.0000 6.0000 -14.0000 -2.0000 -6.0000 0.6050 0.3345 0.5856 0.4678 0.5109 2.5039 1.8389 4.5798 
9.0000 55.0000 6.0000 2.0000 0.0000 6.6000 2 -1.0000 1.0000 0.6170 -8.0000 0.0000 12.0000 -4.0000 8.0000 4.0000 0.4764 0.5655 0.3048 0.4723 0.6899 2.5088 1.9292 4.6848 
9.0000 17.0000 6.0000 -2.0000 1.0000 -3.3000 8 1.0000 1.0000 0.5170 8.0000 -4.0000 -12.0000 0.0000 -8.0000 4.0000 0.5000 0.5000 0.5000 0.5000 0.5000 2.5000 1.9769 4.7260 
9.0000 42.0000 6.0000 0.0000 0.0000 9.9000 2 -1.0000 1.0000 0.9310 -10.0000 2.0000 10.0000 -2.0000 6.0000 -6.0000 0.3026 0.7627 0.4459 0.6816 0.3058 2.4987 1.8773 4.6245 
9.0000 33.0000 6.0000 0.0000 1.0000 3.3000 2 -1.0000 1.0000 0.6790 -10.0000 -2.0000 10.0000 -6.0000 6.0000 2.0000 0.5000 0.5000 0.5000 0.5000 0.5000 2.5000 1.8876 4.6427 
9.0000 38.0000 6.0000 0.0000 0.0000 -3.3000 8 1.0000 1.0000 0.4940 2.0000 -6.0000 -10.0000 10.0000 -2.0000 6.0000 0.5450 0.4109 0.4818 0.3066 0.7481 2.4924 1.8913 4.6350 
9.0000 19.0000 6.0000 -2.0000 1.0000 3.3000 2 -1.0000 1.0000 0.8950 8.0000 -4.0000 -12.0000 0.0000 -8.0000 4.0000 0.5000 0.5000 0.5000 0.5000 0.5000 2.5000 1.8455 4.5927 
9.0000 59.0000 6.0000 4.0000 1.0000 -3.3000 8 1.0000 1.0000 2.7530 14.0000 6.0000 -6.0000 10.0000 -2.0000 2.0000 0.5000 0.5000 0.5000 0.5000 0.5000 2.5000 1.9608 4.7092 
9.0000 63.0000 6.0000 4.0000 1.0000 9.9000 2 -1.0000 1.0000 0.4920 6.0000 -2.0000 -6.0000 14.0000 2.0000 10.0000 0.5000 0.5000 0.5000 0.5000 0.5000 2.5000 1.8790 4.6259 
9.0000 60.0000 6.0000 4.0000 1.0000 0.0000 2 -1.0000 0.0000 0.5940 10.0000 2.0000 -6.0000 6.0000 -2.0000 14.0000 0.5000 0.5000 0.5000 0.5000 0.5000 2.5000 1.9308 4.6759 
9.0000 67.0000 6.0000 4.0000 0.0000 0.0000 8 1.0000 0.0000 0.5700 14.0000 6.0000 -2.0000 10.0000 -6.0000 2.0000 0.4796 0.3644 0.6537 0.5379 0.4575 2.4931 1.7616 4.5023 
9.0000 36.0000 6.0000 0.0000 0.0000 -9.9000 8 1.0000 1.0000 0.5020 -10.0000 2.0000 6.0000 -2.0000 10.0000 -6.0000 0.5493 0.3557 0.5493 0.6637 0.3882 2.5062 1.8111 4.5821 
9.0000 51.0000 6.0000 2.0000 0.0000 -6.6000 8 1.0000 1.0000 0.4430 8.0000 -4.0000 -8.0000 12.0000 0.0000 4.0000 0.3373 0.5496 0.4175 0.5290 0.6658 2.4990 1.9598 4.7084 
9.0000 12.0000 6.0000 -4.0000 0.0000 3.3000 8 1.0000 0.0000 0.5960 6.0000 -6.0000 -10.0000 -2.0000 -14.0000 2.0000 0.5603 0.3063 0.4608 0.7395 0.4340 2.5010 1.8537 4.6101 
9.0000 9.0000 6.0000 -4.0000 0.0000 -6.6000 8 1.0000 1.0000 0.7860 2.0000 -6.0000 -10.0000 -2.0000 -14.0000 6.0000 0.4209 0.5540 0.4718 0.6783 0.3681 2.4931 1.9647 4.7189 
9.0000 30.0000 6.0000 0.0000 1.0000 -6.6000 8 1.0000 1.0000 0.4050 -6.0000 6.0000 10.0000 -10.0000 2.0000 -2.0000 0.5000 0.5000 0.5000 0.5000 0.5000 2.5000 1.8663 4.6091 
9.0000 35.0000 6.0000 0.0000 1.0000 9.9000 2 -1.0000 1.0000 1.4940 -6.0000 6.0000 10.0000 -10.0000 2.0000 -2.0000 0.5000 0.5000 0.5000 0.5000 0.5000 2.5000 1.9037 4.6594 
9.0000 52.0000 6.0000 2.0000 0.0000 -3.3000 2 -1.0000 0.0000 1.0430 -8.0000 0.0000 8.0000 -4.0000 12.0000 4.0000 0.4224 0.5856 0.3408 0.6779 0.4752 2.5019 1.9182 4.6612 
