subNo index block mean periodicity testLevel pressedKey answer isCorrect rt s1 s2 s3 s4 s5 s6 t1 t2 t3 t4 t5 seqDuration startInterval trialDuration 
11.0000 11.0000 1.0000 -4.0000 0.0000 0.0000 8 1.0000 0.0000 1.3800 -2.0000 -10.0000 -14.0000 6.0000 -6.0000 2.0000 0.4525 0.3406 0.7508 0.5838 0.3653 2.4930 1.8746 4.6187 
11.0000 47.0000 1.0000 2.0000 1.0000 3.3000 8 1.0000 0.0000 1.1130 -8.0000 4.0000 8.0000 0.0000 12.0000 -4.0000 0.5000 0.5000 0.5000 0.5000 0.5000 2.5000 1.9905 4.7427 
11.0000 51.0000 1.0000 2.0000 0.0000 -6.6000 8 1.0000 1.0000 0.8650 12.0000 0.0000 -4.0000 4.0000 -8.0000 8.0000 0.3554 0.6523 0.3860 0.4389 0.6588 2.4914 1.7910 4.5339 
11.0000 38.0000 1.0000 0.0000 0.0000 -3.3000 8 1.0000 1.0000 0.6700 -6.0000 2.0000 6.0000 -2.0000 10.0000 -10.0000 0.5268 0.6465 0.4737 0.3724 0.4819 2.5013 1.9470 4.6940 
11.0000 10.0000 1.0000 -4.0000 0.0000 -3.3000 8 1.0000 1.0000 1.4320 6.0000 -6.0000 -10.0000 -2.0000 -14.0000 2.0000 0.6718 0.4855 0.6460 0.3768 0.3258 2.5058 1.8826 4.6317 
11.0000 35.0000 1.0000 0.0000 1.0000 9.9000 2 -1.0000 1.0000 0.8200 6.0000 -2.0000 -10.0000 2.0000 -6.0000 10.0000 0.5000 0.5000 0.5000 0.5000 0.5000 2.5000 1.9483 4.6927 
11.0000 9.0000 1.0000 -4.0000 0.0000 -6.6000 8 1.0000 1.0000 0.8980 -10.0000 2.0000 6.0000 -14.0000 -2.0000 -6.0000 0.5063 0.3094 0.3520 0.6410 0.6841 2.4929 1.7986 4.5354 
11.0000 13.0000 1.0000 -4.0000 0.0000 6.6000 2 -1.0000 1.0000 0.8370 -6.0000 2.0000 6.0000 -14.0000 -2.0000 -10.0000 0.7201 0.4608 0.5546 0.4574 0.3039 2.4968 1.9326 4.6895 
11.0000 69.0000 1.0000 4.0000 0.0000 6.6000 2 -1.0000 1.0000 1.2730 -6.0000 2.0000 10.0000 -2.0000 14.0000 6.0000 0.7147 0.5016 0.4043 0.3603 0.5287 2.5095 1.9884 4.7522 
11.0000 37.0000 1.0000 0.0000 0.0000 -6.6000 8 1.0000 1.0000 0.9870 -6.0000 2.0000 10.0000 -2.0000 6.0000 -10.0000 0.3991 0.3631 0.7963 0.3867 0.5645 2.5098 1.7675 4.5356 
11.0000 39.0000 1.0000 0.0000 0.0000 0.0000 8 1.0000 0.0000 1.6330 -10.0000 -2.0000 6.0000 -6.0000 10.0000 2.0000 0.3959 0.5942 0.3214 0.7004 0.4828 2.4946 1.8113 4.5537 
11.0000 62.0000 1.0000 4.0000 1.0000 6.6000 2 -1.0000 1.0000 0.9380 14.0000 6.0000 -2.0000 10.0000 -6.0000 2.0000 0.5000 0.5000 0.5000 0.5000 0.5000 2.5000 1.8658 4.6091 
11.0000 24.0000 1.0000 -2.0000 0.0000 -3.3000 8 1.0000 1.0000 0.8850 4.0000 -8.0000 -12.0000 8.0000 -4.0000 0.0000 0.3442 0.7755 0.3447 0.5826 0.4535 2.5005 1.7776 4.5263 
11.0000 50.0000 1.0000 2.0000 0.0000 -9.9000 8 1.0000 1.0000 1.4980 0.0000 8.0000 12.0000 -8.0000 4.0000 -4.0000 0.4731 0.4088 0.3012 0.7998 0.5080 2.4910 1.9128 4.6502 
11.0000 65.0000 1.0000 4.0000 0.0000 -6.6000 8 1.0000 1.0000 0.7950 -2.0000 6.0000 10.0000 2.0000 14.0000 -6.0000 0.6041 0.4148 0.5702 0.3844 0.5295 2.5030 1.8156 4.5621 
11.0000 45.0000 1.0000 2.0000 1.0000 -3.3000 8 1.0000 1.0000 1.0400 0.0000 8.0000 12.0000 -8.0000 4.0000 -4.0000 0.5000 0.5000 0.5000 0.5000 0.5000 2.5000 1.8372 4.5760 
11.0000 1.0000 1.0000 -4.0000 1.0000 -9.9000 2 -1.0000 0.0000 2.1160 2.0000 -6.0000 -10.0000 -2.0000 -14.0000 6.0000 0.5000 0.5000 0.5000 0.5000 0.5000 2.5000 1.9970 4.7594 
11.0000 21.0000 1.0000 -2.0000 1.0000 9.9000 2 -1.0000 1.0000 2.5590 -4.0000 4.0000 8.0000 -12.0000 0.0000 -8.0000 0.5000 0.5000 0.5000 0.5000 0.5000 2.5000 1.8855 4.6425 
11.0000 20.0000 1.0000 -2.0000 1.0000 6.6000 2 -1.0000 1.0000 0.9260 -12.0000 -4.0000 8.0000 -8.0000 4.0000 0.0000 0.5000 0.5000 0.5000 0.5000 0.5000 2.5000 1.9803 4.7258 
11.0000 18.0000 1.0000 -2.0000 1.0000 0.0000 8 1.0000 0.0000 1.2530 -4.0000 4.0000 8.0000 -12.0000 0.0000 -8.0000 0.5000 0.5000 0.5000 0.5000 0.5000 2.5000 1.8257 4.5758 
11.0000 41.0000 1.0000 0.0000 0.0000 6.6000 2 -1.0000 1.0000 1.1690 -6.0000 6.0000 10.0000 -10.0000 2.0000 -2.0000 0.3852 0.7366 0.6570 0.3800 0.3437 2.5025 1.7798 4.5282 
11.0000 64.0000 1.0000 4.0000 0.0000 -9.9000 8 1.0000 1.0000 1.3130 14.0000 2.0000 -2.0000 6.0000 -6.0000 10.0000 0.3407 0.5174 0.4600 0.4208 0.7607 2.4996 1.7957 4.5420 
11.0000 28.0000 1.0000 -2.0000 0.0000 9.9000 2 -1.0000 1.0000 0.8670 8.0000 0.0000 -8.0000 4.0000 -12.0000 -4.0000 0.5337 0.3230 0.5765 0.6145 0.4465 2.4942 1.8098 4.5533 
11.0000 57.0000 1.0000 4.0000 1.0000 -9.9000 8 1.0000 1.0000 0.8590 -2.0000 6.0000 14.0000 2.0000 10.0000 -6.0000 0.5000 0.5000 0.5000 0.5000 0.5000 2.5000 1.8260 4.5759 
11.0000 49.0000 1.0000 2.0000 1.0000 9.9000 2 -1.0000 1.0000 0.9240 12.0000 4.0000 -8.0000 8.0000 -4.0000 0.0000 0.5000 0.5000 0.5000 0.5000 0.5000 2.5000 1.8717 4.6093 
11.0000 40.0000 1.0000 0.0000 0.0000 3.3000 8 1.0000 0.0000 1.4430 10.0000 -2.0000 -10.0000 2.0000 -6.0000 6.0000 0.5452 0.5897 0.4427 0.3986 0.5182 2.4944 1.8565 4.6037 
11.0000 56.0000 1.0000 2.0000 0.0000 9.9000 2 -1.0000 1.0000 1.8710 -4.0000 8.0000 12.0000 -8.0000 4.0000 0.0000 0.3023 0.4901 0.5750 0.5200 0.6031 2.4906 1.7733 4.5164 
11.0000 68.0000 1.0000 4.0000 0.0000 3.3000 2 -1.0000 1.0000 2.1400 14.0000 6.0000 -6.0000 10.0000 -2.0000 2.0000 0.4041 0.5073 0.3522 0.6933 0.5417 2.4986 1.8587 4.6079 
11.0000 36.0000 1.0000 0.0000 0.0000 -9.9000 8 1.0000 1.0000 1.1920 -2.0000 6.0000 10.0000 -10.0000 2.0000 -6.0000 0.4640 0.5006 0.7923 0.4010 0.3500 2.5078 1.9240 4.6837 
11.0000 30.0000 1.0000 0.0000 1.0000 -6.6000 8 1.0000 1.0000 0.9550 -2.0000 6.0000 10.0000 -10.0000 2.0000 -6.0000 0.5000 0.5000 0.5000 0.5000 0.5000 2.5000 1.8715 4.6258 
11.0000 14.0000 1.0000 -4.0000 0.0000 9.9000 2 -1.0000 1.0000 1.0990 6.0000 -6.0000 -14.0000 -2.0000 -10.0000 2.0000 0.7744 0.3191 0.3893 0.6269 0.3948 2.5045 1.7721 4.5303 
11.0000 19.0000 1.0000 -2.0000 1.0000 3.3000 2 -1.0000 1.0000 1.7440 4.0000 -8.0000 -12.0000 8.0000 -4.0000 0.0000 0.5000 0.5000 0.5000 0.5000 0.5000 2.5000 1.9293 4.6760 
11.0000 43.0000 1.0000 2.0000 1.0000 -9.9000 8 1.0000 1.0000 0.9240 -8.0000 4.0000 12.0000 0.0000 8.0000 -4.0000 0.5000 0.5000 0.5000 0.5000 0.5000 2.5000 1.8373 4.5758 
11.0000 31.0000 1.0000 0.0000 1.0000 -3.3000 8 1.0000 1.0000 1.1040 -6.0000 6.0000 10.0000 -10.0000 2.0000 -2.0000 0.5000 0.5000 0.5000 0.5000 0.5000 2.5000 1.7780 4.5258 
11.0000 27.0000 1.0000 -2.0000 0.0000 6.6000 2 -1.0000 1.0000 2.3510 4.0000 -8.0000 -12.0000 8.0000 -4.0000 0.0000 0.5020 0.6565 0.3141 0.5946 0.4367 2.5039 1.7779 4.5464 
11.0000 5.0000 1.0000 -4.0000 1.0000 3.3000 2 -1.0000 1.0000 0.8010 -2.0000 -10.0000 -14.0000 6.0000 -6.0000 2.0000 0.5000 0.5000 0.5000 0.5000 0.5000 2.5000 1.9452 4.6924 
11.0000 15.0000 1.0000 -2.0000 1.0000 -9.9000 8 1.0000 1.0000 0.9340 -12.0000 -4.0000 4.0000 -8.0000 8.0000 0.0000 0.5000 0.5000 0.5000 0.5000 0.5000 2.5000 1.7743 4.5257 
11.0000 59.0000 1.0000 4.0000 1.0000 -3.3000 8 1.0000 1.0000 1.5010 -6.0000 2.0000 10.0000 -2.0000 14.0000 6.0000 0.5000 0.5000 0.5000 0.5000 0.5000 2.5000 1.8146 4.5592 
11.0000 63.0000 1.0000 4.0000 1.0000 9.9000 2 -1.0000 1.0000 0.9300 -6.0000 2.0000 14.0000 -2.0000 10.0000 6.0000 0.5000 0.5000 0.5000 0.5000 0.5000 2.5000 1.7648 4.5091 
11.0000 33.0000 1.0000 0.0000 1.0000 3.3000 8 1.0000 0.0000 1.9020 -10.0000 2.0000 6.0000 -2.0000 10.0000 -6.0000 0.5000 0.5000 0.5000 0.5000 0.5000 2.5000 1.8680 4.6092 
11.0000 60.0000 1.0000 4.0000 1.0000 0.0000 2 -1.0000 0.0000 1.8570 14.0000 2.0000 -2.0000 6.0000 -6.0000 10.0000 0.5000 0.5000 0.5000 0.5000 0.5000 2.5000 1.9740 4.7259 
11.0000 34.0000 1.0000 0.0000 1.0000 6.6000 2 -1.0000 1.0000 1.2610 -10.0000 -2.0000 10.0000 -6.0000 6.0000 2.0000 0.5000 0.5000 0.5000 0.5000 0.5000 2.5000 1.9914 4.7426 
11.0000 67.0000 1.0000 4.0000 0.0000 0.0000 8 1.0000 0.0000 1.4310 10.0000 2.0000 -2.0000 6.0000 -6.0000 14.0000 0.5958 0.7143 0.4477 0.4163 0.3261 2.5002 1.7760 4.5428 
11.0000 48.0000 1.0000 2.0000 1.0000 6.6000 2 -1.0000 1.0000 0.9070 8.0000 0.0000 -8.0000 4.0000 -4.0000 12.0000 0.5000 0.5000 0.5000 0.5000 0.5000 2.5000 1.9639 4.7260 
11.0000 22.0000 1.0000 -2.0000 0.0000 -9.9000 8 1.0000 1.0000 0.9520 -12.0000 0.0000 4.0000 -4.0000 8.0000 -8.0000 0.3655 0.4181 0.6196 0.3003 0.7993 2.5028 1.9350 4.6953 
11.0000 7.0000 1.0000 -4.0000 1.0000 9.9000 2 -1.0000 1.0000 0.7810 2.0000 -6.0000 -14.0000 -2.0000 -10.0000 6.0000 0.5000 0.5000 0.5000 0.5000 0.5000 2.5000 1.8702 4.6258 
11.0000 42.0000 1.0000 0.0000 0.0000 9.9000 2 -1.0000 1.0000 0.8280 2.0000 -6.0000 -10.0000 10.0000 -2.0000 6.0000 0.3698 0.5091 0.4003 0.6930 0.5224 2.4947 1.9438 4.6872 
11.0000 3.0000 1.0000 -4.0000 1.0000 -3.3000 8 1.0000 1.0000 0.9340 -14.0000 -6.0000 2.0000 -10.0000 6.0000 -2.0000 0.5000 0.5000 0.5000 0.5000 0.5000 2.5000 1.8816 4.6259 
11.0000 70.0000 1.0000 4.0000 0.0000 9.9000 2 -1.0000 1.0000 1.1890 -6.0000 2.0000 10.0000 -2.0000 14.0000 6.0000 0.4274 0.5345 0.6524 0.4263 0.4562 2.4969 1.8376 4.5895 
11.0000 53.0000 1.0000 2.0000 0.0000 0.0000 8 1.0000 0.0000 2.5430 8.0000 -4.0000 -8.0000 12.0000 0.0000 4.0000 0.3314 0.7699 0.6100 0.3621 0.4294 2.5028 1.8945 4.6454 
11.0000 4.0000 1.0000 -4.0000 1.0000 0.0000 8 1.0000 0.0000 0.9750 -14.0000 -2.0000 6.0000 -6.0000 2.0000 -10.0000 0.5000 0.5000 0.5000 0.5000 0.5000 2.5000 1.7567 4.4925 
11.0000 61.0000 1.0000 4.0000 1.0000 3.3000 8 1.0000 0.0000 2.3120 -6.0000 2.0000 10.0000 -2.0000 14.0000 6.0000 0.5000 0.5000 0.5000 0.5000 0.5000 2.5000 1.7643 4.5259 
11.0000 26.0000 1.0000 -2.0000 0.0000 3.3000 8 1.0000 0.0000 1.1250 -12.0000 -4.0000 8.0000 -8.0000 4.0000 0.0000 0.7848 0.5595 0.3463 0.4972 0.3099 2.4978 1.8355 4.5904 
11.0000 44.0000 1.0000 2.0000 1.0000 -6.6000 8 1.0000 1.0000 0.7520 -8.0000 4.0000 8.0000 0.0000 12.0000 -4.0000 0.5000 0.5000 0.5000 0.5000 0.5000 2.5000 1.9345 4.6926 
11.0000 54.0000 1.0000 2.0000 0.0000 3.3000 2 -1.0000 1.0000 1.8060 -8.0000 4.0000 12.0000 0.0000 8.0000 -4.0000 0.4023 0.6813 0.4836 0.5731 0.3563 2.4967 1.8691 4.6224 
11.0000 29.0000 1.0000 0.0000 1.0000 -9.9000 8 1.0000 1.0000 1.1980 -2.0000 6.0000 10.0000 -10.0000 2.0000 -6.0000 0.5000 0.5000 0.5000 0.5000 0.5000 2.5000 1.8925 4.6427 
11.0000 12.0000 1.0000 -4.0000 0.0000 3.3000 8 1.0000 0.0000 2.0850 -14.0000 -6.0000 6.0000 -10.0000 2.0000 -2.0000 0.7111 0.4887 0.5312 0.3097 0.4578 2.4985 1.7616 4.5077 
11.0000 46.0000 1.0000 2.0000 1.0000 0.0000 8 1.0000 0.0000 1.4310 -4.0000 8.0000 12.0000 -8.0000 4.0000 0.0000 0.5000 0.5000 0.5000 0.5000 0.5000 2.5000 1.9648 4.7092 
11.0000 6.0000 1.0000 -4.0000 1.0000 6.6000 2 -1.0000 1.0000 1.7630 2.0000 -6.0000 -14.0000 -2.0000 -10.0000 6.0000 0.5000 0.5000 0.5000 0.5000 0.5000 2.5000 1.8208 4.5591 
11.0000 52.0000 1.0000 2.0000 0.0000 -3.3000 8 1.0000 1.0000 2.1270 12.0000 4.0000 -8.0000 8.0000 -4.0000 0.0000 0.5029 0.3597 0.3324 0.6637 0.6375 2.4962 1.8685 4.6055 
11.0000 8.0000 1.0000 -4.0000 0.0000 -9.9000 8 1.0000 1.0000 1.2290 -2.0000 -10.0000 -14.0000 6.0000 -6.0000 2.0000 0.5119 0.3430 0.4265 0.6767 0.5451 2.5032 1.8310 4.5957 
11.0000 25.0000 1.0000 -2.0000 0.0000 0.0000 2 -1.0000 0.0000 1.0580 8.0000 0.0000 -8.0000 4.0000 -12.0000 -4.0000 0.5238 0.3761 0.6593 0.6237 0.3183 2.5012 1.9677 4.7271 
11.0000 58.0000 1.0000 4.0000 1.0000 -6.6000 8 1.0000 1.0000 1.3580 10.0000 2.0000 -6.0000 6.0000 -2.0000 14.0000 0.5000 0.5000 0.5000 0.5000 0.5000 2.5000 1.9416 4.6926 
11.0000 2.0000 1.0000 -4.0000 1.0000 -6.6000 8 1.0000 1.0000 0.9150 -10.0000 2.0000 6.0000 -14.0000 -2.0000 -6.0000 0.5000 0.5000 0.5000 0.5000 0.5000 2.5000 1.8583 4.6092 
11.0000 66.0000 1.0000 4.0000 0.0000 -3.3000 8 1.0000 1.0000 1.5130 -6.0000 2.0000 10.0000 -2.0000 14.0000 6.0000 0.4870 0.3147 0.4649 0.4992 0.7355 2.5012 1.8767 4.6272 
11.0000 23.0000 1.0000 -2.0000 0.0000 -6.6000 8 1.0000 1.0000 0.9940 0.0000 -8.0000 -12.0000 8.0000 -4.0000 4.0000 0.5968 0.3912 0.7102 0.4416 0.3534 2.4931 1.8126 4.5524 
11.0000 32.0000 1.0000 0.0000 1.0000 0.0000 2 -1.0000 0.0000 1.4420 2.0000 -6.0000 -10.0000 10.0000 -2.0000 6.0000 0.5000 0.5000 0.5000 0.5000 0.5000 2.5000 1.9579 4.7093 
11.0000 55.0000 1.0000 2.0000 0.0000 6.6000 2 -1.0000 1.0000 1.3490 -4.0000 4.0000 12.0000 0.0000 8.0000 -8.0000 0.3767 0.6893 0.3615 0.4449 0.6260 2.4984 1.9854 4.7243 
11.0000 17.0000 1.0000 -2.0000 1.0000 -3.3000 8 1.0000 1.0000 1.6010 8.0000 -4.0000 -8.0000 0.0000 -12.0000 4.0000 0.5000 0.5000 0.5000 0.5000 0.5000 2.5000 1.9253 4.6759 
11.0000 16.0000 1.0000 -2.0000 1.0000 -6.6000 8 1.0000 1.0000 1.0810 4.0000 -4.0000 -12.0000 0.0000 -8.0000 8.0000 0.5000 0.5000 0.5000 0.5000 0.5000 2.5000 1.9395 4.6926 
11.0000 24.0000 2.0000 -2.0000 0.0000 -3.3000 8 1.0000 1.0000 0.9690 -12.0000 -4.0000 4.0000 -8.0000 8.0000 0.0000 0.7248 0.4790 0.3706 0.4103 0.5188 2.5035 1.7982 4.5460 
11.0000 7.0000 2.0000 -4.0000 1.0000 9.9000 2 -1.0000 1.0000 0.9090 -14.0000 -6.0000 2.0000 -10.0000 6.0000 -2.0000 0.5000 0.5000 0.5000 0.5000 0.5000 2.5000 1.9119 4.6593 
11.0000 27.0000 2.0000 -2.0000 0.0000 6.6000 2 -1.0000 1.0000 1.8460 8.0000 -4.0000 -8.0000 0.0000 -12.0000 4.0000 0.3102 0.5655 0.4242 0.7908 0.4065 2.4971 1.8120 4.5730 
11.0000 1.0000 2.0000 -4.0000 1.0000 -9.9000 8 1.0000 1.0000 1.0980 -10.0000 -2.0000 6.0000 -6.0000 2.0000 -14.0000 0.5000 0.5000 0.5000 0.5000 0.5000 2.5000 1.9172 4.6760 
11.0000 21.0000 2.0000 -2.0000 1.0000 9.9000 2 -1.0000 1.0000 1.0840 8.0000 0.0000 -8.0000 4.0000 -12.0000 -4.0000 0.5000 0.5000 0.5000 0.5000 0.5000 2.5000 1.9501 4.7093 
11.0000 40.0000 2.0000 0.0000 0.0000 3.3000 2 -1.0000 1.0000 2.0940 -6.0000 2.0000 6.0000 -2.0000 10.0000 -10.0000 0.6001 0.4123 0.7123 0.4457 0.3336 2.5041 1.8161 4.5801 
11.0000 13.0000 2.0000 -4.0000 0.0000 6.6000 2 -1.0000 1.0000 1.0310 6.0000 -6.0000 -14.0000 -2.0000 -10.0000 2.0000 0.5415 0.3836 0.5790 0.6261 0.3767 2.5070 1.9555 4.7161 
11.0000 35.0000 2.0000 0.0000 1.0000 9.9000 2 -1.0000 1.0000 1.6130 2.0000 -6.0000 -10.0000 10.0000 -2.0000 6.0000 0.5000 0.5000 0.5000 0.5000 0.5000 2.5000 1.9834 4.7261 
11.0000 29.0000 2.0000 0.0000 1.0000 -9.9000 8 1.0000 1.0000 0.8490 -10.0000 2.0000 6.0000 -2.0000 10.0000 -6.0000 0.5000 0.5000 0.5000 0.5000 0.5000 2.5000 1.9809 4.7260 
11.0000 31.0000 2.0000 0.0000 1.0000 -3.3000 8 1.0000 1.0000 1.4780 10.0000 -2.0000 -6.0000 2.0000 -10.0000 6.0000 0.5000 0.5000 0.5000 0.5000 0.5000 2.5000 1.9774 4.7260 
11.0000 23.0000 2.0000 -2.0000 0.0000 -6.6000 8 1.0000 1.0000 1.0930 8.0000 -4.0000 -8.0000 0.0000 -12.0000 4.0000 0.3109 0.3869 0.3333 0.6853 0.7838 2.5002 1.8472 4.5927 
11.0000 17.0000 2.0000 -2.0000 1.0000 -3.3000 8 1.0000 1.0000 1.3130 -12.0000 0.0000 8.0000 -4.0000 4.0000 -8.0000 0.5000 0.5000 0.5000 0.5000 0.5000 2.5000 1.9469 4.7092 
11.0000 2.0000 2.0000 -4.0000 1.0000 -6.6000 8 1.0000 1.0000 1.5690 6.0000 -6.0000 -14.0000 -2.0000 -10.0000 2.0000 0.5000 0.5000 0.5000 0.5000 0.5000 2.5000 1.9937 4.7426 
11.0000 48.0000 2.0000 2.0000 1.0000 6.6000 2 -1.0000 1.0000 1.9380 -8.0000 4.0000 12.0000 0.0000 8.0000 -4.0000 0.5000 0.5000 0.5000 0.5000 0.5000 2.5000 1.7599 4.5091 
11.0000 53.0000 2.0000 2.0000 0.0000 0.0000 8 1.0000 0.0000 2.3430 -4.0000 8.0000 12.0000 -8.0000 4.0000 0.0000 0.6705 0.3827 0.4639 0.6530 0.3292 2.4992 1.8958 4.6418 
11.0000 39.0000 2.0000 0.0000 0.0000 0.0000 8 1.0000 0.0000 1.8430 10.0000 -2.0000 -10.0000 2.0000 -6.0000 6.0000 0.4043 0.3307 0.5325 0.6835 0.5545 2.5054 1.8190 4.5814 
11.0000 25.0000 2.0000 -2.0000 0.0000 0.0000 8 1.0000 0.0000 1.7270 8.0000 -4.0000 -12.0000 0.0000 -8.0000 4.0000 0.5762 0.3032 0.6253 0.4318 0.5733 2.5096 1.7979 4.5522 
11.0000 37.0000 2.0000 0.0000 0.0000 -6.6000 8 1.0000 1.0000 0.8530 -10.0000 2.0000 6.0000 -2.0000 10.0000 -6.0000 0.7084 0.5368 0.3827 0.4622 0.4040 2.4940 1.8781 4.6200 
11.0000 58.0000 2.0000 4.0000 1.0000 -6.6000 8 1.0000 1.0000 1.6550 -2.0000 6.0000 14.0000 2.0000 10.0000 -6.0000 0.5000 0.5000 0.5000 0.5000 0.5000 2.5000 1.8952 4.6425 
11.0000 46.0000 2.0000 2.0000 1.0000 0.0000 2 -1.0000 0.0000 1.8440 -4.0000 4.0000 12.0000 0.0000 8.0000 -8.0000 0.5000 0.5000 0.5000 0.5000 0.5000 2.5000 1.9049 4.6593 
11.0000 47.0000 2.0000 2.0000 1.0000 3.3000 8 1.0000 0.0000 1.4360 8.0000 0.0000 -4.0000 4.0000 -8.0000 12.0000 0.5000 0.5000 0.5000 0.5000 0.5000 2.5000 1.8759 4.6260 
11.0000 66.0000 2.0000 4.0000 0.0000 -3.3000 8 1.0000 1.0000 2.4600 10.0000 -2.0000 -6.0000 14.0000 2.0000 6.0000 0.5365 0.4468 0.7959 0.3265 0.3997 2.5054 1.8984 4.6647 
11.0000 22.0000 2.0000 -2.0000 0.0000 -9.9000 8 1.0000 1.0000 0.8580 -8.0000 0.0000 8.0000 -4.0000 4.0000 -12.0000 0.6590 0.3084 0.6769 0.3433 0.5094 2.4969 1.9060 4.6561 
11.0000 62.0000 2.0000 4.0000 1.0000 6.6000 2 -1.0000 1.0000 1.5810 6.0000 -2.0000 -6.0000 14.0000 2.0000 10.0000 0.5000 0.5000 0.5000 0.5000 0.5000 2.5000 1.7732 4.5258 
11.0000 42.0000 2.0000 0.0000 0.0000 9.9000 2 -1.0000 1.0000 1.4110 -10.0000 2.0000 10.0000 -2.0000 6.0000 -6.0000 0.7865 0.3528 0.4007 0.5065 0.4488 2.4953 1.9942 4.7379 
11.0000 4.0000 2.0000 -4.0000 1.0000 0.0000 8 1.0000 0.0000 1.2350 6.0000 -6.0000 -10.0000 -2.0000 -14.0000 2.0000 0.5000 0.5000 0.5000 0.5000 0.5000 2.5000 1.7668 4.5092 
11.0000 54.0000 2.0000 2.0000 0.0000 3.3000 8 1.0000 0.0000 2.2340 12.0000 0.0000 -4.0000 4.0000 -8.0000 8.0000 0.3765 0.3034 0.5058 0.5531 0.7554 2.4943 1.9194 4.6535 
11.0000 67.0000 2.0000 4.0000 0.0000 0.0000 2 -1.0000 0.0000 1.8050 -6.0000 6.0000 14.0000 2.0000 10.0000 -2.0000 0.7313 0.4658 0.3354 0.6645 0.3047 2.5017 1.8641 4.6109 
11.0000 9.0000 2.0000 -4.0000 0.0000 -6.6000 8 1.0000 1.0000 1.3930 6.0000 -6.0000 -10.0000 -2.0000 -14.0000 2.0000 0.4524 0.3425 0.4136 0.7838 0.5172 2.5095 1.9488 4.7187 
11.0000 45.0000 2.0000 2.0000 1.0000 -3.3000 8 1.0000 1.0000 1.8960 0.0000 8.0000 12.0000 -8.0000 4.0000 -4.0000 0.5000 0.5000 0.5000 0.5000 0.5000 2.5000 1.9155 4.6760 
11.0000 5.0000 2.0000 -4.0000 1.0000 3.3000 8 1.0000 0.0000 1.0890 6.0000 -6.0000 -14.0000 -2.0000 -10.0000 2.0000 0.5000 0.5000 0.5000 0.5000 0.5000 2.5000 1.8198 4.5758 
11.0000 32.0000 2.0000 0.0000 1.0000 0.0000 8 1.0000 0.0000 0.8110 10.0000 -2.0000 -6.0000 2.0000 -10.0000 6.0000 0.5000 0.5000 0.5000 0.5000 0.5000 2.5000 1.9935 4.7426 
11.0000 26.0000 2.0000 -2.0000 0.0000 3.3000 2 -1.0000 1.0000 2.1440 8.0000 -4.0000 -8.0000 0.0000 -12.0000 4.0000 0.6434 0.3681 0.5385 0.4512 0.4898 2.4910 1.8263 4.5669 
11.0000 69.0000 2.0000 4.0000 0.0000 6.6000 8 1.0000 0.0000 3.2700 -6.0000 2.0000 14.0000 -2.0000 10.0000 6.0000 0.5986 0.3730 0.5660 0.6589 0.3134 2.5098 1.8263 4.5856 
11.0000 8.0000 2.0000 -4.0000 0.0000 -9.9000 8 1.0000 1.0000 1.5560 -6.0000 2.0000 6.0000 -14.0000 -2.0000 -10.0000 0.3409 0.6119 0.4879 0.7444 0.3123 2.4973 1.8933 4.6398 
11.0000 41.0000 2.0000 0.0000 0.0000 6.6000 2 -1.0000 1.0000 1.5140 6.0000 -2.0000 -6.0000 2.0000 -10.0000 10.0000 0.3914 0.3170 0.7598 0.3574 0.6647 2.4903 1.8099 4.5495 
11.0000 33.0000 2.0000 0.0000 1.0000 3.3000 2 -1.0000 1.0000 0.8910 6.0000 -2.0000 -6.0000 2.0000 -10.0000 10.0000 0.5000 0.5000 0.5000 0.5000 0.5000 2.5000 1.9806 4.7426 
11.0000 10.0000 2.0000 -4.0000 0.0000 -3.3000 8 1.0000 1.0000 0.9590 -14.0000 -2.0000 6.0000 -6.0000 2.0000 -10.0000 0.3415 0.6205 0.5253 0.3179 0.7007 2.5059 1.9417 4.6986 
11.0000 63.0000 2.0000 4.0000 1.0000 9.9000 2 -1.0000 1.0000 1.2200 10.0000 -2.0000 -6.0000 14.0000 2.0000 6.0000 0.5000 0.5000 0.5000 0.5000 0.5000 2.5000 1.8187 4.5758 
11.0000 49.0000 2.0000 2.0000 1.0000 9.9000 2 -1.0000 1.0000 1.1470 -8.0000 0.0000 8.0000 -4.0000 12.0000 4.0000 0.5000 0.5000 0.5000 0.5000 0.5000 2.5000 1.9434 4.6926 
11.0000 64.0000 2.0000 4.0000 0.0000 -9.9000 8 1.0000 1.0000 1.1700 -2.0000 10.0000 14.0000 -6.0000 6.0000 2.0000 0.3609 0.4922 0.3721 0.5926 0.6901 2.5079 1.8020 4.5671 
11.0000 36.0000 2.0000 0.0000 0.0000 -9.9000 8 1.0000 1.0000 1.3820 -2.0000 6.0000 10.0000 -10.0000 2.0000 -6.0000 0.5947 0.5381 0.4213 0.5557 0.3998 2.5096 1.8371 4.6023 
11.0000 15.0000 2.0000 -2.0000 1.0000 -9.9000 8 1.0000 1.0000 0.9590 -12.0000 -4.0000 8.0000 -8.0000 4.0000 0.0000 0.5000 0.5000 0.5000 0.5000 0.5000 2.5000 1.9375 4.6758 
11.0000 59.0000 2.0000 4.0000 1.0000 -3.3000 8 1.0000 1.0000 1.3490 10.0000 2.0000 -2.0000 6.0000 -6.0000 14.0000 0.5000 0.5000 0.5000 0.5000 0.5000 2.5000 1.8837 4.6260 
11.0000 18.0000 2.0000 -2.0000 1.0000 0.0000 2 -1.0000 0.0000 1.1050 -12.0000 0.0000 8.0000 -4.0000 4.0000 -8.0000 0.5000 0.5000 0.5000 0.5000 0.5000 2.5000 1.8800 4.6259 
11.0000 30.0000 2.0000 0.0000 1.0000 -6.6000 8 1.0000 1.0000 1.7930 2.0000 -6.0000 -10.0000 10.0000 -2.0000 6.0000 0.5000 0.5000 0.5000 0.5000 0.5000 2.5000 1.9876 4.7428 
11.0000 6.0000 2.0000 -4.0000 1.0000 6.6000 2 -1.0000 1.0000 1.2910 -10.0000 -2.0000 2.0000 -6.0000 6.0000 -14.0000 0.5000 0.5000 0.5000 0.5000 0.5000 2.5000 1.8585 4.6092 
11.0000 65.0000 2.0000 4.0000 0.0000 -6.6000 8 1.0000 1.0000 1.1000 -2.0000 10.0000 14.0000 -6.0000 6.0000 2.0000 0.4981 0.4627 0.4255 0.6631 0.4430 2.4923 1.8073 4.5515 
11.0000 3.0000 2.0000 -4.0000 1.0000 -3.3000 8 1.0000 1.0000 0.9680 -14.0000 -2.0000 6.0000 -6.0000 2.0000 -10.0000 0.5000 0.5000 0.5000 0.5000 0.5000 2.5000 1.7528 4.5091 
11.0000 11.0000 2.0000 -4.0000 0.0000 0.0000 2 -1.0000 0.0000 1.4120 -2.0000 -10.0000 -14.0000 6.0000 -6.0000 2.0000 0.4969 0.4606 0.5844 0.3159 0.6460 2.5039 1.8451 4.5963 
11.0000 16.0000 2.0000 -2.0000 1.0000 -6.6000 8 1.0000 1.0000 0.7990 8.0000 -4.0000 -8.0000 0.0000 -12.0000 4.0000 0.5000 0.5000 0.5000 0.5000 0.5000 2.5000 1.8794 4.6257 
11.0000 57.0000 2.0000 4.0000 1.0000 -9.9000 8 1.0000 1.0000 0.7720 -2.0000 10.0000 14.0000 -6.0000 6.0000 2.0000 0.5000 0.5000 0.5000 0.5000 0.5000 2.5000 1.9773 4.7260 
11.0000 50.0000 2.0000 2.0000 0.0000 -9.9000 8 1.0000 1.0000 0.8940 0.0000 8.0000 12.0000 -8.0000 4.0000 -4.0000 0.3398 0.6525 0.5400 0.5998 0.3598 2.4919 1.9585 4.7011 
11.0000 51.0000 2.0000 2.0000 0.0000 -6.6000 8 1.0000 1.0000 0.9030 12.0000 0.0000 -8.0000 4.0000 -4.0000 8.0000 0.3437 0.6428 0.6691 0.3453 0.4997 2.5005 1.9777 4.7264 
11.0000 61.0000 2.0000 4.0000 1.0000 3.3000 2 -1.0000 1.0000 1.2820 2.0000 10.0000 14.0000 -6.0000 6.0000 -2.0000 0.5000 0.5000 0.5000 0.5000 0.5000 2.5000 1.9579 4.7092 
11.0000 12.0000 2.0000 -4.0000 0.0000 3.3000 2 -1.0000 1.0000 0.9170 2.0000 -6.0000 -10.0000 -2.0000 -14.0000 6.0000 0.3469 0.4453 0.3536 0.6489 0.7137 2.5084 1.9297 4.7008 
11.0000 68.0000 2.0000 4.0000 0.0000 3.3000 2 -1.0000 1.0000 0.9680 -6.0000 2.0000 10.0000 -2.0000 14.0000 6.0000 0.6247 0.7140 0.4862 0.3130 0.3704 2.5083 1.7644 4.5342 
11.0000 19.0000 2.0000 -2.0000 1.0000 3.3000 2 -1.0000 1.0000 1.0870 -4.0000 4.0000 8.0000 -12.0000 0.0000 -8.0000 0.5000 0.5000 0.5000 0.5000 0.5000 2.5000 1.9950 4.7427 
11.0000 20.0000 2.0000 -2.0000 1.0000 6.6000 2 -1.0000 1.0000 1.0930 8.0000 0.0000 -12.0000 4.0000 -8.0000 -4.0000 0.5000 0.5000 0.5000 0.5000 0.5000 2.5000 1.9112 4.6592 
11.0000 52.0000 2.0000 2.0000 0.0000 -3.3000 8 1.0000 1.0000 1.0300 12.0000 4.0000 -8.0000 8.0000 -4.0000 0.0000 0.4178 0.7292 0.3348 0.4076 0.6162 2.5056 1.7812 4.5315 
11.0000 34.0000 2.0000 0.0000 1.0000 6.6000 8 1.0000 0.0000 1.2650 10.0000 2.0000 -6.0000 6.0000 -10.0000 -2.0000 0.5000 0.5000 0.5000 0.5000 0.5000 2.5000 1.8765 4.6259 
11.0000 28.0000 2.0000 -2.0000 0.0000 9.9000 2 -1.0000 1.0000 0.9900 8.0000 -4.0000 -8.0000 0.0000 -12.0000 4.0000 0.3561 0.7813 0.4165 0.5529 0.3918 2.4986 1.9248 4.6746 
11.0000 43.0000 2.0000 2.0000 1.0000 -9.9000 8 1.0000 1.0000 0.5460 0.0000 8.0000 12.0000 -8.0000 4.0000 -4.0000 0.5000 0.5000 0.5000 0.5000 0.5000 2.5000 1.8535 4.5924 
11.0000 38.0000 2.0000 0.0000 0.0000 -3.3000 8 1.0000 1.0000 1.1430 -10.0000 2.0000 6.0000 -2.0000 10.0000 -6.0000 0.6498 0.3507 0.4995 0.4443 0.5557 2.5001 1.8433 4.6093 
11.0000 55.0000 2.0000 2.0000 0.0000 6.6000 2 -1.0000 1.0000 1.0680 12.0000 0.0000 -4.0000 4.0000 -8.0000 8.0000 0.6681 0.5846 0.3108 0.3639 0.5763 2.5037 1.8285 4.5963 
11.0000 14.0000 2.0000 -4.0000 0.0000 9.9000 2 -1.0000 1.0000 1.8580 6.0000 -2.0000 -10.0000 2.0000 -14.0000 -6.0000 0.6241 0.5095 0.3051 0.5473 0.5144 2.5003 1.8964 4.6430 
11.0000 56.0000 2.0000 2.0000 0.0000 9.9000 2 -1.0000 1.0000 0.6450 12.0000 0.0000 -8.0000 4.0000 -4.0000 8.0000 0.5137 0.4559 0.7759 0.3379 0.4140 2.4974 1.7835 4.5399 
11.0000 44.0000 2.0000 2.0000 1.0000 -6.6000 8 1.0000 1.0000 1.1120 8.0000 0.0000 -8.0000 4.0000 -4.0000 12.0000 0.5000 0.5000 0.5000 0.5000 0.5000 2.5000 1.8321 4.5758 
11.0000 60.0000 2.0000 4.0000 1.0000 0.0000 8 1.0000 0.0000 1.2260 14.0000 6.0000 -2.0000 10.0000 -6.0000 2.0000 0.5000 0.5000 0.5000 0.5000 0.5000 2.5000 1.9489 4.6926 
11.0000 70.0000 2.0000 4.0000 0.0000 9.9000 2 -1.0000 1.0000 1.1530 -6.0000 6.0000 14.0000 2.0000 10.0000 -2.0000 0.3087 0.3613 0.7275 0.6885 0.4140 2.5001 1.7742 4.5259 
11.0000 15.0000 3.0000 -2.0000 1.0000 -9.9000 8 1.0000 1.0000 1.0970 8.0000 0.0000 -8.0000 4.0000 -12.0000 -4.0000 0.5000 0.5000 0.5000 0.5000 0.5000 2.5000 1.8532 4.6092 
11.0000 55.0000 3.0000 2.0000 0.0000 6.6000 2 -1.0000 1.0000 0.8020 -4.0000 8.0000 12.0000 -8.0000 4.0000 0.0000 0.6045 0.4969 0.3789 0.5533 0.4707 2.5044 1.9768 4.7303 
11.0000 66.0000 3.0000 4.0000 0.0000 -3.3000 8 1.0000 1.0000 0.7540 10.0000 2.0000 -2.0000 6.0000 -6.0000 14.0000 0.6420 0.3523 0.3127 0.4630 0.7329 2.5029 1.7511 4.4953 
11.0000 28.0000 3.0000 -2.0000 0.0000 9.9000 2 -1.0000 1.0000 1.0300 4.0000 -4.0000 -8.0000 0.0000 -12.0000 8.0000 0.4161 0.5555 0.6698 0.3394 0.5288 2.5097 1.9327 4.6855 
11.0000 30.0000 3.0000 0.0000 1.0000 -6.6000 8 1.0000 1.0000 1.1780 2.0000 -6.0000 -10.0000 10.0000 -2.0000 6.0000 0.5000 0.5000 0.5000 0.5000 0.5000 2.5000 1.7703 4.5091 
11.0000 50.0000 3.0000 2.0000 0.0000 -9.9000 8 1.0000 1.0000 0.6470 -8.0000 0.0000 8.0000 -4.0000 12.0000 4.0000 0.4977 0.7100 0.3265 0.5218 0.4467 2.5026 1.8216 4.5786 
11.0000 25.0000 3.0000 -2.0000 0.0000 0.0000 8 1.0000 0.0000 1.1940 8.0000 -4.0000 -8.0000 0.0000 -12.0000 4.0000 0.3235 0.5181 0.7882 0.3062 0.5602 2.4963 1.8027 4.5554 
11.0000 14.0000 3.0000 -4.0000 0.0000 9.9000 2 -1.0000 1.0000 0.6370 6.0000 -6.0000 -10.0000 -2.0000 -14.0000 2.0000 0.5889 0.5098 0.3001 0.6696 0.4335 2.5019 1.8725 4.6278 
11.0000 40.0000 3.0000 0.0000 0.0000 3.3000 8 1.0000 0.0000 1.2650 -6.0000 2.0000 6.0000 -2.0000 10.0000 -10.0000 0.3335 0.6189 0.4222 0.7655 0.3613 2.5014 1.9751 4.7274 
11.0000 42.0000 3.0000 0.0000 0.0000 9.9000 2 -1.0000 1.0000 0.7550 6.0000 -6.0000 -10.0000 10.0000 -2.0000 2.0000 0.5121 0.4097 0.6908 0.3968 0.4811 2.4906 1.8403 4.5831 
11.0000 24.0000 3.0000 -2.0000 0.0000 -3.3000 8 1.0000 1.0000 0.9180 -12.0000 0.0000 4.0000 -4.0000 8.0000 -8.0000 0.3369 0.7830 0.3485 0.4738 0.5503 2.4925 1.9380 4.6851 
11.0000 6.0000 3.0000 -4.0000 1.0000 6.6000 2 -1.0000 1.0000 1.9290 -2.0000 -10.0000 -14.0000 6.0000 -6.0000 2.0000 0.5000 0.5000 0.5000 0.5000 0.5000 2.5000 1.9685 4.7093 
11.0000 41.0000 3.0000 0.0000 0.0000 6.6000 2 -1.0000 1.0000 1.2980 10.0000 2.0000 -6.0000 6.0000 -10.0000 -2.0000 0.3379 0.5449 0.6329 0.6035 0.3796 2.4989 1.7972 4.5415 
11.0000 67.0000 3.0000 4.0000 0.0000 0.0000 8 1.0000 0.0000 1.9410 -6.0000 6.0000 14.0000 2.0000 10.0000 -2.0000 0.3811 0.5619 0.3498 0.5455 0.6689 2.5073 1.7514 4.4997 
11.0000 27.0000 3.0000 -2.0000 0.0000 6.6000 2 -1.0000 1.0000 1.5560 8.0000 0.0000 -12.0000 4.0000 -8.0000 -4.0000 0.6187 0.5488 0.4735 0.3609 0.4916 2.4936 1.8352 4.5861 
11.0000 9.0000 3.0000 -4.0000 0.0000 -6.6000 8 1.0000 1.0000 1.2510 2.0000 -6.0000 -10.0000 -2.0000 -14.0000 6.0000 0.4768 0.5639 0.4659 0.5681 0.4181 2.4928 1.9027 4.6522 
11.0000 54.0000 3.0000 2.0000 0.0000 3.3000 8 1.0000 0.0000 2.2970 8.0000 -4.0000 -8.0000 12.0000 0.0000 4.0000 0.5783 0.3140 0.7132 0.3421 0.5491 2.4967 1.9370 4.6893 
11.0000 34.0000 3.0000 0.0000 1.0000 6.6000 2 -1.0000 1.0000 1.6190 -10.0000 -2.0000 10.0000 -6.0000 6.0000 2.0000 0.5000 0.5000 0.5000 0.5000 0.5000 2.5000 1.7701 4.5259 
11.0000 18.0000 3.0000 -2.0000 1.0000 0.0000 2 -1.0000 0.0000 1.0380 8.0000 -4.0000 -8.0000 0.0000 -12.0000 4.0000 0.5000 0.5000 0.5000 0.5000 0.5000 2.5000 1.8255 4.5758 
11.0000 68.0000 3.0000 4.0000 0.0000 3.3000 2 -1.0000 1.0000 2.1080 -6.0000 6.0000 10.0000 2.0000 14.0000 -2.0000 0.5899 0.4432 0.6029 0.3227 0.5379 2.4965 1.7911 4.5391 
11.0000 26.0000 3.0000 -2.0000 0.0000 3.3000 2 -1.0000 1.0000 1.3740 8.0000 0.0000 -8.0000 4.0000 -12.0000 -4.0000 0.3851 0.4567 0.4955 0.4465 0.7180 2.5018 1.9545 4.6944 
11.0000 8.0000 3.0000 -4.0000 0.0000 -9.9000 8 1.0000 1.0000 1.0680 6.0000 -6.0000 -14.0000 -2.0000 -10.0000 2.0000 0.3539 0.4605 0.7381 0.3514 0.5988 2.5027 1.8246 4.5785 
11.0000 60.0000 3.0000 4.0000 1.0000 0.0000 8 1.0000 0.0000 1.9380 -6.0000 6.0000 14.0000 2.0000 10.0000 -2.0000 0.5000 0.5000 0.5000 0.5000 0.5000 2.5000 1.8776 4.6427 
11.0000 48.0000 3.0000 2.0000 1.0000 6.6000 2 -1.0000 1.0000 0.9290 -8.0000 4.0000 8.0000 0.0000 12.0000 -4.0000 0.5000 0.5000 0.5000 0.5000 0.5000 2.5000 1.7801 4.5426 
11.0000 32.0000 3.0000 0.0000 1.0000 0.0000 2 -1.0000 0.0000 1.5100 2.0000 -6.0000 -10.0000 10.0000 -2.0000 6.0000 0.5000 0.5000 0.5000 0.5000 0.5000 2.5000 1.8711 4.6258 
11.0000 35.0000 3.0000 0.0000 1.0000 9.9000 2 -1.0000 1.0000 1.2410 6.0000 -6.0000 -10.0000 10.0000 -2.0000 2.0000 0.5000 0.5000 0.5000 0.5000 0.5000 2.5000 1.9313 4.6760 
11.0000 45.0000 3.0000 2.0000 1.0000 -3.3000 8 1.0000 1.0000 1.7190 12.0000 0.0000 -8.0000 4.0000 -4.0000 8.0000 0.5000 0.5000 0.5000 0.5000 0.5000 2.5000 1.7636 4.5091 
11.0000 61.0000 3.0000 4.0000 1.0000 3.3000 2 -1.0000 1.0000 1.8100 -6.0000 6.0000 14.0000 2.0000 10.0000 -2.0000 0.5000 0.5000 0.5000 0.5000 0.5000 2.5000 1.9787 4.7260 
11.0000 36.0000 3.0000 0.0000 0.0000 -9.9000 8 1.0000 1.0000 1.1840 -2.0000 6.0000 10.0000 -10.0000 2.0000 -6.0000 0.7405 0.5558 0.3133 0.4271 0.4680 2.5047 1.9970 4.7473 
11.0000 5.0000 3.0000 -4.0000 1.0000 3.3000 8 1.0000 0.0000 1.9830 6.0000 -6.0000 -14.0000 -2.0000 -10.0000 2.0000 0.5000 0.5000 0.5000 0.5000 0.5000 2.5000 1.7598 4.5090 
11.0000 10.0000 3.0000 -4.0000 0.0000 -3.3000 8 1.0000 1.0000 1.2000 -10.0000 2.0000 6.0000 -14.0000 -2.0000 -6.0000 0.5760 0.4348 0.7043 0.4252 0.3608 2.5011 1.8637 4.6102 
11.0000 49.0000 3.0000 2.0000 1.0000 9.9000 2 -1.0000 1.0000 1.0450 0.0000 8.0000 12.0000 -8.0000 4.0000 -4.0000 0.5000 0.5000 0.5000 0.5000 0.5000 2.5000 1.8291 4.5925 
11.0000 58.0000 3.0000 4.0000 1.0000 -6.6000 8 1.0000 1.0000 1.0760 -2.0000 10.0000 14.0000 -6.0000 6.0000 2.0000 0.5000 0.5000 0.5000 0.5000 0.5000 2.5000 1.8738 4.6257 
11.0000 13.0000 3.0000 -4.0000 0.0000 6.6000 2 -1.0000 1.0000 1.3740 2.0000 -10.0000 -14.0000 6.0000 -6.0000 -2.0000 0.4481 0.3759 0.6279 0.3572 0.6923 2.5015 1.8277 4.5774 
11.0000 69.0000 3.0000 4.0000 0.0000 6.6000 2 -1.0000 1.0000 2.4020 -6.0000 2.0000 14.0000 -2.0000 10.0000 6.0000 0.3911 0.7046 0.4196 0.5515 0.4373 2.5042 1.8480 4.5966 
11.0000 16.0000 3.0000 -2.0000 1.0000 -6.6000 8 1.0000 1.0000 0.7770 -12.0000 0.0000 4.0000 -4.0000 8.0000 -8.0000 0.5000 0.5000 0.5000 0.5000 0.5000 2.5000 1.9039 4.6592 
11.0000 37.0000 3.0000 0.0000 0.0000 -6.6000 8 1.0000 1.0000 0.8640 -6.0000 2.0000 6.0000 -2.0000 10.0000 -10.0000 0.4007 0.4943 0.3902 0.4172 0.7925 2.4949 1.9925 4.7376 
11.0000 47.0000 3.0000 2.0000 1.0000 3.3000 2 -1.0000 1.0000 0.8820 -4.0000 8.0000 12.0000 -8.0000 4.0000 0.0000 0.5000 0.5000 0.5000 0.5000 0.5000 2.5000 1.8287 4.5760 
11.0000 43.0000 3.0000 2.0000 1.0000 -9.9000 8 1.0000 1.0000 1.0380 12.0000 0.0000 -4.0000 4.0000 -8.0000 8.0000 0.5000 0.5000 0.5000 0.5000 0.5000 2.5000 1.7677 4.5093 
11.0000 11.0000 3.0000 -4.0000 0.0000 0.0000 8 1.0000 0.0000 0.9130 6.0000 -6.0000 -10.0000 -2.0000 -14.0000 2.0000 0.4717 0.5034 0.5374 0.6707 0.3187 2.5018 1.8081 4.5610 
11.0000 63.0000 3.0000 4.0000 1.0000 9.9000 2 -1.0000 1.0000 1.0220 10.0000 -2.0000 -6.0000 14.0000 2.0000 6.0000 0.5000 0.5000 0.5000 0.5000 0.5000 2.5000 1.8855 4.6425 
11.0000 70.0000 3.0000 4.0000 0.0000 9.9000 2 -1.0000 1.0000 1.6280 2.0000 10.0000 14.0000 -6.0000 6.0000 -2.0000 0.4456 0.5137 0.3804 0.6372 0.5144 2.4914 1.7595 4.5007 
11.0000 20.0000 3.0000 -2.0000 1.0000 6.6000 2 -1.0000 1.0000 1.2010 -8.0000 0.0000 8.0000 -4.0000 4.0000 -12.0000 0.5000 0.5000 0.5000 0.5000 0.5000 2.5000 1.9572 4.7093 
11.0000 39.0000 3.0000 0.0000 0.0000 0.0000 8 1.0000 0.0000 0.9960 10.0000 2.0000 -10.0000 6.0000 -6.0000 -2.0000 0.4060 0.4513 0.3661 0.6810 0.5880 2.4924 1.8527 4.6016 
11.0000 3.0000 3.0000 -4.0000 1.0000 -3.3000 8 1.0000 1.0000 0.8270 -10.0000 -2.0000 2.0000 -6.0000 6.0000 -14.0000 0.5000 0.5000 0.5000 0.5000 0.5000 2.5000 1.7538 4.5091 
11.0000 51.0000 3.0000 2.0000 0.0000 -6.6000 8 1.0000 1.0000 1.5790 -8.0000 4.0000 8.0000 0.0000 12.0000 -4.0000 0.7510 0.4963 0.3050 0.3522 0.6025 2.5069 1.7508 4.4995 
11.0000 7.0000 3.0000 -4.0000 1.0000 9.9000 8 1.0000 0.0000 1.5210 -10.0000 2.0000 6.0000 -14.0000 -2.0000 -6.0000 0.5000 0.5000 0.5000 0.5000 0.5000 2.5000 1.9723 4.7260 
11.0000 38.0000 3.0000 0.0000 0.0000 -3.3000 8 1.0000 1.0000 0.8520 10.0000 2.0000 -10.0000 6.0000 -6.0000 -2.0000 0.5599 0.4728 0.7564 0.3057 0.4014 2.4962 1.7883 4.5220 
11.0000 46.0000 3.0000 2.0000 1.0000 0.0000 2 -1.0000 0.0000 1.4590 8.0000 0.0000 -8.0000 4.0000 -4.0000 12.0000 0.5000 0.5000 0.5000 0.5000 0.5000 2.5000 1.8646 4.6259 
11.0000 56.0000 3.0000 2.0000 0.0000 9.9000 2 -1.0000 1.0000 1.1560 4.0000 -4.0000 -8.0000 12.0000 0.0000 8.0000 0.5505 0.4375 0.4115 0.6285 0.4646 2.4927 1.8419 4.5851 
11.0000 52.0000 3.0000 2.0000 0.0000 -3.3000 8 1.0000 1.0000 1.2710 -4.0000 4.0000 12.0000 0.0000 8.0000 -8.0000 0.3563 0.6384 0.3752 0.6198 0.5086 2.4984 1.8713 4.6242 
11.0000 22.0000 3.0000 -2.0000 0.0000 -9.9000 8 1.0000 1.0000 1.2860 -4.0000 4.0000 8.0000 -12.0000 0.0000 -8.0000 0.6782 0.3544 0.5171 0.5597 0.3990 2.5085 1.9062 4.6677 
11.0000 62.0000 3.0000 4.0000 1.0000 6.6000 2 -1.0000 1.0000 0.8420 -6.0000 6.0000 14.0000 2.0000 10.0000 -2.0000 0.5000 0.5000 0.5000 0.5000 0.5000 2.5000 1.9336 4.6926 
11.0000 2.0000 3.0000 -4.0000 1.0000 -6.6000 8 1.0000 1.0000 1.2140 6.0000 -2.0000 -14.0000 2.0000 -10.0000 -6.0000 0.5000 0.5000 0.5000 0.5000 0.5000 2.5000 1.7958 4.5424 
11.0000 21.0000 3.0000 -2.0000 1.0000 9.9000 8 1.0000 0.0000 1.1590 -8.0000 0.0000 8.0000 -4.0000 4.0000 -12.0000 0.5000 0.5000 0.5000 0.5000 0.5000 2.5000 1.9336 4.6759 
11.0000 4.0000 3.0000 -4.0000 1.0000 0.0000 8 1.0000 0.0000 1.1420 -6.0000 2.0000 6.0000 -14.0000 -2.0000 -10.0000 0.5000 0.5000 0.5000 0.5000 0.5000 2.5000 1.8068 4.5592 
11.0000 23.0000 3.0000 -2.0000 0.0000 -6.6000 8 1.0000 1.0000 0.8140 0.0000 -8.0000 -12.0000 8.0000 -4.0000 4.0000 0.6467 0.4014 0.5449 0.3637 0.5389 2.4956 1.7679 4.5048 
11.0000 44.0000 3.0000 2.0000 1.0000 -6.6000 8 1.0000 1.0000 1.5430 12.0000 4.0000 -4.0000 8.0000 -8.0000 0.0000 0.5000 0.5000 0.5000 0.5000 0.5000 2.5000 1.9444 4.7094 
11.0000 64.0000 3.0000 4.0000 0.0000 -9.9000 8 1.0000 1.0000 0.8490 2.0000 10.0000 14.0000 -6.0000 6.0000 -2.0000 0.6657 0.4331 0.7058 0.3311 0.3669 2.5027 1.8735 4.6286 
11.0000 33.0000 3.0000 0.0000 1.0000 3.3000 2 -1.0000 1.0000 1.0490 6.0000 -2.0000 -10.0000 2.0000 -6.0000 10.0000 0.5000 0.5000 0.5000 0.5000 0.5000 2.5000 1.8759 4.6260 
11.0000 53.0000 3.0000 2.0000 0.0000 0.0000 2 -1.0000 0.0000 1.3730 4.0000 -4.0000 -8.0000 12.0000 0.0000 8.0000 0.4073 0.5523 0.4793 0.7543 0.3160 2.5092 1.7713 4.5350 
11.0000 57.0000 3.0000 4.0000 1.0000 -9.9000 8 1.0000 1.0000 1.2230 -2.0000 6.0000 14.0000 2.0000 10.0000 -6.0000 0.5000 0.5000 0.5000 0.5000 0.5000 2.5000 1.8859 4.6426 
11.0000 29.0000 3.0000 0.0000 1.0000 -9.9000 8 1.0000 1.0000 1.0140 6.0000 -2.0000 -6.0000 2.0000 -10.0000 10.0000 0.5000 0.5000 0.5000 0.5000 0.5000 2.5000 1.9241 4.6760 
11.0000 19.0000 3.0000 -2.0000 1.0000 3.3000 2 -1.0000 1.0000 1.8580 -8.0000 4.0000 8.0000 -12.0000 0.0000 -4.0000 0.5000 0.5000 0.5000 0.5000 0.5000 2.5000 1.8538 4.6092 
11.0000 59.0000 3.0000 4.0000 1.0000 -3.3000 2 -1.0000 0.0000 1.6210 -6.0000 6.0000 14.0000 2.0000 10.0000 -2.0000 0.5000 0.5000 0.5000 0.5000 0.5000 2.5000 1.7794 4.5259 
11.0000 65.0000 3.0000 4.0000 0.0000 -6.6000 8 1.0000 1.0000 1.2130 -2.0000 10.0000 14.0000 -6.0000 6.0000 2.0000 0.6131 0.3493 0.5157 0.5964 0.4289 2.5035 1.8920 4.6461 
11.0000 31.0000 3.0000 0.0000 1.0000 -3.3000 8 1.0000 1.0000 3.0520 -6.0000 2.0000 10.0000 -2.0000 6.0000 -10.0000 0.5000 0.5000 0.5000 0.5000 0.5000 2.5000 1.9325 4.6926 
11.0000 12.0000 3.0000 -4.0000 0.0000 3.3000 2 -1.0000 1.0000 0.8250 -14.0000 -6.0000 2.0000 -10.0000 6.0000 -2.0000 0.4332 0.3494 0.7160 0.5850 0.4258 2.5095 1.7513 4.5186 
11.0000 1.0000 3.0000 -4.0000 1.0000 -9.9000 8 1.0000 1.0000 1.1800 2.0000 -10.0000 -14.0000 6.0000 -6.0000 -2.0000 0.5000 0.5000 0.5000 0.5000 0.5000 2.5000 1.9736 4.7259 
11.0000 17.0000 3.0000 -2.0000 1.0000 -3.3000 8 1.0000 1.0000 1.1230 -12.0000 -4.0000 8.0000 -8.0000 4.0000 0.0000 0.5000 0.5000 0.5000 0.5000 0.5000 2.5000 1.9938 4.7426 
11.0000 8.0000 4.0000 -4.0000 0.0000 -9.9000 8 1.0000 1.0000 1.7250 -14.0000 -2.0000 6.0000 -6.0000 2.0000 -10.0000 0.3080 0.3410 0.7669 0.3869 0.6995 2.5022 1.9331 4.6950 
11.0000 5.0000 4.0000 -4.0000 1.0000 3.3000 2 -1.0000 1.0000 1.6220 -6.0000 2.0000 6.0000 -14.0000 -2.0000 -10.0000 0.5000 0.5000 0.5000 0.5000 0.5000 2.5000 1.7775 4.5258 
11.0000 49.0000 4.0000 2.0000 1.0000 9.9000 2 -1.0000 1.0000 2.0300 -4.0000 4.0000 8.0000 0.0000 12.0000 -8.0000 0.5000 0.5000 0.5000 0.5000 0.5000 2.5000 1.8945 4.6426 
11.0000 27.0000 4.0000 -2.0000 0.0000 6.6000 2 -1.0000 1.0000 1.4120 -12.0000 0.0000 8.0000 -4.0000 4.0000 -8.0000 0.7469 0.4421 0.5297 0.3576 0.4188 2.4951 1.9465 4.6877 
11.0000 47.0000 4.0000 2.0000 1.0000 3.3000 2 -1.0000 1.0000 1.5930 12.0000 4.0000 -4.0000 8.0000 -8.0000 0.0000 0.5000 0.5000 0.5000 0.5000 0.5000 2.5000 1.7958 4.5425 
11.0000 17.0000 4.0000 -2.0000 1.0000 -3.3000 8 1.0000 1.0000 1.8330 0.0000 -8.0000 -12.0000 8.0000 -4.0000 4.0000 0.5000 0.5000 0.5000 0.5000 0.5000 2.5000 1.9186 4.6591 
11.0000 24.0000 4.0000 -2.0000 0.0000 -3.3000 8 1.0000 1.0000 0.8870 8.0000 0.0000 -12.0000 4.0000 -8.0000 -4.0000 0.3327 0.5218 0.4572 0.6198 0.5588 2.4904 1.7678 4.4995 
11.0000 61.0000 4.0000 4.0000 1.0000 3.3000 8 1.0000 0.0000 1.4650 -2.0000 6.0000 10.0000 2.0000 14.0000 -6.0000 0.5000 0.5000 0.5000 0.5000 0.5000 2.5000 1.8143 4.5591 
11.0000 21.0000 4.0000 -2.0000 1.0000 9.9000 2 -1.0000 1.0000 0.9390 -8.0000 0.0000 4.0000 -4.0000 8.0000 -12.0000 0.5000 0.5000 0.5000 0.5000 0.5000 2.5000 1.8053 4.5593 
11.0000 34.0000 4.0000 0.0000 1.0000 6.6000 2 -1.0000 1.0000 1.3180 10.0000 2.0000 -6.0000 6.0000 -10.0000 -2.0000 0.5000 0.5000 0.5000 0.5000 0.5000 2.5000 1.9210 4.6758 
11.0000 10.0000 4.0000 -4.0000 0.0000 -3.3000 8 1.0000 1.0000 1.7020 -6.0000 2.0000 6.0000 -14.0000 -2.0000 -10.0000 0.5683 0.3863 0.6524 0.3218 0.5805 2.5093 1.9497 4.7186 
11.0000 7.0000 4.0000 -4.0000 1.0000 9.9000 2 -1.0000 1.0000 0.9450 -6.0000 2.0000 6.0000 -14.0000 -2.0000 -10.0000 0.5000 0.5000 0.5000 0.5000 0.5000 2.5000 1.9584 4.7092 
11.0000 64.0000 4.0000 4.0000 0.0000 -9.9000 8 1.0000 1.0000 1.7860 10.0000 2.0000 -6.0000 6.0000 -2.0000 14.0000 0.6678 0.3990 0.6056 0.4569 0.3622 2.4915 1.9968 4.7342 
11.0000 67.0000 4.0000 4.0000 0.0000 0.0000 8 1.0000 0.0000 1.6920 10.0000 -2.0000 -6.0000 14.0000 2.0000 6.0000 0.3667 0.4927 0.4507 0.6125 0.5744 2.4969 1.8794 4.6228 
11.0000 59.0000 4.0000 4.0000 1.0000 -3.3000 8 1.0000 1.0000 1.2690 -2.0000 6.0000 10.0000 2.0000 14.0000 -6.0000 0.5000 0.5000 0.5000 0.5000 0.5000 2.5000 1.8333 4.5758 
11.0000 6.0000 4.0000 -4.0000 1.0000 6.6000 2 -1.0000 1.0000 1.0820 2.0000 -6.0000 -14.0000 -2.0000 -10.0000 6.0000 0.5000 0.5000 0.5000 0.5000 0.5000 2.5000 1.9122 4.6591 
11.0000 39.0000 4.0000 0.0000 0.0000 0.0000 8 1.0000 0.0000 1.4860 6.0000 -2.0000 -6.0000 2.0000 -10.0000 10.0000 0.3040 0.5684 0.6652 0.6302 0.3372 2.5051 1.7837 4.5309 
11.0000 36.0000 4.0000 0.0000 0.0000 -9.9000 8 1.0000 1.0000 0.7830 6.0000 -2.0000 -10.0000 2.0000 -6.0000 10.0000 0.4058 0.3332 0.7783 0.6390 0.3462 2.5025 1.9894 4.7450 
11.0000 29.0000 4.0000 0.0000 1.0000 -9.9000 8 1.0000 1.0000 0.9770 6.0000 -6.0000 -10.0000 10.0000 -2.0000 2.0000 0.5000 0.5000 0.5000 0.5000 0.5000 2.5000 1.8790 4.6426 
11.0000 63.0000 4.0000 4.0000 1.0000 9.9000 2 -1.0000 1.0000 1.2200 -6.0000 6.0000 14.0000 2.0000 10.0000 -2.0000 0.5000 0.5000 0.5000 0.5000 0.5000 2.5000 1.8518 4.6092 
11.0000 43.0000 4.0000 2.0000 1.0000 -9.9000 8 1.0000 1.0000 0.9810 -8.0000 0.0000 8.0000 -4.0000 12.0000 4.0000 0.5000 0.5000 0.5000 0.5000 0.5000 2.5000 1.8815 4.6259 
11.0000 23.0000 4.0000 -2.0000 0.0000 -6.6000 8 1.0000 1.0000 1.2890 -12.0000 -4.0000 8.0000 -8.0000 4.0000 0.0000 0.5028 0.6196 0.3000 0.4098 0.6720 2.5042 1.9113 4.6635 
11.0000 11.0000 4.0000 -4.0000 0.0000 0.0000 2 -1.0000 0.0000 1.0030 2.0000 -10.0000 -14.0000 6.0000 -6.0000 -2.0000 0.4324 0.7067 0.5223 0.3560 0.4765 2.4939 1.9557 4.7031 
11.0000 70.0000 4.0000 4.0000 0.0000 9.9000 2 -1.0000 1.0000 1.1690 -6.0000 2.0000 10.0000 -2.0000 14.0000 6.0000 0.3452 0.7007 0.5765 0.3192 0.5639 2.5055 1.9773 4.7315 
11.0000 28.0000 4.0000 -2.0000 0.0000 9.9000 2 -1.0000 1.0000 1.2050 8.0000 -4.0000 -12.0000 0.0000 -8.0000 4.0000 0.3854 0.5112 0.7620 0.4609 0.3816 2.5012 1.8608 4.6104 
11.0000 41.0000 4.0000 0.0000 0.0000 6.6000 2 -1.0000 1.0000 1.7060 6.0000 -2.0000 -6.0000 2.0000 -10.0000 10.0000 0.5045 0.3508 0.4062 0.5103 0.7378 2.5096 1.8244 4.5687 
11.0000 37.0000 4.0000 0.0000 0.0000 -6.6000 8 1.0000 1.0000 0.9870 6.0000 -2.0000 -10.0000 2.0000 -6.0000 10.0000 0.4047 0.4549 0.3227 0.5713 0.7377 2.4914 1.7995 4.5507 
11.0000 18.0000 4.0000 -2.0000 1.0000 0.0000 2 -1.0000 0.0000 1.2820 4.0000 -4.0000 -8.0000 0.0000 -12.0000 8.0000 0.5000 0.5000 0.5000 0.5000 0.5000 2.5000 1.9155 4.6759 
11.0000 3.0000 4.0000 -4.0000 1.0000 -3.3000 8 1.0000 1.0000 2.1970 -6.0000 2.0000 6.0000 -14.0000 -2.0000 -10.0000 0.5000 0.5000 0.5000 0.5000 0.5000 2.5000 1.9631 4.7092 
11.0000 19.0000 4.0000 -2.0000 1.0000 3.3000 2 -1.0000 1.0000 1.2990 8.0000 0.0000 -8.0000 4.0000 -12.0000 -4.0000 0.5000 0.5000 0.5000 0.5000 0.5000 2.5000 1.7920 4.5424 
11.0000 66.0000 4.0000 4.0000 0.0000 -3.3000 8 1.0000 1.0000 0.8320 10.0000 -2.0000 -6.0000 14.0000 2.0000 6.0000 0.3810 0.4910 0.4204 0.7708 0.4359 2.4991 1.8927 4.6417 
11.0000 57.0000 4.0000 4.0000 1.0000 -9.9000 8 1.0000 1.0000 0.6910 6.0000 -2.0000 -6.0000 14.0000 2.0000 10.0000 0.5000 0.5000 0.5000 0.5000 0.5000 2.5000 1.8849 4.6260 
11.0000 69.0000 4.0000 4.0000 0.0000 6.6000 2 -1.0000 1.0000 0.8770 14.0000 2.0000 -6.0000 6.0000 -2.0000 10.0000 0.4124 0.3117 0.6280 0.6651 0.4799 2.4970 1.7684 4.5063 
11.0000 68.0000 4.0000 4.0000 0.0000 3.3000 2 -1.0000 1.0000 1.0240 14.0000 2.0000 -6.0000 6.0000 -2.0000 10.0000 0.4129 0.7978 0.3020 0.6369 0.3487 2.4983 1.9986 4.7408 
11.0000 13.0000 4.0000 -4.0000 0.0000 6.6000 2 -1.0000 1.0000 0.9080 2.0000 -6.0000 -10.0000 -2.0000 -14.0000 6.0000 0.4220 0.7666 0.3466 0.4505 0.5110 2.4966 1.8345 4.5724 
11.0000 65.0000 4.0000 4.0000 0.0000 -6.6000 8 1.0000 1.0000 1.2140 14.0000 2.0000 -2.0000 6.0000 -6.0000 10.0000 0.4446 0.6238 0.4646 0.5164 0.4556 2.5052 1.9881 4.7479 
11.0000 4.0000 4.0000 -4.0000 1.0000 0.0000 2 -1.0000 0.0000 1.7220 2.0000 -6.0000 -14.0000 -2.0000 -10.0000 6.0000 0.5000 0.5000 0.5000 0.5000 0.5000 2.5000 1.7695 4.5257 
11.0000 12.0000 4.0000 -4.0000 0.0000 3.3000 8 1.0000 0.0000 1.2980 2.0000 -6.0000 -10.0000 -2.0000 -14.0000 6.0000 0.5582 0.3555 0.7535 0.4409 0.3887 2.4969 1.7753 4.5227 
11.0000 54.0000 4.0000 2.0000 0.0000 3.3000 2 -1.0000 1.0000 2.2690 4.0000 -4.0000 -8.0000 12.0000 0.0000 8.0000 0.6064 0.4198 0.3226 0.5074 0.6341 2.4903 1.8009 4.5496 
11.0000 30.0000 4.0000 0.0000 1.0000 -6.6000 8 1.0000 1.0000 1.0010 10.0000 -2.0000 -10.0000 2.0000 -6.0000 6.0000 0.5000 0.5000 0.5000 0.5000 0.5000 2.5000 1.9096 4.6593 
11.0000 14.0000 4.0000 -4.0000 0.0000 9.9000 2 -1.0000 1.0000 1.0800 -14.0000 -6.0000 2.0000 -10.0000 6.0000 -2.0000 0.4545 0.3761 0.7153 0.4969 0.4541 2.4969 1.9646 4.7061 
11.0000 58.0000 4.0000 4.0000 1.0000 -6.6000 8 1.0000 1.0000 1.0430 -6.0000 2.0000 14.0000 -2.0000 10.0000 6.0000 0.5000 0.5000 0.5000 0.5000 0.5000 2.5000 1.7738 4.5258 
11.0000 55.0000 4.0000 2.0000 0.0000 6.6000 2 -1.0000 1.0000 1.3880 12.0000 4.0000 -4.0000 8.0000 -8.0000 0.0000 0.3315 0.5780 0.5004 0.6471 0.4423 2.4994 1.8918 4.6418 
11.0000 32.0000 4.0000 0.0000 1.0000 0.0000 8 1.0000 0.0000 0.8560 -10.0000 -2.0000 6.0000 -6.0000 10.0000 2.0000 0.5000 0.5000 0.5000 0.5000 0.5000 2.5000 1.8124 4.5591 
11.0000 35.0000 4.0000 0.0000 1.0000 9.9000 2 -1.0000 1.0000 1.2010 10.0000 -2.0000 -10.0000 2.0000 -6.0000 6.0000 0.5000 0.5000 0.5000 0.5000 0.5000 2.5000 1.9016 4.6592 
11.0000 16.0000 4.0000 -2.0000 1.0000 -6.6000 8 1.0000 1.0000 0.8910 -8.0000 4.0000 8.0000 -12.0000 0.0000 -4.0000 0.5000 0.5000 0.5000 0.5000 0.5000 2.5000 1.8529 4.6092 
11.0000 33.0000 4.0000 0.0000 1.0000 3.3000 2 -1.0000 1.0000 0.7170 -6.0000 2.0000 10.0000 -2.0000 6.0000 -10.0000 0.5000 0.5000 0.5000 0.5000 0.5000 2.5000 1.7543 4.5092 
11.0000 60.0000 4.0000 4.0000 1.0000 0.0000 2 -1.0000 0.0000 1.4970 -6.0000 6.0000 10.0000 2.0000 14.0000 -2.0000 0.5000 0.5000 0.5000 0.5000 0.5000 2.5000 1.9131 4.6592 
11.0000 48.0000 4.0000 2.0000 1.0000 6.6000 2 -1.0000 1.0000 1.9830 0.0000 8.0000 12.0000 -8.0000 4.0000 -4.0000 0.5000 0.5000 0.5000 0.5000 0.5000 2.5000 1.8960 4.6426 
11.0000 20.0000 4.0000 -2.0000 1.0000 6.6000 2 -1.0000 1.0000 1.9640 -8.0000 0.0000 8.0000 -4.0000 4.0000 -12.0000 0.5000 0.5000 0.5000 0.5000 0.5000 2.5000 1.8411 4.5924 
11.0000 42.0000 4.0000 0.0000 0.0000 9.9000 2 -1.0000 1.0000 1.1140 -6.0000 6.0000 10.0000 -10.0000 2.0000 -2.0000 0.5632 0.7071 0.4230 0.4737 0.3377 2.5047 1.8211 4.5638 
11.0000 25.0000 4.0000 -2.0000 0.0000 0.0000 8 1.0000 0.0000 0.8530 8.0000 0.0000 -12.0000 4.0000 -8.0000 -4.0000 0.7214 0.5742 0.3723 0.5218 0.3061 2.4958 1.9525 4.6886 
11.0000 44.0000 4.0000 2.0000 1.0000 -6.6000 8 1.0000 1.0000 0.8730 -4.0000 4.0000 8.0000 0.0000 12.0000 -8.0000 0.5000 0.5000 0.5000 0.5000 0.5000 2.5000 1.8033 4.5591 
11.0000 52.0000 4.0000 2.0000 0.0000 -3.3000 8 1.0000 1.0000 1.6180 8.0000 -4.0000 -8.0000 12.0000 0.0000 4.0000 0.5472 0.4121 0.5380 0.6175 0.3808 2.4956 1.9834 4.7384 
11.0000 22.0000 4.0000 -2.0000 0.0000 -9.9000 8 1.0000 1.0000 0.9490 4.0000 -4.0000 -8.0000 0.0000 -12.0000 8.0000 0.4965 0.3176 0.3907 0.6265 0.6671 2.4984 1.8391 4.5909 
11.0000 1.0000 4.0000 -4.0000 1.0000 -9.9000 8 1.0000 1.0000 0.6880 6.0000 -2.0000 -14.0000 2.0000 -10.0000 -6.0000 0.5000 0.5000 0.5000 0.5000 0.5000 2.5000 1.9254 4.6758 
11.0000 51.0000 4.0000 2.0000 0.0000 -6.6000 8 1.0000 1.0000 1.4170 12.0000 4.0000 -4.0000 8.0000 -8.0000 0.0000 0.3906 0.6434 0.4074 0.3199 0.7394 2.5006 1.8010 4.5598 
11.0000 31.0000 4.0000 0.0000 1.0000 -3.3000 8 1.0000 1.0000 0.5210 -2.0000 6.0000 10.0000 -10.0000 2.0000 -6.0000 0.5000 0.5000 0.5000 0.5000 0.5000 2.5000 1.8862 4.6425 
11.0000 62.0000 4.0000 4.0000 1.0000 6.6000 2 -1.0000 1.0000 0.7870 10.0000 2.0000 -2.0000 6.0000 -6.0000 14.0000 0.5000 0.5000 0.5000 0.5000 0.5000 2.5000 1.8173 4.5593 
11.0000 40.0000 4.0000 0.0000 0.0000 3.3000 8 1.0000 0.0000 2.2930 10.0000 2.0000 -6.0000 6.0000 -10.0000 -2.0000 0.5775 0.3345 0.5585 0.4929 0.5403 2.5037 1.8980 4.6461 
11.0000 56.0000 4.0000 2.0000 0.0000 9.9000 2 -1.0000 1.0000 3.6040 8.0000 -4.0000 -8.0000 12.0000 0.0000 4.0000 0.6470 0.5321 0.3504 0.5003 0.4744 2.5042 1.8643 4.6134 
11.0000 26.0000 4.0000 -2.0000 0.0000 3.3000 2 -1.0000 1.0000 1.1420 4.0000 -4.0000 -12.0000 0.0000 -8.0000 8.0000 0.4343 0.3329 0.5856 0.6246 0.5218 2.4991 1.8362 4.5916 
11.0000 15.0000 4.0000 -2.0000 1.0000 -9.9000 8 1.0000 1.0000 0.9680 -8.0000 4.0000 8.0000 -12.0000 0.0000 -4.0000 0.5000 0.5000 0.5000 0.5000 0.5000 2.5000 1.9770 4.7261 
11.0000 45.0000 4.0000 2.0000 1.0000 -3.3000 8 1.0000 1.0000 2.5960 8.0000 0.0000 -4.0000 4.0000 -8.0000 12.0000 0.5000 0.5000 0.5000 0.5000 0.5000 2.5000 1.8267 4.5758 
11.0000 38.0000 4.0000 0.0000 0.0000 -3.3000 8 1.0000 1.0000 0.9850 -10.0000 -2.0000 6.0000 -6.0000 10.0000 2.0000 0.7421 0.3777 0.6566 0.3135 0.4018 2.4918 1.7681 4.5176 
11.0000 9.0000 4.0000 -4.0000 0.0000 -6.6000 8 1.0000 1.0000 0.6960 -14.0000 -2.0000 6.0000 -6.0000 2.0000 -10.0000 0.4477 0.5696 0.4772 0.6462 0.3599 2.5006 1.9893 4.7434 
11.0000 2.0000 4.0000 -4.0000 1.0000 -6.6000 8 1.0000 1.0000 0.6580 -14.0000 -2.0000 2.0000 -6.0000 6.0000 -10.0000 0.5000 0.5000 0.5000 0.5000 0.5000 2.5000 1.7830 4.5259 
11.0000 46.0000 4.0000 2.0000 1.0000 0.0000 2 -1.0000 0.0000 0.8710 12.0000 0.0000 -4.0000 4.0000 -8.0000 8.0000 0.5000 0.5000 0.5000 0.5000 0.5000 2.5000 1.9612 4.7094 
11.0000 53.0000 4.0000 2.0000 0.0000 0.0000 8 1.0000 0.0000 1.2850 12.0000 4.0000 -8.0000 8.0000 -4.0000 0.0000 0.4317 0.4816 0.3578 0.4612 0.7577 2.4901 1.7684 4.4993 
11.0000 50.0000 4.0000 2.0000 0.0000 -9.9000 8 1.0000 1.0000 0.9690 8.0000 0.0000 -4.0000 4.0000 -8.0000 12.0000 0.4574 0.3911 0.7967 0.4641 0.3976 2.5069 1.7704 4.5159 
11.0000 62.0000 5.0000 4.0000 1.0000 6.6000 2 -1.0000 1.0000 0.9080 10.0000 -2.0000 -6.0000 14.0000 2.0000 6.0000 0.5000 0.5000 0.5000 0.5000 0.5000 2.5000 1.9480 4.7093 
11.0000 9.0000 5.0000 -4.0000 0.0000 -6.6000 8 1.0000 1.0000 1.2460 -6.0000 2.0000 6.0000 -14.0000 -2.0000 -10.0000 0.4267 0.5942 0.5615 0.4398 0.4799 2.5022 1.7793 4.5280 
11.0000 60.0000 5.0000 4.0000 1.0000 0.0000 2 -1.0000 0.0000 1.3400 14.0000 2.0000 -2.0000 6.0000 -6.0000 10.0000 0.5000 0.5000 0.5000 0.5000 0.5000 2.5000 1.9450 4.6926 
11.0000 47.0000 5.0000 2.0000 1.0000 3.3000 8 1.0000 0.0000 1.3950 -8.0000 0.0000 12.0000 -4.0000 8.0000 4.0000 0.5000 0.5000 0.5000 0.5000 0.5000 2.5000 1.7817 4.5259 
11.0000 15.0000 5.0000 -2.0000 1.0000 -9.9000 8 1.0000 1.0000 1.0830 4.0000 -4.0000 -12.0000 0.0000 -8.0000 8.0000 0.5000 0.5000 0.5000 0.5000 0.5000 2.5000 1.7626 4.5092 
11.0000 10.0000 5.0000 -4.0000 0.0000 -3.3000 8 1.0000 1.0000 1.0070 2.0000 -6.0000 -10.0000 -2.0000 -14.0000 6.0000 0.3241 0.7271 0.3079 0.7898 0.3489 2.4978 1.7651 4.5069 
11.0000 17.0000 5.0000 -2.0000 1.0000 -3.3000 2 -1.0000 0.0000 1.7670 8.0000 0.0000 -8.0000 4.0000 -12.0000 -4.0000 0.5000 0.5000 0.5000 0.5000 0.5000 2.5000 1.9350 4.6759 
11.0000 24.0000 5.0000 -2.0000 0.0000 -3.3000 8 1.0000 1.0000 1.2770 8.0000 -4.0000 -8.0000 0.0000 -12.0000 4.0000 0.6011 0.7070 0.3722 0.4628 0.3659 2.5090 1.7990 4.5682 
11.0000 2.0000 5.0000 -4.0000 1.0000 -6.6000 8 1.0000 1.0000 0.6020 -14.0000 -6.0000 2.0000 -10.0000 6.0000 -2.0000 0.5000 0.5000 0.5000 0.5000 0.5000 2.5000 1.8878 4.6425 
11.0000 8.0000 5.0000 -4.0000 0.0000 -9.9000 8 1.0000 1.0000 0.8400 6.0000 -2.0000 -10.0000 2.0000 -14.0000 -6.0000 0.4769 0.4029 0.6291 0.5191 0.4631 2.4912 1.9652 4.7170 
11.0000 1.0000 5.0000 -4.0000 1.0000 -9.9000 8 1.0000 1.0000 0.4670 -2.0000 -10.0000 -14.0000 6.0000 -6.0000 2.0000 0.5000 0.5000 0.5000 0.5000 0.5000 2.5000 1.8777 4.6259 
11.0000 11.0000 5.0000 -4.0000 0.0000 0.0000 2 -1.0000 0.0000 1.0040 2.0000 -10.0000 -14.0000 6.0000 -6.0000 -2.0000 0.3869 0.4249 0.4976 0.6721 0.5214 2.5029 1.8013 4.5621 
11.0000 46.0000 5.0000 2.0000 1.0000 0.0000 2 -1.0000 0.0000 1.9990 8.0000 -4.0000 -8.0000 12.0000 0.0000 4.0000 0.5000 0.5000 0.5000 0.5000 0.5000 2.5000 1.8843 4.6258 
11.0000 51.0000 5.0000 2.0000 0.0000 -6.6000 8 1.0000 1.0000 0.9300 4.0000 -4.0000 -8.0000 12.0000 0.0000 8.0000 0.3479 0.5698 0.4073 0.7660 0.3992 2.4902 1.8892 4.6327 
11.0000 5.0000 5.0000 -4.0000 1.0000 3.3000 2 -1.0000 1.0000 1.7800 2.0000 -6.0000 -10.0000 -2.0000 -14.0000 6.0000 0.5000 0.5000 0.5000 0.5000 0.5000 2.5000 1.9278 4.6759 
11.0000 52.0000 5.0000 2.0000 0.0000 -3.3000 8 1.0000 1.0000 1.2470 12.0000 4.0000 -4.0000 8.0000 -8.0000 0.0000 0.3608 0.7616 0.3780 0.6194 0.3745 2.4944 1.8783 4.6203 
11.0000 64.0000 5.0000 4.0000 0.0000 -9.9000 8 1.0000 1.0000 0.8000 14.0000 2.0000 -2.0000 6.0000 -6.0000 10.0000 0.3749 0.4837 0.6461 0.4574 0.5357 2.4979 1.8865 4.6403 
11.0000 40.0000 5.0000 0.0000 0.0000 3.3000 8 1.0000 0.0000 2.0340 -10.0000 -2.0000 6.0000 -6.0000 10.0000 2.0000 0.3636 0.4259 0.6037 0.3381 0.7785 2.5099 1.8524 4.6191 
11.0000 54.0000 5.0000 2.0000 0.0000 3.3000 2 -1.0000 1.0000 2.3190 12.0000 4.0000 -8.0000 8.0000 -4.0000 0.0000 0.5171 0.4404 0.3533 0.5824 0.6139 2.5071 1.9245 4.6830 
11.0000 66.0000 5.0000 4.0000 0.0000 -3.3000 8 1.0000 1.0000 1.5130 10.0000 2.0000 -6.0000 6.0000 -2.0000 14.0000 0.4129 0.7278 0.3676 0.6523 0.3493 2.5100 1.9579 4.7194 
11.0000 20.0000 5.0000 -2.0000 1.0000 6.6000 2 -1.0000 1.0000 1.7140 -12.0000 0.0000 4.0000 -4.0000 8.0000 -8.0000 0.5000 0.5000 0.5000 0.5000 0.5000 2.5000 1.9748 4.7261 
11.0000 33.0000 5.0000 0.0000 1.0000 3.3000 2 -1.0000 1.0000 2.0640 -6.0000 2.0000 10.0000 -2.0000 6.0000 -10.0000 0.5000 0.5000 0.5000 0.5000 0.5000 2.5000 1.8218 4.5759 
11.0000 68.0000 5.0000 4.0000 0.0000 3.3000 2 -1.0000 1.0000 1.3140 10.0000 -2.0000 -6.0000 14.0000 2.0000 6.0000 0.6226 0.4310 0.4561 0.6770 0.3086 2.4952 1.8510 4.5877 
11.0000 43.0000 5.0000 2.0000 1.0000 -9.9000 8 1.0000 1.0000 0.8550 -8.0000 0.0000 8.0000 -4.0000 12.0000 4.0000 0.5000 0.5000 0.5000 0.5000 0.5000 2.5000 1.8925 4.6425 
11.0000 53.0000 5.0000 2.0000 0.0000 0.0000 2 -1.0000 0.0000 1.2910 8.0000 0.0000 -4.0000 4.0000 -8.0000 12.0000 0.3013 0.7307 0.6016 0.3401 0.5203 2.4939 1.9853 4.7366 
11.0000 48.0000 5.0000 2.0000 1.0000 6.6000 2 -1.0000 1.0000 1.3420 -8.0000 0.0000 12.0000 -4.0000 8.0000 4.0000 0.5000 0.5000 0.5000 0.5000 0.5000 2.5000 1.9468 4.7092 
11.0000 57.0000 5.0000 4.0000 1.0000 -9.9000 8 1.0000 1.0000 0.8520 6.0000 -2.0000 -6.0000 14.0000 2.0000 10.0000 0.5000 0.5000 0.5000 0.5000 0.5000 2.5000 1.8316 4.5926 
11.0000 32.0000 5.0000 0.0000 1.0000 0.0000 8 1.0000 0.0000 2.2520 -10.0000 -2.0000 6.0000 -6.0000 10.0000 2.0000 0.5000 0.5000 0.5000 0.5000 0.5000 2.5000 1.8629 4.6093 
11.0000 27.0000 5.0000 -2.0000 0.0000 6.6000 8 1.0000 0.0000 1.4410 4.0000 -4.0000 -12.0000 0.0000 -8.0000 8.0000 0.5589 0.4192 0.5144 0.6958 0.3025 2.4909 1.9588 4.7002 
11.0000 38.0000 5.0000 0.0000 0.0000 -3.3000 8 1.0000 1.0000 1.3660 -6.0000 2.0000 6.0000 -2.0000 10.0000 -10.0000 0.3325 0.6338 0.4656 0.7062 0.3707 2.5087 1.7659 4.5179 
11.0000 34.0000 5.0000 0.0000 1.0000 6.6000 2 -1.0000 1.0000 0.8360 6.0000 -6.0000 -10.0000 10.0000 -2.0000 2.0000 0.5000 0.5000 0.5000 0.5000 0.5000 2.5000 1.8293 4.5759 
11.0000 55.0000 5.0000 2.0000 0.0000 6.6000 2 -1.0000 1.0000 1.2100 -4.0000 4.0000 12.0000 0.0000 8.0000 -8.0000 0.7423 0.4436 0.3382 0.3087 0.6589 2.4917 1.7583 4.5009 
11.0000 36.0000 5.0000 0.0000 0.0000 -9.9000 8 1.0000 1.0000 0.6870 -10.0000 -2.0000 6.0000 -6.0000 10.0000 2.0000 0.4336 0.3685 0.4667 0.7927 0.4378 2.4993 1.7993 4.5419 
11.0000 41.0000 5.0000 0.0000 0.0000 6.6000 2 -1.0000 1.0000 1.0890 6.0000 -2.0000 -6.0000 2.0000 -10.0000 10.0000 0.5234 0.3900 0.3617 0.6693 0.5581 2.5025 1.9868 4.7451 
11.0000 25.0000 5.0000 -2.0000 0.0000 0.0000 8 1.0000 0.0000 0.9950 8.0000 0.0000 -12.0000 4.0000 -8.0000 -4.0000 0.3204 0.6114 0.4596 0.7332 0.3674 2.4919 1.9739 4.7179 
11.0000 31.0000 5.0000 0.0000 1.0000 -3.3000 8 1.0000 1.0000 1.0960 -10.0000 -2.0000 6.0000 -6.0000 10.0000 2.0000 0.5000 0.5000 0.5000 0.5000 0.5000 2.5000 1.9994 4.7593 
11.0000 39.0000 5.0000 0.0000 0.0000 0.0000 2 -1.0000 0.0000 1.3300 10.0000 2.0000 -6.0000 6.0000 -10.0000 -2.0000 0.3846 0.6357 0.3016 0.6989 0.4748 2.4956 1.8052 4.5548 
11.0000 45.0000 5.0000 2.0000 1.0000 -3.3000 2 -1.0000 0.0000 0.8050 8.0000 0.0000 -4.0000 4.0000 -8.0000 12.0000 0.5000 0.5000 0.5000 0.5000 0.5000 2.5000 1.8995 4.6425 
11.0000 19.0000 5.0000 -2.0000 1.0000 3.3000 2 -1.0000 1.0000 1.2060 0.0000 -8.0000 -12.0000 8.0000 -4.0000 4.0000 0.5000 0.5000 0.5000 0.5000 0.5000 2.5000 1.8943 4.6425 
11.0000 42.0000 5.0000 0.0000 0.0000 9.9000 2 -1.0000 1.0000 1.7340 -10.0000 -2.0000 6.0000 -6.0000 10.0000 2.0000 0.6123 0.4883 0.4582 0.5455 0.4057 2.5100 1.7521 4.5026 
11.0000 4.0000 5.0000 -4.0000 1.0000 0.0000 8 1.0000 0.0000 0.9010 6.0000 -2.0000 -14.0000 2.0000 -10.0000 -6.0000 0.5000 0.5000 0.5000 0.5000 0.5000 2.5000 1.8322 4.5758 
11.0000 56.0000 5.0000 2.0000 0.0000 9.9000 2 -1.0000 1.0000 1.1710 0.0000 8.0000 12.0000 -8.0000 4.0000 -4.0000 0.4605 0.6019 0.4240 0.5294 0.4919 2.5078 1.8886 4.6337 
11.0000 3.0000 5.0000 -4.0000 1.0000 -3.3000 8 1.0000 1.0000 0.5960 6.0000 -6.0000 -14.0000 -2.0000 -10.0000 2.0000 0.5000 0.5000 0.5000 0.5000 0.5000 2.5000 1.9183 4.6759 
11.0000 50.0000 5.0000 2.0000 0.0000 -9.9000 8 1.0000 1.0000 1.1400 -8.0000 4.0000 8.0000 0.0000 12.0000 -4.0000 0.5615 0.6079 0.5191 0.3870 0.4273 2.5028 1.9189 4.6787 
11.0000 69.0000 5.0000 4.0000 0.0000 6.6000 2 -1.0000 1.0000 1.1270 -2.0000 6.0000 10.0000 2.0000 14.0000 -6.0000 0.3685 0.3367 0.6266 0.6631 0.5127 2.5076 1.9097 4.6669 
11.0000 23.0000 5.0000 -2.0000 0.0000 -6.6000 8 1.0000 1.0000 0.7140 -12.0000 -4.0000 8.0000 -8.0000 4.0000 0.0000 0.5245 0.4161 0.3840 0.4242 0.7518 2.5006 1.8919 4.6432 
11.0000 22.0000 5.0000 -2.0000 0.0000 -9.9000 8 1.0000 1.0000 0.5390 -12.0000 0.0000 8.0000 -4.0000 4.0000 -8.0000 0.4248 0.5858 0.6428 0.5460 0.3066 2.5060 1.8079 4.5651 
11.0000 14.0000 5.0000 -4.0000 0.0000 9.9000 2 -1.0000 1.0000 0.7630 6.0000 -6.0000 -14.0000 -2.0000 -10.0000 2.0000 0.7475 0.4752 0.3049 0.5354 0.4330 2.4960 1.8602 4.6051 
11.0000 65.0000 5.0000 4.0000 0.0000 -6.6000 8 1.0000 1.0000 0.7050 -6.0000 2.0000 10.0000 -2.0000 14.0000 6.0000 0.3405 0.4150 0.6587 0.5197 0.5668 2.5006 1.9823 4.7266 
11.0000 28.0000 5.0000 -2.0000 0.0000 9.9000 2 -1.0000 1.0000 0.6760 8.0000 0.0000 -8.0000 4.0000 -12.0000 -4.0000 0.7589 0.5234 0.4332 0.3502 0.4326 2.4983 1.9633 4.7074 
11.0000 59.0000 5.0000 4.0000 1.0000 -3.3000 8 1.0000 1.0000 0.6470 6.0000 -2.0000 -6.0000 14.0000 2.0000 10.0000 0.5000 0.5000 0.5000 0.5000 0.5000 2.5000 1.8031 4.5425 
11.0000 12.0000 5.0000 -4.0000 0.0000 3.3000 2 -1.0000 1.0000 0.6550 -10.0000 -2.0000 2.0000 -6.0000 6.0000 -14.0000 0.5175 0.3961 0.7725 0.3810 0.4249 2.4921 1.9341 4.6847 
11.0000 26.0000 5.0000 -2.0000 0.0000 3.3000 2 -1.0000 1.0000 1.1710 -12.0000 -4.0000 8.0000 -8.0000 4.0000 0.0000 0.4810 0.3169 0.5598 0.6589 0.4789 2.4955 1.9249 4.6714 
11.0000 49.0000 5.0000 2.0000 1.0000 9.9000 2 -1.0000 1.0000 1.5790 -4.0000 4.0000 12.0000 0.0000 8.0000 -8.0000 0.5000 0.5000 0.5000 0.5000 0.5000 2.5000 1.9571 4.7094 
11.0000 29.0000 5.0000 0.0000 1.0000 -9.9000 8 1.0000 1.0000 0.7970 10.0000 -2.0000 -10.0000 2.0000 -6.0000 6.0000 0.5000 0.5000 0.5000 0.5000 0.5000 2.5000 1.9139 4.6594 
11.0000 30.0000 5.0000 0.0000 1.0000 -6.6000 8 1.0000 1.0000 0.7800 -6.0000 2.0000 6.0000 -2.0000 10.0000 -10.0000 0.5000 0.5000 0.5000 0.5000 0.5000 2.5000 1.7672 4.5257 
11.0000 63.0000 5.0000 4.0000 1.0000 9.9000 2 -1.0000 1.0000 0.8890 6.0000 -2.0000 -6.0000 14.0000 2.0000 10.0000 0.5000 0.5000 0.5000 0.5000 0.5000 2.5000 1.8434 4.5924 
11.0000 13.0000 5.0000 -4.0000 0.0000 6.6000 2 -1.0000 1.0000 1.4680 -14.0000 -2.0000 2.0000 -6.0000 6.0000 -10.0000 0.3188 0.7695 0.4873 0.4101 0.5059 2.4916 1.7641 4.5008 
11.0000 18.0000 5.0000 -2.0000 1.0000 0.0000 2 -1.0000 0.0000 1.1580 -12.0000 0.0000 8.0000 -4.0000 4.0000 -8.0000 0.5000 0.5000 0.5000 0.5000 0.5000 2.5000 1.8166 4.5591 
11.0000 44.0000 5.0000 2.0000 1.0000 -6.6000 8 1.0000 1.0000 0.6490 8.0000 0.0000 -4.0000 4.0000 -8.0000 12.0000 0.5000 0.5000 0.5000 0.5000 0.5000 2.5000 1.9285 4.6760 
11.0000 6.0000 5.0000 -4.0000 1.0000 6.6000 2 -1.0000 1.0000 1.2810 6.0000 -2.0000 -14.0000 2.0000 -10.0000 -6.0000 0.5000 0.5000 0.5000 0.5000 0.5000 2.5000 1.8902 4.6427 
11.0000 35.0000 5.0000 0.0000 1.0000 9.9000 2 -1.0000 1.0000 0.6910 6.0000 -6.0000 -10.0000 10.0000 -2.0000 2.0000 0.5000 0.5000 0.5000 0.5000 0.5000 2.5000 1.9507 4.7093 
11.0000 67.0000 5.0000 4.0000 0.0000 0.0000 8 1.0000 0.0000 1.4460 14.0000 2.0000 -2.0000 6.0000 -6.0000 10.0000 0.6568 0.4390 0.5050 0.4635 0.4360 2.5003 1.9573 4.7096 
11.0000 37.0000 5.0000 0.0000 0.0000 -6.6000 8 1.0000 1.0000 0.8820 6.0000 -2.0000 -6.0000 2.0000 -10.0000 10.0000 0.6118 0.4083 0.3168 0.4584 0.7051 2.5004 1.7831 4.5430 
11.0000 16.0000 5.0000 -2.0000 1.0000 -6.6000 8 1.0000 1.0000 0.6450 4.0000 -4.0000 -8.0000 0.0000 -12.0000 8.0000 0.5000 0.5000 0.5000 0.5000 0.5000 2.5000 1.9699 4.7258 
11.0000 61.0000 5.0000 4.0000 1.0000 3.3000 2 -1.0000 1.0000 1.5390 -6.0000 2.0000 14.0000 -2.0000 10.0000 6.0000 0.5000 0.5000 0.5000 0.5000 0.5000 2.5000 1.7552 4.5092 
11.0000 21.0000 5.0000 -2.0000 1.0000 9.9000 2 -1.0000 1.0000 1.4170 -4.0000 4.0000 8.0000 -12.0000 0.0000 -8.0000 0.5000 0.5000 0.5000 0.5000 0.5000 2.5000 1.8442 4.5925 
11.0000 7.0000 5.0000 -4.0000 1.0000 9.9000 2 -1.0000 1.0000 1.0000 -14.0000 -6.0000 2.0000 -10.0000 6.0000 -2.0000 0.5000 0.5000 0.5000 0.5000 0.5000 2.5000 1.9274 4.6759 
11.0000 70.0000 5.0000 4.0000 0.0000 9.9000 2 -1.0000 1.0000 0.9620 10.0000 2.0000 -2.0000 6.0000 -6.0000 14.0000 0.3997 0.7034 0.3199 0.7418 0.3315 2.4962 1.9670 4.7056 
11.0000 58.0000 5.0000 4.0000 1.0000 -6.6000 8 1.0000 1.0000 0.8500 14.0000 2.0000 -2.0000 6.0000 -6.0000 10.0000 0.5000 0.5000 0.5000 0.5000 0.5000 2.5000 1.8940 4.6591 
11.0000 9.0000 6.0000 -4.0000 0.0000 -6.6000 8 1.0000 1.0000 1.4150 -10.0000 -2.0000 2.0000 -6.0000 6.0000 -14.0000 0.4446 0.4976 0.7954 0.3135 0.4562 2.5073 1.8388 4.5999 
11.0000 57.0000 6.0000 4.0000 1.0000 -9.9000 8 1.0000 1.0000 0.6880 2.0000 10.0000 14.0000 -6.0000 6.0000 -2.0000 0.5000 0.5000 0.5000 0.5000 0.5000 2.5000 1.8713 4.6259 
11.0000 37.0000 6.0000 0.0000 0.0000 -6.6000 8 1.0000 1.0000 0.5420 -10.0000 2.0000 6.0000 -2.0000 10.0000 -6.0000 0.6517 0.3308 0.6817 0.3274 0.5179 2.5096 1.9450 4.7021 
11.0000 50.0000 6.0000 2.0000 0.0000 -9.9000 8 1.0000 1.0000 0.4990 -8.0000 0.0000 12.0000 -4.0000 8.0000 4.0000 0.3262 0.4754 0.3919 0.6812 0.6177 2.4924 1.9067 4.6517 
11.0000 58.0000 6.0000 4.0000 1.0000 -6.6000 8 1.0000 1.0000 1.0970 14.0000 2.0000 -2.0000 6.0000 -6.0000 10.0000 0.5000 0.5000 0.5000 0.5000 0.5000 2.5000 1.8587 4.6094 
11.0000 62.0000 6.0000 4.0000 1.0000 6.6000 2 -1.0000 1.0000 0.9340 14.0000 2.0000 -6.0000 6.0000 -2.0000 10.0000 0.5000 0.5000 0.5000 0.5000 0.5000 2.5000 1.9162 4.6591 
11.0000 29.0000 6.0000 0.0000 1.0000 -9.9000 8 1.0000 1.0000 0.7630 10.0000 -2.0000 -6.0000 2.0000 -10.0000 6.0000 0.5000 0.5000 0.5000 0.5000 0.5000 2.5000 1.8397 4.5925 
11.0000 56.0000 6.0000 2.0000 0.0000 9.9000 2 -1.0000 1.0000 0.9540 8.0000 0.0000 -4.0000 4.0000 -8.0000 12.0000 0.5190 0.4366 0.7098 0.3078 0.5270 2.5003 1.8416 4.5927 
11.0000 26.0000 6.0000 -2.0000 0.0000 3.3000 2 -1.0000 1.0000 1.6410 -12.0000 -4.0000 4.0000 -8.0000 8.0000 0.0000 0.3159 0.6894 0.5076 0.5824 0.3991 2.4943 1.9695 4.7202 
11.0000 69.0000 6.0000 4.0000 0.0000 6.6000 2 -1.0000 1.0000 0.9810 -6.0000 6.0000 14.0000 2.0000 10.0000 -2.0000 0.3952 0.7289 0.6760 0.3730 0.3348 2.5080 1.7550 4.5172 
11.0000 15.0000 6.0000 -2.0000 1.0000 -9.9000 8 1.0000 1.0000 0.6860 4.0000 -4.0000 -12.0000 0.0000 -8.0000 8.0000 0.5000 0.5000 0.5000 0.5000 0.5000 2.5000 1.9240 4.6758 
11.0000 40.0000 6.0000 0.0000 0.0000 3.3000 2 -1.0000 1.0000 0.9540 6.0000 -2.0000 -10.0000 2.0000 -6.0000 10.0000 0.3751 0.3446 0.7123 0.4851 0.5764 2.4935 1.7956 4.5360 
11.0000 6.0000 6.0000 -4.0000 1.0000 6.6000 2 -1.0000 1.0000 0.7600 6.0000 -6.0000 -10.0000 -2.0000 -14.0000 2.0000 0.5000 0.5000 0.5000 0.5000 0.5000 2.5000 1.8152 4.5593 
11.0000 61.0000 6.0000 4.0000 1.0000 3.3000 2 -1.0000 1.0000 0.7060 14.0000 6.0000 -2.0000 10.0000 -6.0000 2.0000 0.5000 0.5000 0.5000 0.5000 0.5000 2.5000 1.7885 4.5260 
11.0000 21.0000 6.0000 -2.0000 1.0000 9.9000 2 -1.0000 1.0000 1.0700 -12.0000 0.0000 4.0000 -4.0000 8.0000 -8.0000 0.5000 0.5000 0.5000 0.5000 0.5000 2.5000 1.8965 4.6426 
11.0000 68.0000 6.0000 4.0000 0.0000 3.3000 2 -1.0000 1.0000 1.0490 -6.0000 6.0000 14.0000 2.0000 10.0000 -2.0000 0.6492 0.8000 0.3024 0.4268 0.3247 2.5030 1.9473 4.7122 
11.0000 52.0000 6.0000 2.0000 0.0000 -3.3000 8 1.0000 1.0000 0.4730 8.0000 0.0000 -4.0000 4.0000 -8.0000 12.0000 0.5431 0.3383 0.5078 0.4516 0.6690 2.5097 1.8922 4.6524 
11.0000 65.0000 6.0000 4.0000 0.0000 -6.6000 8 1.0000 1.0000 0.9430 -6.0000 6.0000 10.0000 2.0000 14.0000 -2.0000 0.4141 0.4732 0.5025 0.5921 0.5119 2.4938 1.8884 4.6365 
11.0000 44.0000 6.0000 2.0000 1.0000 -6.6000 8 1.0000 1.0000 0.8140 -8.0000 4.0000 12.0000 0.0000 8.0000 -4.0000 0.5000 0.5000 0.5000 0.5000 0.5000 2.5000 1.7932 4.5425 
11.0000 67.0000 6.0000 4.0000 0.0000 0.0000 8 1.0000 0.0000 1.0680 10.0000 2.0000 -6.0000 6.0000 -2.0000 14.0000 0.6452 0.4826 0.4325 0.3621 0.5805 2.5029 1.7915 4.5455 
11.0000 10.0000 6.0000 -4.0000 0.0000 -3.3000 8 1.0000 1.0000 0.9350 -10.0000 -2.0000 2.0000 -6.0000 6.0000 -14.0000 0.3289 0.7657 0.4867 0.6145 0.3068 2.5026 1.7975 4.5451 
11.0000 18.0000 6.0000 -2.0000 1.0000 0.0000 8 1.0000 0.0000 1.0890 8.0000 -4.0000 -12.0000 0.0000 -8.0000 4.0000 0.5000 0.5000 0.5000 0.5000 0.5000 2.5000 1.9306 4.6760 
11.0000 11.0000 6.0000 -4.0000 0.0000 0.0000 8 1.0000 0.0000 0.6060 -10.0000 -2.0000 6.0000 -6.0000 2.0000 -14.0000 0.3727 0.4623 0.5540 0.6376 0.4713 2.4979 1.9598 4.7071 
11.0000 59.0000 6.0000 4.0000 1.0000 -3.3000 8 1.0000 1.0000 0.9580 10.0000 2.0000 -2.0000 6.0000 -6.0000 14.0000 0.5000 0.5000 0.5000 0.5000 0.5000 2.5000 1.9478 4.6925 
11.0000 41.0000 6.0000 0.0000 0.0000 6.6000 2 -1.0000 1.0000 1.1660 -6.0000 2.0000 10.0000 -2.0000 6.0000 -10.0000 0.5258 0.3860 0.4414 0.5124 0.6378 2.5034 1.7780 4.5461 
11.0000 25.0000 6.0000 -2.0000 0.0000 0.0000 8 1.0000 0.0000 0.7830 0.0000 -8.0000 -12.0000 8.0000 -4.0000 4.0000 0.4827 0.6208 0.4004 0.3141 0.6724 2.4904 1.8937 4.6331 
11.0000 31.0000 6.0000 0.0000 1.0000 -3.3000 8 1.0000 1.0000 0.8140 6.0000 -2.0000 -6.0000 2.0000 -10.0000 10.0000 0.5000 0.5000 0.5000 0.5000 0.5000 2.5000 1.9467 4.7093 
11.0000 24.0000 6.0000 -2.0000 0.0000 -3.3000 8 1.0000 1.0000 1.4280 -12.0000 0.0000 4.0000 -4.0000 8.0000 -8.0000 0.3328 0.4737 0.6879 0.4169 0.5856 2.4969 1.8370 4.5894 
11.0000 66.0000 6.0000 4.0000 0.0000 -3.3000 8 1.0000 1.0000 0.8570 10.0000 2.0000 -2.0000 6.0000 -6.0000 14.0000 0.6955 0.5587 0.3129 0.5736 0.3668 2.5075 1.9254 4.6833 
11.0000 1.0000 6.0000 -4.0000 1.0000 -9.9000 8 1.0000 1.0000 0.7400 -14.0000 -6.0000 2.0000 -10.0000 6.0000 -2.0000 0.5000 0.5000 0.5000 0.5000 0.5000 2.5000 1.7693 4.5260 
11.0000 39.0000 6.0000 0.0000 0.0000 0.0000 2 -1.0000 0.0000 1.5990 10.0000 -2.0000 -10.0000 2.0000 -6.0000 6.0000 0.7261 0.3297 0.3561 0.7227 0.3599 2.4944 1.9398 4.6869 
11.0000 53.0000 6.0000 2.0000 0.0000 0.0000 2 -1.0000 0.0000 1.2460 -8.0000 0.0000 12.0000 -4.0000 8.0000 4.0000 0.4142 0.7853 0.5843 0.4052 0.3062 2.4952 1.9941 4.7376 
11.0000 13.0000 6.0000 -4.0000 0.0000 6.6000 2 -1.0000 1.0000 0.6990 2.0000 -6.0000 -14.0000 -2.0000 -10.0000 6.0000 0.3248 0.6457 0.3060 0.7090 0.5220 2.5075 1.9551 4.7001 
11.0000 43.0000 6.0000 2.0000 1.0000 -9.9000 8 1.0000 1.0000 0.5360 4.0000 -4.0000 -8.0000 12.0000 0.0000 8.0000 0.5000 0.5000 0.5000 0.5000 0.5000 2.5000 1.8933 4.6592 
11.0000 36.0000 6.0000 0.0000 0.0000 -9.9000 8 1.0000 1.0000 0.8560 6.0000 -2.0000 -10.0000 2.0000 -6.0000 10.0000 0.7185 0.3041 0.5515 0.5856 0.3373 2.4971 1.9714 4.7231 
11.0000 5.0000 6.0000 -4.0000 1.0000 3.3000 8 1.0000 0.0000 1.1760 -14.0000 -2.0000 2.0000 -6.0000 6.0000 -10.0000 0.5000 0.5000 0.5000 0.5000 0.5000 2.5000 1.8890 4.6425 
11.0000 3.0000 6.0000 -4.0000 1.0000 -3.3000 8 1.0000 1.0000 1.1740 -6.0000 2.0000 6.0000 -14.0000 -2.0000 -10.0000 0.5000 0.5000 0.5000 0.5000 0.5000 2.5000 1.9949 4.7425 
11.0000 55.0000 6.0000 2.0000 0.0000 6.6000 2 -1.0000 1.0000 0.7990 -4.0000 4.0000 12.0000 0.0000 8.0000 -8.0000 0.3914 0.4467 0.3259 0.7898 0.5500 2.5038 1.9662 4.7131 
11.0000 51.0000 6.0000 2.0000 0.0000 -6.6000 8 1.0000 1.0000 0.8590 8.0000 0.0000 -4.0000 4.0000 -8.0000 12.0000 0.5625 0.4534 0.3121 0.5307 0.6320 2.4907 1.8177 4.5501 
11.0000 7.0000 6.0000 -4.0000 1.0000 9.9000 2 -1.0000 1.0000 0.7100 -10.0000 -2.0000 6.0000 -6.0000 2.0000 -14.0000 0.5000 0.5000 0.5000 0.5000 0.5000 2.5000 1.8408 4.5925 
11.0000 8.0000 6.0000 -4.0000 0.0000 -9.9000 8 1.0000 1.0000 0.6960 -2.0000 -10.0000 -14.0000 6.0000 -6.0000 2.0000 0.5786 0.4609 0.7682 0.3754 0.3074 2.4906 1.7814 4.5163 
11.0000 16.0000 6.0000 -2.0000 1.0000 -6.6000 8 1.0000 1.0000 0.7340 4.0000 -4.0000 -12.0000 0.0000 -8.0000 8.0000 0.5000 0.5000 0.5000 0.5000 0.5000 2.5000 1.9396 4.6760 
11.0000 48.0000 6.0000 2.0000 1.0000 6.6000 2 -1.0000 1.0000 0.6190 8.0000 0.0000 -4.0000 4.0000 -8.0000 12.0000 0.5000 0.5000 0.5000 0.5000 0.5000 2.5000 1.8728 4.6093 
11.0000 54.0000 6.0000 2.0000 0.0000 3.3000 2 -1.0000 1.0000 0.9770 4.0000 -4.0000 -8.0000 12.0000 0.0000 8.0000 0.3532 0.6870 0.3022 0.7136 0.4382 2.4942 1.7796 4.5366 
11.0000 63.0000 6.0000 4.0000 1.0000 9.9000 2 -1.0000 1.0000 0.6820 14.0000 6.0000 -2.0000 10.0000 -6.0000 2.0000 0.5000 0.5000 0.5000 0.5000 0.5000 2.5000 1.9038 4.6591 
11.0000 46.0000 6.0000 2.0000 1.0000 0.0000 8 1.0000 0.0000 0.7150 -4.0000 8.0000 12.0000 -8.0000 4.0000 0.0000 0.5000 0.5000 0.5000 0.5000 0.5000 2.5000 1.8450 4.5927 
11.0000 38.0000 6.0000 0.0000 0.0000 -3.3000 8 1.0000 1.0000 0.7820 10.0000 2.0000 -6.0000 6.0000 -10.0000 -2.0000 0.4829 0.4246 0.6745 0.4942 0.4315 2.5077 1.8978 4.6502 
11.0000 70.0000 6.0000 4.0000 0.0000 9.9000 8 1.0000 0.0000 0.8090 14.0000 6.0000 -2.0000 10.0000 -6.0000 2.0000 0.5524 0.3352 0.3987 0.4968 0.7244 2.5074 1.8653 4.6165 
11.0000 49.0000 6.0000 2.0000 1.0000 9.9000 2 -1.0000 1.0000 0.7910 -4.0000 8.0000 12.0000 -8.0000 4.0000 0.0000 0.5000 0.5000 0.5000 0.5000 0.5000 2.5000 1.7961 4.5425 
11.0000 47.0000 6.0000 2.0000 1.0000 3.3000 2 -1.0000 1.0000 0.8020 -4.0000 8.0000 12.0000 -8.0000 4.0000 0.0000 0.5000 0.5000 0.5000 0.5000 0.5000 2.5000 1.8709 4.6258 
11.0000 4.0000 6.0000 -4.0000 1.0000 0.0000 8 1.0000 0.0000 0.7830 -10.0000 2.0000 6.0000 -14.0000 -2.0000 -6.0000 0.5000 0.5000 0.5000 0.5000 0.5000 2.5000 1.8119 4.5591 
11.0000 60.0000 6.0000 4.0000 1.0000 0.0000 2 -1.0000 0.0000 1.5510 14.0000 6.0000 -2.0000 10.0000 -6.0000 2.0000 0.5000 0.5000 0.5000 0.5000 0.5000 2.5000 1.9726 4.7093 
11.0000 14.0000 6.0000 -4.0000 0.0000 9.9000 2 -1.0000 1.0000 1.2170 -2.0000 -10.0000 -14.0000 6.0000 -6.0000 2.0000 0.4663 0.3090 0.6230 0.3719 0.7272 2.4975 1.9616 4.7234 
11.0000 33.0000 6.0000 0.0000 1.0000 3.3000 8 1.0000 0.0000 1.4320 -6.0000 2.0000 6.0000 -2.0000 10.0000 -10.0000 0.5000 0.5000 0.5000 0.5000 0.5000 2.5000 1.8809 4.6427 
11.0000 64.0000 6.0000 4.0000 0.0000 -9.9000 8 1.0000 1.0000 1.1300 -6.0000 6.0000 14.0000 2.0000 10.0000 -2.0000 0.6050 0.3345 0.5856 0.4678 0.5109 2.5039 1.8389 4.5964 
11.0000 20.0000 6.0000 -2.0000 1.0000 6.6000 2 -1.0000 1.0000 1.2350 -12.0000 -4.0000 8.0000 -8.0000 4.0000 0.0000 0.5000 0.5000 0.5000 0.5000 0.5000 2.5000 1.8101 4.5591 
11.0000 19.0000 6.0000 -2.0000 1.0000 3.3000 8 1.0000 0.0000 0.7800 0.0000 -8.0000 -12.0000 8.0000 -4.0000 4.0000 0.5000 0.5000 0.5000 0.5000 0.5000 2.5000 1.8760 4.6258 
11.0000 35.0000 6.0000 0.0000 1.0000 9.9000 2 -1.0000 1.0000 1.1720 -6.0000 2.0000 6.0000 -2.0000 10.0000 -10.0000 0.5000 0.5000 0.5000 0.5000 0.5000 2.5000 1.9123 4.6592 
11.0000 27.0000 6.0000 -2.0000 0.0000 6.6000 8 1.0000 0.0000 1.3960 -4.0000 4.0000 8.0000 -12.0000 0.0000 -8.0000 0.6174 0.3384 0.7505 0.4624 0.3404 2.5092 1.9824 4.7351 
11.0000 45.0000 6.0000 2.0000 1.0000 -3.3000 8 1.0000 1.0000 0.8860 -8.0000 4.0000 12.0000 0.0000 8.0000 -4.0000 0.5000 0.5000 0.5000 0.5000 0.5000 2.5000 1.9142 4.6593 
11.0000 30.0000 6.0000 0.0000 1.0000 -6.6000 8 1.0000 1.0000 0.4730 -10.0000 2.0000 6.0000 -2.0000 10.0000 -6.0000 0.5000 0.5000 0.5000 0.5000 0.5000 2.5000 1.9500 4.6926 
11.0000 23.0000 6.0000 -2.0000 0.0000 -6.6000 8 1.0000 1.0000 0.8070 4.0000 -8.0000 -12.0000 8.0000 -4.0000 0.0000 0.3834 0.4785 0.5715 0.4765 0.5926 2.5024 1.8965 4.6616 
11.0000 2.0000 6.0000 -4.0000 1.0000 -6.6000 8 1.0000 1.0000 0.9400 6.0000 -6.0000 -10.0000 -2.0000 -14.0000 2.0000 0.5000 0.5000 0.5000 0.5000 0.5000 2.5000 1.9779 4.7426 
11.0000 28.0000 6.0000 -2.0000 0.0000 9.9000 2 -1.0000 1.0000 0.7670 -12.0000 0.0000 4.0000 -4.0000 8.0000 -8.0000 0.3767 0.5832 0.3616 0.7292 0.4440 2.4947 1.9080 4.6540 
11.0000 42.0000 6.0000 0.0000 0.0000 9.9000 2 -1.0000 1.0000 1.1290 -6.0000 2.0000 6.0000 -2.0000 10.0000 -10.0000 0.3373 0.5496 0.4175 0.5290 0.6658 2.4990 1.9598 4.7083 
11.0000 34.0000 6.0000 0.0000 1.0000 6.6000 2 -1.0000 1.0000 0.8550 10.0000 -2.0000 -6.0000 2.0000 -10.0000 6.0000 0.5000 0.5000 0.5000 0.5000 0.5000 2.5000 1.8297 4.5758 
11.0000 22.0000 6.0000 -2.0000 0.0000 -9.9000 8 1.0000 1.0000 0.6120 4.0000 -4.0000 -12.0000 0.0000 -8.0000 8.0000 0.6828 0.3924 0.6493 0.4620 0.3185 2.5050 1.9549 4.7144 
11.0000 12.0000 6.0000 -4.0000 0.0000 3.3000 2 -1.0000 1.0000 1.9330 -10.0000 2.0000 6.0000 -14.0000 -2.0000 -6.0000 0.5153 0.6041 0.5640 0.3379 0.4722 2.4934 1.9218 4.6693 
11.0000 32.0000 6.0000 0.0000 1.0000 0.0000 8 1.0000 0.0000 1.2210 -6.0000 2.0000 6.0000 -2.0000 10.0000 -10.0000 0.5000 0.5000 0.5000 0.5000 0.5000 2.5000 1.7627 4.5092 
11.0000 17.0000 6.0000 -2.0000 1.0000 -3.3000 8 1.0000 1.0000 0.5790 -12.0000 -4.0000 4.0000 -8.0000 8.0000 0.0000 0.5000 0.5000 0.5000 0.5000 0.5000 2.5000 1.9585 4.7092 
