subNo index block mean periodicity testLevel pressedKey answer isCorrect rt s1 s2 s3 s4 s5 s6 t1 t2 t3 t4 t5 seqDuration startInterval trialDuration 
2.0000 20.0000 1.0000 -2.0000 1.0000 2.8000 2 1.0000 0.0000 1.1550 8.0000 -4.0000 -8.0000 0.0000 -12.0000 4.0000 0.5000 0.5000 0.5000 0.5000 0.5000 2.5000 1.7506 4.5092 
2.0000 49.0000 1.0000 2.0000 1.0000 4.2000 8 -1.0000 1.0000 2.3500 12.0000 0.0000 -8.0000 4.0000 -4.0000 8.0000 0.5000 0.5000 0.5000 0.5000 0.5000 2.5000 1.8879 4.6426 
2.0000 55.0000 1.0000 2.0000 0.0000 2.8000 8 -1.0000 1.0000 1.0710 8.0000 0.0000 -8.0000 4.0000 -4.0000 12.0000 0.3214 0.7004 0.4828 0.4226 0.5802 2.5074 1.9061 4.6667 
2.0000 66.0000 1.0000 4.0000 0.0000 -1.4000 8 -1.0000 0.0000 2.8350 -6.0000 6.0000 14.0000 2.0000 10.0000 -2.0000 0.4916 0.5807 0.3439 0.5949 0.4902 2.5013 1.7639 4.5105 
2.0000 48.0000 1.0000 2.0000 1.0000 2.8000 2 1.0000 0.0000 1.2060 4.0000 -4.0000 -8.0000 12.0000 0.0000 8.0000 0.5000 0.5000 0.5000 0.5000 0.5000 2.5000 1.8630 4.6091 
2.0000 16.0000 1.0000 -2.0000 1.0000 -2.8000 2 1.0000 1.0000 2.8000 8.0000 -4.0000 -8.0000 0.0000 -12.0000 4.0000 0.5000 0.5000 0.5000 0.5000 0.5000 2.5000 1.8674 4.6091 
2.0000 25.0000 1.0000 -2.0000 0.0000 0.0000 2 1.0000 0.0000 1.8900 4.0000 -8.0000 -12.0000 8.0000 -4.0000 0.0000 0.3809 0.7587 0.6334 0.3485 0.3830 2.5045 1.8594 4.6137 
2.0000 42.0000 1.0000 0.0000 0.0000 4.2000 8 -1.0000 1.0000 1.0820 -6.0000 2.0000 6.0000 -2.0000 10.0000 -10.0000 0.3971 0.5280 0.3572 0.4723 0.7373 2.4919 1.8013 4.5511 
2.0000 30.0000 1.0000 0.0000 1.0000 -2.8000 2 1.0000 1.0000 1.0280 6.0000 -2.0000 -6.0000 2.0000 -10.0000 10.0000 0.5000 0.5000 0.5000 0.5000 0.5000 2.5000 1.8270 4.5758 
2.0000 50.0000 1.0000 2.0000 0.0000 -4.2000 2 1.0000 1.0000 0.9610 -8.0000 0.0000 12.0000 -4.0000 8.0000 4.0000 0.4254 0.3764 0.5721 0.7153 0.4153 2.5043 1.7729 4.5301 
2.0000 34.0000 1.0000 0.0000 1.0000 2.8000 8 -1.0000 1.0000 1.0770 -10.0000 2.0000 6.0000 -2.0000 10.0000 -6.0000 0.5000 0.5000 0.5000 0.5000 0.5000 2.5000 1.8556 4.6092 
2.0000 59.0000 1.0000 4.0000 1.0000 -1.4000 2 1.0000 1.0000 2.2090 14.0000 2.0000 -6.0000 6.0000 -2.0000 10.0000 0.5000 0.5000 0.5000 0.5000 0.5000 2.5000 1.9134 4.6594 
2.0000 2.0000 1.0000 -4.0000 1.0000 -2.8000 2 1.0000 1.0000 0.8540 6.0000 -2.0000 -10.0000 2.0000 -14.0000 -6.0000 0.5000 0.5000 0.5000 0.5000 0.5000 2.5000 1.8328 4.5758 
2.0000 1.0000 1.0000 -4.0000 1.0000 -4.2000 2 1.0000 1.0000 1.8450 -2.0000 -10.0000 -14.0000 6.0000 -6.0000 2.0000 0.5000 0.5000 0.5000 0.5000 0.5000 2.5000 1.9087 4.6592 
2.0000 33.0000 1.0000 0.0000 1.0000 1.4000 8 -1.0000 1.0000 1.0060 10.0000 -2.0000 -6.0000 2.0000 -10.0000 6.0000 0.5000 0.5000 0.5000 0.5000 0.5000 2.5000 1.8270 4.5760 
2.0000 24.0000 1.0000 -2.0000 0.0000 -1.4000 8 -1.0000 0.0000 2.0160 -8.0000 0.0000 8.0000 -4.0000 4.0000 -12.0000 0.4143 0.5129 0.6964 0.4794 0.4051 2.5080 1.9006 4.6506 
2.0000 5.0000 1.0000 -4.0000 1.0000 1.4000 8 -1.0000 1.0000 2.1320 -14.0000 -6.0000 6.0000 -10.0000 2.0000 -2.0000 0.5000 0.5000 0.5000 0.5000 0.5000 2.5000 1.9795 4.7428 
2.0000 53.0000 1.0000 2.0000 0.0000 0.0000 8 -1.0000 0.0000 0.9080 12.0000 4.0000 -4.0000 8.0000 -8.0000 0.0000 0.3094 0.5092 0.6272 0.4028 0.6477 2.4964 1.9954 4.7391 
2.0000 19.0000 1.0000 -2.0000 1.0000 1.4000 8 -1.0000 1.0000 1.6600 4.0000 -4.0000 -12.0000 0.0000 -8.0000 8.0000 0.5000 0.5000 0.5000 0.5000 0.5000 2.5000 1.8342 4.5925 
2.0000 18.0000 1.0000 -2.0000 1.0000 0.0000 2 1.0000 0.0000 1.0140 -8.0000 0.0000 8.0000 -4.0000 4.0000 -12.0000 0.5000 0.5000 0.5000 0.5000 0.5000 2.5000 1.9563 4.7092 
2.0000 8.0000 1.0000 -4.0000 0.0000 -4.2000 2 1.0000 1.0000 0.7340 6.0000 -6.0000 -14.0000 -2.0000 -10.0000 2.0000 0.4640 0.5006 0.7923 0.4010 0.3500 2.5078 1.9240 4.6838 
2.0000 10.0000 1.0000 -4.0000 0.0000 -1.4000 8 -1.0000 0.0000 2.3410 -6.0000 2.0000 6.0000 -14.0000 -2.0000 -10.0000 0.3959 0.3674 0.5297 0.4914 0.7157 2.5000 1.8254 4.5760 
2.0000 27.0000 1.0000 -2.0000 0.0000 2.8000 8 -1.0000 1.0000 1.0720 8.0000 0.0000 -12.0000 4.0000 -8.0000 -4.0000 0.3023 0.5624 0.7361 0.4108 0.4964 2.5080 1.9057 4.6674 
2.0000 57.0000 1.0000 4.0000 1.0000 -4.2000 2 1.0000 1.0000 0.9480 -6.0000 6.0000 14.0000 2.0000 10.0000 -2.0000 0.5000 0.5000 0.5000 0.5000 0.5000 2.5000 1.7722 4.5092 
2.0000 9.0000 1.0000 -4.0000 0.0000 -2.8000 8 -1.0000 0.0000 1.3310 2.0000 -10.0000 -14.0000 6.0000 -6.0000 -2.0000 0.3346 0.6256 0.5569 0.4655 0.5221 2.5046 1.8537 4.5972 
2.0000 7.0000 1.0000 -4.0000 1.0000 4.2000 8 -1.0000 1.0000 0.8250 6.0000 -6.0000 -10.0000 -2.0000 -14.0000 2.0000 0.5000 0.5000 0.5000 0.5000 0.5000 2.5000 1.7774 4.5424 
2.0000 22.0000 1.0000 -2.0000 0.0000 -4.2000 2 1.0000 1.0000 0.5850 8.0000 0.0000 -12.0000 4.0000 -8.0000 -4.0000 0.4970 0.4557 0.5585 0.5952 0.3964 2.5028 1.9257 4.6787 
2.0000 63.0000 1.0000 4.0000 1.0000 4.2000 8 -1.0000 1.0000 1.2870 10.0000 2.0000 -2.0000 6.0000 -6.0000 14.0000 0.5000 0.5000 0.5000 0.5000 0.5000 2.5000 1.8272 4.5758 
2.0000 58.0000 1.0000 4.0000 1.0000 -2.8000 8 -1.0000 0.0000 1.1440 14.0000 6.0000 -6.0000 10.0000 -2.0000 2.0000 0.5000 0.5000 0.5000 0.5000 0.5000 2.5000 1.9926 4.7426 
2.0000 61.0000 1.0000 4.0000 1.0000 1.4000 8 -1.0000 1.0000 0.7940 -2.0000 6.0000 14.0000 2.0000 10.0000 -6.0000 0.5000 0.5000 0.5000 0.5000 0.5000 2.5000 1.9538 4.7094 
2.0000 56.0000 1.0000 2.0000 0.0000 4.2000 8 -1.0000 1.0000 0.6650 -8.0000 0.0000 12.0000 -4.0000 8.0000 4.0000 0.5525 0.7014 0.3138 0.5160 0.4174 2.5011 1.9500 4.6937 
2.0000 31.0000 1.0000 0.0000 1.0000 -1.4000 8 -1.0000 0.0000 0.6930 -6.0000 2.0000 10.0000 -2.0000 6.0000 -10.0000 0.5000 0.5000 0.5000 0.5000 0.5000 2.5000 1.7677 4.5091 
2.0000 13.0000 1.0000 -4.0000 0.0000 2.8000 8 -1.0000 1.0000 0.6300 -10.0000 2.0000 6.0000 -14.0000 -2.0000 -6.0000 0.4274 0.5345 0.6524 0.4263 0.4562 2.4969 1.8376 4.5727 
2.0000 67.0000 1.0000 4.0000 0.0000 0.0000 2 1.0000 0.0000 0.9420 10.0000 -2.0000 -6.0000 14.0000 2.0000 6.0000 0.3314 0.7699 0.6100 0.3621 0.4294 2.5028 1.8945 4.6454 
2.0000 60.0000 1.0000 4.0000 1.0000 0.0000 8 -1.0000 0.0000 0.6610 -6.0000 6.0000 14.0000 2.0000 10.0000 -2.0000 0.5000 0.5000 0.5000 0.5000 0.5000 2.5000 1.7567 4.5093 
2.0000 4.0000 1.0000 -4.0000 1.0000 0.0000 2 1.0000 0.0000 0.6330 -14.0000 -6.0000 2.0000 -10.0000 6.0000 -2.0000 0.5000 0.5000 0.5000 0.5000 0.5000 2.5000 1.7643 4.5258 
2.0000 15.0000 1.0000 -2.0000 1.0000 -4.2000 2 1.0000 1.0000 1.2120 -12.0000 -4.0000 8.0000 -8.0000 4.0000 0.0000 0.5000 0.5000 0.5000 0.5000 0.5000 2.5000 1.8158 4.5759 
2.0000 65.0000 1.0000 4.0000 0.0000 -2.8000 8 -1.0000 0.0000 2.1460 -2.0000 6.0000 10.0000 2.0000 14.0000 -6.0000 0.3141 0.6382 0.3702 0.5661 0.6143 2.5028 1.7613 4.5120 
2.0000 39.0000 1.0000 0.0000 0.0000 0.0000 2 1.0000 0.0000 0.7170 10.0000 -2.0000 -6.0000 2.0000 -10.0000 6.0000 0.3075 0.7726 0.5011 0.5999 0.3103 2.4914 1.8937 4.6340 
2.0000 41.0000 1.0000 0.0000 0.0000 2.8000 8 -1.0000 1.0000 0.6550 -10.0000 -2.0000 10.0000 -6.0000 6.0000 2.0000 0.5653 0.4385 0.7107 0.3449 0.4329 2.4922 1.7886 4.5347 
2.0000 26.0000 1.0000 -2.0000 0.0000 1.4000 2 1.0000 0.0000 2.2040 -12.0000 -4.0000 8.0000 -8.0000 4.0000 0.0000 0.4406 0.6188 0.5421 0.4202 0.4828 2.5045 1.7910 4.5471 
2.0000 37.0000 1.0000 0.0000 0.0000 -2.8000 2 1.0000 1.0000 0.9220 -2.0000 6.0000 10.0000 -10.0000 2.0000 -6.0000 0.6893 0.3149 0.3746 0.3211 0.7964 2.4963 1.7912 4.5388 
2.0000 69.0000 1.0000 4.0000 0.0000 2.8000 8 -1.0000 1.0000 1.8600 14.0000 6.0000 -2.0000 10.0000 -6.0000 2.0000 0.7770 0.3829 0.5353 0.4183 0.3865 2.5000 1.9011 4.6425 
2.0000 64.0000 1.0000 4.0000 0.0000 -4.2000 2 1.0000 1.0000 1.0560 6.0000 -2.0000 -6.0000 14.0000 2.0000 10.0000 0.4728 0.5759 0.3554 0.7124 0.3845 2.5010 1.7719 4.5268 
2.0000 40.0000 1.0000 0.0000 0.0000 1.4000 2 1.0000 0.0000 0.9500 10.0000 -2.0000 -6.0000 2.0000 -10.0000 6.0000 0.4125 0.3502 0.4860 0.5934 0.6545 2.4966 1.9225 4.6724 
2.0000 21.0000 1.0000 -2.0000 1.0000 4.2000 2 1.0000 0.0000 2.2180 8.0000 0.0000 -12.0000 4.0000 -8.0000 -4.0000 0.5000 0.5000 0.5000 0.5000 0.5000 2.5000 1.8362 4.5925 
2.0000 62.0000 1.0000 4.0000 1.0000 2.8000 2 1.0000 0.0000 0.6960 10.0000 -2.0000 -6.0000 14.0000 2.0000 6.0000 0.5000 0.5000 0.5000 0.5000 0.5000 2.5000 1.7571 4.5092 
2.0000 44.0000 1.0000 2.0000 1.0000 -2.8000 8 -1.0000 0.0000 0.9400 -4.0000 4.0000 12.0000 0.0000 8.0000 -8.0000 0.5000 0.5000 0.5000 0.5000 0.5000 2.5000 1.9894 4.7427 
2.0000 12.0000 1.0000 -4.0000 0.0000 1.4000 2 1.0000 0.0000 0.6610 -14.0000 -6.0000 2.0000 -10.0000 6.0000 -2.0000 0.4198 0.4518 0.6896 0.3610 0.5818 2.5040 1.9720 4.7299 
2.0000 51.0000 1.0000 2.0000 0.0000 -2.8000 2 1.0000 1.0000 1.4070 4.0000 -4.0000 -8.0000 12.0000 0.0000 8.0000 0.4861 0.5115 0.7069 0.3703 0.4217 2.4965 1.9913 4.7392 
2.0000 43.0000 1.0000 2.0000 1.0000 -4.2000 8 -1.0000 0.0000 1.1240 0.0000 8.0000 12.0000 -8.0000 4.0000 -4.0000 0.5000 0.5000 0.5000 0.5000 0.5000 2.5000 1.8071 4.5591 
2.0000 28.0000 1.0000 -2.0000 0.0000 4.2000 8 -1.0000 1.0000 0.5830 -12.0000 0.0000 8.0000 -4.0000 4.0000 -8.0000 0.3154 0.4594 0.7298 0.4673 0.5379 2.5097 1.9860 4.7358 
2.0000 32.0000 1.0000 0.0000 1.0000 0.0000 2 1.0000 0.0000 0.6360 6.0000 -2.0000 -6.0000 2.0000 -10.0000 10.0000 0.5000 0.5000 0.5000 0.5000 0.5000 2.5000 1.9893 4.7427 
2.0000 38.0000 1.0000 0.0000 0.0000 -1.4000 2 1.0000 1.0000 1.0970 10.0000 2.0000 -10.0000 6.0000 -6.0000 -2.0000 0.4747 0.7129 0.5949 0.3727 0.3410 2.4962 1.7770 4.5220 
2.0000 45.0000 1.0000 2.0000 1.0000 -1.4000 2 1.0000 1.0000 1.1390 8.0000 0.0000 -8.0000 4.0000 -4.0000 12.0000 0.5000 0.5000 0.5000 0.5000 0.5000 2.5000 1.9884 4.7426 
2.0000 11.0000 1.0000 -4.0000 0.0000 0.0000 8 -1.0000 0.0000 0.6840 6.0000 -2.0000 -14.0000 2.0000 -10.0000 -6.0000 0.5104 0.4630 0.5104 0.6486 0.3719 2.5044 1.9769 4.7304 
2.0000 36.0000 1.0000 0.0000 0.0000 -4.2000 2 1.0000 1.0000 0.8070 10.0000 -2.0000 -10.0000 2.0000 -6.0000 6.0000 0.6108 0.4289 0.3110 0.4876 0.6612 2.4994 1.9336 4.6753 
2.0000 14.0000 1.0000 -4.0000 0.0000 4.2000 2 1.0000 0.0000 0.9370 2.0000 -10.0000 -14.0000 6.0000 -6.0000 -2.0000 0.4485 0.3850 0.5191 0.4726 0.6773 2.5024 1.8881 4.6451 
2.0000 35.0000 1.0000 0.0000 1.0000 4.2000 8 -1.0000 1.0000 0.9910 -10.0000 -2.0000 6.0000 -6.0000 10.0000 2.0000 0.5000 0.5000 0.5000 0.5000 0.5000 2.5000 1.8482 4.5925 
2.0000 23.0000 1.0000 -2.0000 0.0000 -2.8000 2 1.0000 1.0000 0.7550 -12.0000 0.0000 8.0000 -4.0000 4.0000 -8.0000 0.6349 0.4014 0.6318 0.4386 0.4022 2.5089 1.8803 4.6349 
2.0000 46.0000 1.0000 2.0000 1.0000 0.0000 8 -1.0000 0.0000 1.0460 12.0000 4.0000 -4.0000 8.0000 -8.0000 0.0000 0.5000 0.5000 0.5000 0.5000 0.5000 2.5000 1.9273 4.6760 
2.0000 52.0000 1.0000 2.0000 0.0000 -1.4000 2 1.0000 1.0000 1.6980 -4.0000 8.0000 12.0000 -8.0000 4.0000 0.0000 0.6615 0.4482 0.5399 0.3029 0.5407 2.4931 1.9791 4.7359 
2.0000 54.0000 1.0000 2.0000 0.0000 1.4000 8 -1.0000 1.0000 2.6900 8.0000 -4.0000 -8.0000 12.0000 0.0000 4.0000 0.3102 0.5655 0.4242 0.7908 0.4065 2.4971 1.8120 4.5731 
2.0000 70.0000 1.0000 4.0000 0.0000 4.2000 8 -1.0000 1.0000 0.8960 -2.0000 6.0000 14.0000 2.0000 10.0000 -6.0000 0.6001 0.4123 0.7123 0.4457 0.3336 2.5041 1.8161 4.5799 
2.0000 17.0000 1.0000 -2.0000 1.0000 -1.4000 2 1.0000 1.0000 0.9570 8.0000 -4.0000 -12.0000 0.0000 -8.0000 4.0000 0.5000 0.5000 0.5000 0.5000 0.5000 2.5000 1.9415 4.6926 
2.0000 6.0000 1.0000 -4.0000 1.0000 2.8000 2 1.0000 0.0000 1.2250 2.0000 -10.0000 -14.0000 6.0000 -6.0000 -2.0000 0.5000 0.5000 0.5000 0.5000 0.5000 2.5000 1.8368 4.5924 
2.0000 47.0000 1.0000 2.0000 1.0000 1.4000 8 -1.0000 1.0000 0.7200 12.0000 0.0000 -8.0000 4.0000 -4.0000 8.0000 0.5000 0.5000 0.5000 0.5000 0.5000 2.5000 1.8049 4.5592 
2.0000 29.0000 1.0000 0.0000 1.0000 -4.2000 2 1.0000 1.0000 0.6640 10.0000 -2.0000 -6.0000 2.0000 -10.0000 6.0000 0.5000 0.5000 0.5000 0.5000 0.5000 2.5000 1.7707 4.5092 
2.0000 3.0000 1.0000 -4.0000 1.0000 -1.4000 2 1.0000 1.0000 0.9720 -14.0000 -6.0000 2.0000 -10.0000 6.0000 -2.0000 0.5000 0.5000 0.5000 0.5000 0.5000 2.5000 1.7994 4.5425 
2.0000 68.0000 1.0000 4.0000 0.0000 1.4000 8 -1.0000 1.0000 0.9900 14.0000 6.0000 -2.0000 10.0000 -6.0000 2.0000 0.4997 0.3224 0.4910 0.7877 0.4008 2.5016 1.9154 4.6607 
2.0000 2.0000 2.0000 -4.0000 1.0000 -2.8000 2 1.0000 1.0000 1.0590 -2.0000 -10.0000 -14.0000 6.0000 -6.0000 2.0000 0.5000 0.5000 0.5000 0.5000 0.5000 2.5000 1.9208 4.6759 
2.0000 26.0000 2.0000 -2.0000 0.0000 1.4000 8 -1.0000 1.0000 0.7650 -8.0000 4.0000 8.0000 -12.0000 0.0000 -4.0000 0.7447 0.3734 0.5242 0.4762 0.3877 2.5061 1.8155 4.5652 
2.0000 11.0000 2.0000 -4.0000 0.0000 0.0000 2 1.0000 0.0000 0.9440 -2.0000 -10.0000 -14.0000 6.0000 -6.0000 2.0000 0.5502 0.4702 0.5726 0.3313 0.5676 2.4918 1.9119 4.6511 
2.0000 58.0000 2.0000 4.0000 1.0000 -2.8000 8 -1.0000 0.0000 0.7790 14.0000 2.0000 -2.0000 6.0000 -6.0000 10.0000 0.5000 0.5000 0.5000 0.5000 0.5000 2.5000 1.9766 4.7259 
2.0000 33.0000 2.0000 0.0000 1.0000 1.4000 8 -1.0000 1.0000 1.4960 -2.0000 6.0000 10.0000 -10.0000 2.0000 -6.0000 0.5000 0.5000 0.5000 0.5000 0.5000 2.5000 1.7951 4.5424 
2.0000 21.0000 2.0000 -2.0000 1.0000 4.2000 2 1.0000 0.0000 0.8200 -12.0000 -4.0000 8.0000 -8.0000 4.0000 0.0000 0.5000 0.5000 0.5000 0.5000 0.5000 2.5000 1.9120 4.6759 
2.0000 60.0000 2.0000 4.0000 1.0000 0.0000 8 -1.0000 0.0000 0.8820 14.0000 6.0000 -2.0000 10.0000 -6.0000 2.0000 0.5000 0.5000 0.5000 0.5000 0.5000 2.5000 1.9573 4.7092 
2.0000 10.0000 2.0000 -4.0000 0.0000 -1.4000 8 -1.0000 0.0000 1.5190 -10.0000 -2.0000 2.0000 -6.0000 6.0000 -14.0000 0.4902 0.6804 0.5317 0.3449 0.4494 2.4966 1.7768 4.5224 
2.0000 16.0000 2.0000 -2.0000 1.0000 -2.8000 2 1.0000 1.0000 0.8310 0.0000 -8.0000 -12.0000 8.0000 -4.0000 4.0000 0.5000 0.5000 0.5000 0.5000 0.5000 2.5000 1.7672 4.5258 
2.0000 14.0000 2.0000 -4.0000 0.0000 4.2000 8 -1.0000 1.0000 1.3020 -6.0000 2.0000 6.0000 -14.0000 -2.0000 -10.0000 0.4519 0.4794 0.5251 0.4610 0.5799 2.4974 1.9569 4.7066 
2.0000 66.0000 2.0000 4.0000 0.0000 -1.4000 2 1.0000 1.0000 1.5820 14.0000 2.0000 -2.0000 6.0000 -6.0000 10.0000 0.4839 0.5451 0.3114 0.4040 0.7514 2.4958 1.8102 4.5550 
2.0000 31.0000 2.0000 0.0000 1.0000 -1.4000 2 1.0000 1.0000 1.0600 -6.0000 6.0000 10.0000 -10.0000 2.0000 -2.0000 0.5000 0.5000 0.5000 0.5000 0.5000 2.5000 1.8474 4.5924 
2.0000 68.0000 2.0000 4.0000 0.0000 1.4000 8 -1.0000 1.0000 0.9830 10.0000 2.0000 -6.0000 6.0000 -2.0000 14.0000 0.3777 0.6143 0.3542 0.4694 0.6770 2.4926 1.7570 4.5018 
2.0000 47.0000 2.0000 2.0000 1.0000 1.4000 8 -1.0000 1.0000 1.1060 -8.0000 0.0000 8.0000 -4.0000 12.0000 4.0000 0.5000 0.5000 0.5000 0.5000 0.5000 2.5000 1.9035 4.6425 
2.0000 40.0000 2.0000 0.0000 0.0000 1.4000 8 -1.0000 1.0000 0.8110 -2.0000 6.0000 10.0000 -10.0000 2.0000 -6.0000 0.3865 0.4645 0.5937 0.3645 0.6962 2.5055 1.8103 4.5645 
2.0000 27.0000 2.0000 -2.0000 0.0000 2.8000 8 -1.0000 1.0000 0.6590 -12.0000 0.0000 8.0000 -4.0000 4.0000 -8.0000 0.3933 0.5075 0.6153 0.4235 0.5671 2.5066 1.8642 4.6327 
2.0000 63.0000 2.0000 4.0000 1.0000 4.2000 8 -1.0000 1.0000 0.9210 -6.0000 2.0000 10.0000 -2.0000 14.0000 6.0000 0.5000 0.5000 0.5000 0.5000 0.5000 2.5000 1.9727 4.7260 
2.0000 24.0000 2.0000 -2.0000 0.0000 -1.4000 2 1.0000 1.0000 0.5830 -8.0000 0.0000 4.0000 -4.0000 8.0000 -12.0000 0.3091 0.6989 0.6532 0.3407 0.5076 2.5095 1.9671 4.7355 
2.0000 59.0000 2.0000 4.0000 1.0000 -1.4000 8 -1.0000 0.0000 1.1640 6.0000 -2.0000 -6.0000 14.0000 2.0000 10.0000 0.5000 0.5000 0.5000 0.5000 0.5000 2.5000 1.8190 4.5759 
2.0000 23.0000 2.0000 -2.0000 0.0000 -2.8000 2 1.0000 1.0000 0.6820 -4.0000 4.0000 8.0000 -12.0000 0.0000 -8.0000 0.5986 0.3730 0.5660 0.6589 0.3134 2.5098 1.8263 4.5856 
2.0000 20.0000 2.0000 -2.0000 1.0000 2.8000 2 1.0000 0.0000 2.1520 -4.0000 4.0000 8.0000 -12.0000 0.0000 -8.0000 0.5000 0.5000 0.5000 0.5000 0.5000 2.5000 1.9503 4.6926 
2.0000 48.0000 2.0000 2.0000 1.0000 2.8000 8 -1.0000 1.0000 1.3190 -8.0000 0.0000 8.0000 -4.0000 12.0000 4.0000 0.5000 0.5000 0.5000 0.5000 0.5000 2.5000 1.7597 4.5091 
2.0000 55.0000 2.0000 2.0000 0.0000 2.8000 2 1.0000 0.0000 1.0680 -8.0000 0.0000 12.0000 -4.0000 8.0000 4.0000 0.6867 0.4850 0.5573 0.4227 0.3563 2.5081 1.9065 4.6506 
2.0000 4.0000 2.0000 -4.0000 1.0000 0.0000 2 1.0000 0.0000 0.9140 -10.0000 2.0000 6.0000 -14.0000 -2.0000 -6.0000 0.5000 0.5000 0.5000 0.5000 0.5000 2.5000 1.8937 4.6426 
2.0000 8.0000 2.0000 -4.0000 0.0000 -4.2000 2 1.0000 1.0000 1.0960 -6.0000 2.0000 6.0000 -14.0000 -2.0000 -10.0000 0.3672 0.5479 0.4257 0.7579 0.3951 2.4938 1.8944 4.6530 
2.0000 6.0000 2.0000 -4.0000 1.0000 2.8000 8 -1.0000 1.0000 1.5250 -10.0000 -2.0000 6.0000 -6.0000 2.0000 -14.0000 0.5000 0.5000 0.5000 0.5000 0.5000 2.5000 1.8511 4.6091 
2.0000 65.0000 2.0000 4.0000 0.0000 -2.8000 2 1.0000 1.0000 1.3320 14.0000 6.0000 -6.0000 10.0000 -2.0000 2.0000 0.3609 0.4922 0.3721 0.5926 0.6901 2.5079 1.8020 4.5669 
2.0000 28.0000 2.0000 -2.0000 0.0000 4.2000 8 -1.0000 1.0000 1.0440 -4.0000 4.0000 8.0000 -12.0000 0.0000 -8.0000 0.5947 0.5381 0.4213 0.5557 0.3998 2.5096 1.8371 4.6023 
2.0000 32.0000 2.0000 0.0000 1.0000 0.0000 8 -1.0000 0.0000 0.7030 -10.0000 -2.0000 10.0000 -6.0000 6.0000 2.0000 0.5000 0.5000 0.5000 0.5000 0.5000 2.5000 1.9375 4.6925 
2.0000 61.0000 2.0000 4.0000 1.0000 1.4000 8 -1.0000 1.0000 0.7730 10.0000 2.0000 -2.0000 6.0000 -6.0000 14.0000 0.5000 0.5000 0.5000 0.5000 0.5000 2.5000 1.8837 4.6260 
2.0000 25.0000 2.0000 -2.0000 0.0000 0.0000 8 -1.0000 0.0000 1.0260 -12.0000 0.0000 8.0000 -4.0000 4.0000 -8.0000 0.7135 0.3856 0.5113 0.3776 0.5045 2.4924 1.9116 4.6515 
2.0000 50.0000 2.0000 2.0000 0.0000 -4.2000 2 1.0000 1.0000 1.3030 12.0000 4.0000 -4.0000 8.0000 -8.0000 0.0000 0.5758 0.6312 0.5851 0.3872 0.3122 2.4916 1.8148 4.5508 
2.0000 57.0000 2.0000 4.0000 1.0000 -4.2000 8 -1.0000 0.0000 1.6600 -2.0000 10.0000 14.0000 -6.0000 6.0000 2.0000 0.5000 0.5000 0.5000 0.5000 0.5000 2.5000 1.8992 4.6426 
2.0000 42.0000 2.0000 0.0000 0.0000 4.2000 8 -1.0000 1.0000 0.5870 -6.0000 2.0000 10.0000 -2.0000 6.0000 -10.0000 0.5606 0.4899 0.6517 0.4515 0.3547 2.5084 1.8453 4.6177 
2.0000 41.0000 2.0000 0.0000 0.0000 2.8000 2 1.0000 0.0000 1.3640 -6.0000 6.0000 10.0000 -10.0000 2.0000 -2.0000 0.3708 0.4042 0.5418 0.6901 0.4881 2.4950 1.9456 4.7042 
2.0000 3.0000 2.0000 -4.0000 1.0000 -1.4000 2 1.0000 1.0000 1.0700 2.0000 -6.0000 -10.0000 -2.0000 -14.0000 6.0000 0.5000 0.5000 0.5000 0.5000 0.5000 2.5000 1.8782 4.6260 
2.0000 53.0000 2.0000 2.0000 0.0000 0.0000 8 -1.0000 0.0000 0.9220 8.0000 0.0000 -4.0000 4.0000 -8.0000 12.0000 0.5076 0.4553 0.5200 0.4807 0.5272 2.4908 1.9523 4.7001 
2.0000 17.0000 2.0000 -2.0000 1.0000 -1.4000 2 1.0000 1.0000 1.0370 -12.0000 -4.0000 4.0000 -8.0000 8.0000 0.0000 0.5000 0.5000 0.5000 0.5000 0.5000 2.5000 1.9835 4.7260 
2.0000 62.0000 2.0000 4.0000 1.0000 2.8000 8 -1.0000 1.0000 1.2170 6.0000 -2.0000 -6.0000 14.0000 2.0000 10.0000 0.5000 0.5000 0.5000 0.5000 0.5000 2.5000 1.9655 4.7092 
2.0000 67.0000 2.0000 4.0000 0.0000 0.0000 8 -1.0000 0.0000 0.8320 -6.0000 2.0000 14.0000 -2.0000 10.0000 6.0000 0.5072 0.3877 0.4986 0.5786 0.5357 2.5078 1.9307 4.6837 
2.0000 45.0000 2.0000 2.0000 1.0000 -1.4000 8 -1.0000 0.0000 2.5260 8.0000 0.0000 -8.0000 4.0000 -4.0000 12.0000 0.5000 0.5000 0.5000 0.5000 0.5000 2.5000 1.9975 4.7426 
2.0000 64.0000 2.0000 4.0000 0.0000 -4.2000 2 1.0000 1.0000 1.6150 6.0000 -2.0000 -6.0000 14.0000 2.0000 10.0000 0.5077 0.3169 0.4869 0.4233 0.7563 2.4911 1.8087 4.5505 
2.0000 29.0000 2.0000 0.0000 1.0000 -4.2000 8 -1.0000 0.0000 1.8740 -6.0000 2.0000 10.0000 -2.0000 6.0000 -10.0000 0.5000 0.5000 0.5000 0.5000 0.5000 2.5000 1.9889 4.7426 
2.0000 35.0000 2.0000 0.0000 1.0000 4.2000 8 -1.0000 1.0000 1.1010 -2.0000 6.0000 10.0000 -10.0000 2.0000 -6.0000 0.5000 0.5000 0.5000 0.5000 0.5000 2.5000 1.9805 4.7427 
2.0000 5.0000 2.0000 -4.0000 1.0000 1.4000 2 1.0000 0.0000 0.9090 6.0000 -6.0000 -10.0000 -2.0000 -14.0000 2.0000 0.5000 0.5000 0.5000 0.5000 0.5000 2.5000 1.8059 4.5591 
2.0000 49.0000 2.0000 2.0000 1.0000 4.2000 8 -1.0000 1.0000 0.7550 -8.0000 0.0000 12.0000 -4.0000 8.0000 4.0000 0.5000 0.5000 0.5000 0.5000 0.5000 2.5000 1.8986 4.6426 
2.0000 13.0000 2.0000 -4.0000 0.0000 2.8000 8 -1.0000 1.0000 1.9220 -14.0000 -6.0000 6.0000 -10.0000 2.0000 -2.0000 0.3617 0.6610 0.3072 0.7964 0.3784 2.5047 1.9639 4.7140 
2.0000 43.0000 2.0000 2.0000 1.0000 -4.2000 2 1.0000 1.0000 0.9040 8.0000 0.0000 -8.0000 4.0000 -4.0000 12.0000 0.5000 0.5000 0.5000 0.5000 0.5000 2.5000 1.9131 4.6593 
2.0000 51.0000 2.0000 2.0000 0.0000 -2.8000 8 -1.0000 0.0000 1.0310 -8.0000 0.0000 12.0000 -4.0000 8.0000 4.0000 0.4302 0.7150 0.4532 0.6008 0.3094 2.5086 1.8684 4.6177 
2.0000 39.0000 2.0000 0.0000 0.0000 0.0000 8 -1.0000 0.0000 1.0650 10.0000 -2.0000 -10.0000 2.0000 -6.0000 6.0000 0.6681 0.5846 0.3108 0.3639 0.5763 2.5037 1.8285 4.5795 
2.0000 18.0000 2.0000 -2.0000 1.0000 0.0000 2 1.0000 0.0000 0.7680 8.0000 0.0000 -8.0000 4.0000 -12.0000 -4.0000 0.5000 0.5000 0.5000 0.5000 0.5000 2.5000 1.7504 4.5092 
2.0000 69.0000 2.0000 4.0000 0.0000 2.8000 8 -1.0000 1.0000 1.4710 14.0000 2.0000 -6.0000 6.0000 -2.0000 10.0000 0.4789 0.4252 0.3872 0.7198 0.4861 2.4971 1.7866 4.5397 
2.0000 44.0000 2.0000 2.0000 1.0000 -2.8000 2 1.0000 1.0000 0.9820 -8.0000 0.0000 8.0000 -4.0000 12.0000 4.0000 0.5000 0.5000 0.5000 0.5000 0.5000 2.5000 1.8580 4.6093 
2.0000 1.0000 2.0000 -4.0000 1.0000 -4.2000 2 1.0000 1.0000 0.6280 -14.0000 -6.0000 6.0000 -10.0000 2.0000 -2.0000 0.5000 0.5000 0.5000 0.5000 0.5000 2.5000 1.9773 4.7259 
2.0000 9.0000 2.0000 -4.0000 0.0000 -2.8000 2 1.0000 1.0000 0.4830 6.0000 -2.0000 -14.0000 2.0000 -10.0000 -6.0000 0.6111 0.3274 0.5461 0.4612 0.5491 2.4949 1.9420 4.6875 
2.0000 54.0000 2.0000 2.0000 0.0000 1.4000 8 -1.0000 1.0000 0.7360 -4.0000 4.0000 12.0000 0.0000 8.0000 -8.0000 0.4811 0.6092 0.4557 0.3368 0.6166 2.4994 1.9681 4.7086 
2.0000 70.0000 2.0000 4.0000 0.0000 4.2000 8 -1.0000 1.0000 0.6500 6.0000 -2.0000 -6.0000 14.0000 2.0000 10.0000 0.6420 0.3523 0.3127 0.4630 0.7329 2.5029 1.7511 4.4954 
2.0000 34.0000 2.0000 0.0000 1.0000 2.8000 8 -1.0000 1.0000 2.3240 6.0000 -2.0000 -6.0000 2.0000 -10.0000 10.0000 0.5000 0.5000 0.5000 0.5000 0.5000 2.5000 1.8182 4.5592 
2.0000 30.0000 2.0000 0.0000 1.0000 -2.8000 8 -1.0000 0.0000 1.3340 2.0000 -6.0000 -10.0000 10.0000 -2.0000 6.0000 0.5000 0.5000 0.5000 0.5000 0.5000 2.5000 1.9632 4.7091 
2.0000 56.0000 2.0000 2.0000 0.0000 4.2000 8 -1.0000 1.0000 1.3340 12.0000 0.0000 -8.0000 4.0000 -4.0000 8.0000 0.7460 0.4763 0.4497 0.3345 0.5002 2.5068 1.8211 4.5826 
2.0000 12.0000 2.0000 -4.0000 0.0000 1.4000 8 -1.0000 1.0000 0.7550 -10.0000 -2.0000 6.0000 -6.0000 2.0000 -14.0000 0.4977 0.7100 0.3265 0.5218 0.4467 2.5026 1.8216 4.5785 
2.0000 15.0000 2.0000 -2.0000 1.0000 -4.2000 2 1.0000 1.0000 2.4980 8.0000 -4.0000 -8.0000 0.0000 -12.0000 4.0000 0.5000 0.5000 0.5000 0.5000 0.5000 2.5000 1.7803 4.5425 
2.0000 19.0000 2.0000 -2.0000 1.0000 1.4000 8 -1.0000 1.0000 0.8850 -12.0000 -4.0000 4.0000 -8.0000 8.0000 0.0000 0.5000 0.5000 0.5000 0.5000 0.5000 2.5000 1.7638 4.5092 
2.0000 22.0000 2.0000 -2.0000 0.0000 -4.2000 2 1.0000 1.0000 1.1300 -8.0000 0.0000 8.0000 -4.0000 4.0000 -12.0000 0.6616 0.4455 0.5889 0.5098 0.3001 2.5059 1.9348 4.6985 
2.0000 37.0000 2.0000 0.0000 0.0000 -2.8000 8 -1.0000 0.0000 2.4690 -10.0000 2.0000 6.0000 -2.0000 10.0000 -6.0000 0.3356 0.7056 0.4249 0.3518 0.6823 2.5003 1.9299 4.6761 
2.0000 7.0000 2.0000 -4.0000 1.0000 4.2000 8 -1.0000 1.0000 0.7270 6.0000 -6.0000 -14.0000 -2.0000 -10.0000 2.0000 0.5000 0.5000 0.5000 0.5000 0.5000 2.5000 1.9638 4.7094 
2.0000 46.0000 2.0000 2.0000 1.0000 0.0000 8 -1.0000 0.0000 0.6080 -4.0000 4.0000 8.0000 0.0000 12.0000 -8.0000 0.5000 0.5000 0.5000 0.5000 0.5000 2.5000 1.8545 4.5926 
2.0000 38.0000 2.0000 0.0000 0.0000 -1.4000 8 -1.0000 0.0000 0.9430 6.0000 -6.0000 -10.0000 10.0000 -2.0000 2.0000 0.3212 0.7004 0.4790 0.5155 0.4876 2.5037 1.9726 4.7130 
2.0000 52.0000 2.0000 2.0000 0.0000 -1.4000 8 -1.0000 0.0000 0.6460 12.0000 4.0000 -8.0000 8.0000 -4.0000 0.0000 0.5552 0.6408 0.4140 0.5885 0.3003 2.4989 1.7594 4.5235 
2.0000 36.0000 2.0000 0.0000 0.0000 -4.2000 2 1.0000 1.0000 0.7870 2.0000 -6.0000 -10.0000 10.0000 -2.0000 6.0000 0.4604 0.6546 0.4357 0.5829 0.3624 2.4960 1.9662 4.7220 
2.0000 56.0000 3.0000 2.0000 0.0000 4.2000 8 -1.0000 1.0000 0.7340 -8.0000 0.0000 12.0000 -4.0000 8.0000 4.0000 0.7398 0.4337 0.3863 0.4918 0.4511 2.5027 1.7845 4.5284 
2.0000 28.0000 3.0000 -2.0000 0.0000 4.2000 8 -1.0000 1.0000 0.8160 -8.0000 4.0000 8.0000 -12.0000 0.0000 -4.0000 0.5783 0.3140 0.7132 0.3421 0.5491 2.4967 1.9370 4.6892 
2.0000 35.0000 3.0000 0.0000 1.0000 4.2000 8 -1.0000 1.0000 1.1990 -10.0000 -2.0000 10.0000 -6.0000 6.0000 2.0000 0.5000 0.5000 0.5000 0.5000 0.5000 2.5000 1.7701 4.5259 
2.0000 51.0000 3.0000 2.0000 0.0000 -2.8000 2 1.0000 1.0000 0.8330 12.0000 0.0000 -4.0000 4.0000 -8.0000 8.0000 0.6386 0.4690 0.3062 0.6446 0.4433 2.5018 1.9041 4.6610 
2.0000 39.0000 3.0000 0.0000 0.0000 0.0000 8 -1.0000 0.0000 1.3490 -10.0000 2.0000 10.0000 -2.0000 6.0000 -6.0000 0.3851 0.4567 0.4955 0.4465 0.7180 2.5018 1.9545 4.7111 
2.0000 15.0000 3.0000 -2.0000 1.0000 -4.2000 2 1.0000 1.0000 1.0170 8.0000 -4.0000 -12.0000 0.0000 -8.0000 4.0000 0.5000 0.5000 0.5000 0.5000 0.5000 2.5000 1.8686 4.6260 
2.0000 63.0000 3.0000 4.0000 1.0000 4.2000 8 -1.0000 1.0000 0.8870 14.0000 2.0000 -2.0000 6.0000 -6.0000 10.0000 0.5000 0.5000 0.5000 0.5000 0.5000 2.5000 1.8147 4.5591 
2.0000 53.0000 3.0000 2.0000 0.0000 0.0000 2 1.0000 0.0000 1.0410 4.0000 -4.0000 -8.0000 12.0000 0.0000 8.0000 0.6410 0.3404 0.4609 0.6433 0.4193 2.5049 1.9776 4.7308 
2.0000 46.0000 3.0000 2.0000 1.0000 0.0000 2 1.0000 0.0000 0.7230 -8.0000 4.0000 8.0000 0.0000 12.0000 -4.0000 0.5000 0.5000 0.5000 0.5000 0.5000 2.5000 1.8733 4.6257 
2.0000 26.0000 3.0000 -2.0000 0.0000 1.4000 2 1.0000 0.0000 0.7390 -8.0000 0.0000 4.0000 -4.0000 8.0000 -12.0000 0.3573 0.5810 0.7053 0.4149 0.4438 2.5023 1.9654 4.7116 
2.0000 70.0000 3.0000 4.0000 0.0000 4.2000 8 -1.0000 1.0000 0.6340 10.0000 2.0000 -2.0000 6.0000 -6.0000 14.0000 0.3790 0.3251 0.7208 0.3270 0.7526 2.5044 1.8045 4.5635 
2.0000 8.0000 3.0000 -4.0000 0.0000 -4.2000 2 1.0000 1.0000 0.6370 -6.0000 2.0000 6.0000 -14.0000 -2.0000 -10.0000 0.3636 0.4327 0.6431 0.3054 0.7514 2.4963 1.8275 4.5722 
2.0000 43.0000 3.0000 2.0000 1.0000 -4.2000 2 1.0000 1.0000 0.5860 0.0000 8.0000 12.0000 -8.0000 4.0000 -4.0000 0.5000 0.5000 0.5000 0.5000 0.5000 2.5000 1.9837 4.7425 
2.0000 69.0000 3.0000 4.0000 0.0000 2.8000 8 -1.0000 1.0000 1.0820 14.0000 2.0000 -6.0000 6.0000 -2.0000 10.0000 0.5989 0.3539 0.3172 0.5370 0.6934 2.5004 1.7638 4.5095 
2.0000 31.0000 3.0000 0.0000 1.0000 -1.4000 8 -1.0000 0.0000 1.2150 10.0000 -2.0000 -6.0000 2.0000 -10.0000 6.0000 0.5000 0.5000 0.5000 0.5000 0.5000 2.5000 1.9169 4.6759 
2.0000 34.0000 3.0000 0.0000 1.0000 2.8000 8 -1.0000 1.0000 0.6000 -10.0000 2.0000 10.0000 -2.0000 6.0000 -6.0000 0.5000 0.5000 0.5000 0.5000 0.5000 2.5000 1.8681 4.6091 
2.0000 36.0000 3.0000 0.0000 0.0000 -4.2000 2 1.0000 1.0000 0.4860 -10.0000 2.0000 10.0000 -2.0000 6.0000 -6.0000 0.5594 0.5016 0.3658 0.3401 0.7239 2.4907 1.8252 4.5666 
2.0000 13.0000 3.0000 -4.0000 0.0000 2.8000 2 1.0000 0.0000 1.2870 6.0000 -6.0000 -14.0000 -2.0000 -10.0000 2.0000 0.4481 0.3759 0.6279 0.3572 0.6923 2.5015 1.8277 4.5773 
2.0000 37.0000 3.0000 0.0000 0.0000 -2.8000 8 -1.0000 0.0000 1.9980 -10.0000 -2.0000 10.0000 -6.0000 6.0000 2.0000 0.3911 0.7046 0.4196 0.5515 0.4373 2.5042 1.8480 4.5967 
2.0000 45.0000 3.0000 2.0000 1.0000 -1.4000 8 -1.0000 0.0000 0.8470 -8.0000 4.0000 8.0000 0.0000 12.0000 -4.0000 0.5000 0.5000 0.5000 0.5000 0.5000 2.5000 1.9039 4.6593 
2.0000 12.0000 3.0000 -4.0000 0.0000 1.4000 8 -1.0000 1.0000 3.5080 -10.0000 -2.0000 2.0000 -6.0000 6.0000 -14.0000 0.4007 0.4943 0.3902 0.4172 0.7925 2.4949 1.9925 4.7375 
2.0000 29.0000 3.0000 0.0000 1.0000 -4.2000 2 1.0000 1.0000 0.7770 -6.0000 6.0000 10.0000 -10.0000 2.0000 -2.0000 0.5000 0.5000 0.5000 0.5000 0.5000 2.5000 1.8287 4.5759 
2.0000 62.0000 3.0000 4.0000 1.0000 2.8000 8 -1.0000 1.0000 0.8250 14.0000 2.0000 -2.0000 6.0000 -6.0000 10.0000 0.5000 0.5000 0.5000 0.5000 0.5000 2.5000 1.7677 4.5259 
2.0000 54.0000 3.0000 2.0000 0.0000 1.4000 8 -1.0000 1.0000 0.9000 12.0000 0.0000 -4.0000 4.0000 -8.0000 8.0000 0.4717 0.5034 0.5374 0.6707 0.3187 2.5018 1.8081 4.5610 
2.0000 47.0000 3.0000 2.0000 1.0000 1.4000 8 -1.0000 1.0000 0.7140 8.0000 -4.0000 -8.0000 12.0000 0.0000 4.0000 0.5000 0.5000 0.5000 0.5000 0.5000 2.5000 1.8855 4.6424 
2.0000 17.0000 3.0000 -2.0000 1.0000 -1.4000 2 1.0000 1.0000 0.8200 -4.0000 4.0000 8.0000 -12.0000 0.0000 -8.0000 0.5000 0.5000 0.5000 0.5000 0.5000 2.5000 1.9835 4.7261 
2.0000 11.0000 3.0000 -4.0000 0.0000 0.0000 8 -1.0000 0.0000 0.9170 -14.0000 -6.0000 2.0000 -10.0000 6.0000 -2.0000 0.4787 0.6921 0.5115 0.3715 0.4446 2.4984 1.9550 4.6910 
2.0000 52.0000 3.0000 2.0000 0.0000 -1.4000 2 1.0000 1.0000 0.7170 0.0000 8.0000 12.0000 -8.0000 4.0000 -4.0000 0.4028 0.7171 0.3193 0.7508 0.3099 2.4999 1.7796 4.5258 
2.0000 14.0000 3.0000 -4.0000 0.0000 4.2000 8 -1.0000 1.0000 0.6470 -10.0000 2.0000 6.0000 -14.0000 -2.0000 -6.0000 0.4250 0.4922 0.4102 0.6107 0.5609 2.4989 1.9747 4.7248 
2.0000 6.0000 3.0000 -4.0000 1.0000 2.8000 8 -1.0000 1.0000 0.6730 2.0000 -6.0000 -10.0000 -2.0000 -14.0000 6.0000 0.5000 0.5000 0.5000 0.5000 0.5000 2.5000 1.8618 4.6258 
2.0000 50.0000 3.0000 2.0000 0.0000 -4.2000 8 -1.0000 0.0000 2.4160 0.0000 8.0000 12.0000 -8.0000 4.0000 -4.0000 0.3439 0.4080 0.7383 0.6931 0.3245 2.5078 1.8343 4.6002 
2.0000 21.0000 3.0000 -2.0000 1.0000 4.2000 8 -1.0000 1.0000 1.0370 -12.0000 -4.0000 4.0000 -8.0000 8.0000 0.0000 0.5000 0.5000 0.5000 0.5000 0.5000 2.5000 1.7786 4.5258 
2.0000 40.0000 3.0000 0.0000 0.0000 1.4000 2 1.0000 0.0000 1.3390 -10.0000 2.0000 10.0000 -2.0000 6.0000 -6.0000 0.6219 0.5711 0.3181 0.5773 0.4087 2.4970 1.7625 4.5063 
2.0000 57.0000 3.0000 4.0000 1.0000 -4.2000 2 1.0000 1.0000 1.5680 -6.0000 6.0000 10.0000 2.0000 14.0000 -2.0000 0.5000 0.5000 0.5000 0.5000 0.5000 2.5000 1.8419 4.5925 
2.0000 66.0000 3.0000 4.0000 0.0000 -1.4000 2 1.0000 1.0000 1.6490 -2.0000 6.0000 14.0000 2.0000 10.0000 -6.0000 0.3563 0.6384 0.3752 0.6198 0.5086 2.4984 1.8713 4.6243 
2.0000 19.0000 3.0000 -2.0000 1.0000 1.4000 8 -1.0000 1.0000 0.6690 -4.0000 4.0000 8.0000 -12.0000 0.0000 -8.0000 0.5000 0.5000 0.5000 0.5000 0.5000 2.5000 1.7824 4.5258 
2.0000 23.0000 3.0000 -2.0000 0.0000 -2.8000 8 -1.0000 0.0000 0.8090 -4.0000 4.0000 8.0000 -12.0000 0.0000 -8.0000 0.3401 0.6533 0.4598 0.3888 0.6650 2.5071 1.9811 4.7331 
2.0000 65.0000 3.0000 4.0000 0.0000 -2.8000 8 -1.0000 0.0000 0.6890 -6.0000 2.0000 10.0000 -2.0000 14.0000 6.0000 0.4393 0.6459 0.6090 0.4474 0.3592 2.5008 1.9356 4.6933 
2.0000 10.0000 3.0000 -4.0000 0.0000 -1.4000 2 1.0000 1.0000 0.7880 6.0000 -2.0000 -14.0000 2.0000 -10.0000 -6.0000 0.3599 0.6190 0.3496 0.6217 0.5560 2.5062 1.9066 4.6654 
2.0000 5.0000 3.0000 -4.0000 1.0000 1.4000 2 1.0000 0.0000 0.7230 6.0000 -2.0000 -14.0000 2.0000 -10.0000 -6.0000 0.5000 0.5000 0.5000 0.5000 0.5000 2.5000 1.9600 4.7091 
2.0000 33.0000 3.0000 0.0000 1.0000 1.4000 8 -1.0000 1.0000 0.5960 10.0000 -2.0000 -6.0000 2.0000 -10.0000 6.0000 0.5000 0.5000 0.5000 0.5000 0.5000 2.5000 1.7585 4.5092 
2.0000 18.0000 3.0000 -2.0000 1.0000 0.0000 2 1.0000 0.0000 0.9480 4.0000 -8.0000 -12.0000 8.0000 -4.0000 0.0000 0.5000 0.5000 0.5000 0.5000 0.5000 2.5000 1.7528 4.5092 
2.0000 68.0000 3.0000 4.0000 0.0000 1.4000 8 -1.0000 1.0000 0.9990 6.0000 -2.0000 -6.0000 14.0000 2.0000 10.0000 0.7616 0.4285 0.5339 0.3552 0.4165 2.4958 1.8897 4.6383 
2.0000 25.0000 3.0000 -2.0000 0.0000 0.0000 2 1.0000 0.0000 1.3400 8.0000 0.0000 -12.0000 4.0000 -8.0000 -4.0000 0.4542 0.6170 0.3328 0.5106 0.5918 2.5063 1.8147 4.5655 
2.0000 44.0000 3.0000 2.0000 1.0000 -2.8000 2 1.0000 1.0000 1.1520 0.0000 8.0000 12.0000 -8.0000 4.0000 -4.0000 0.5000 0.5000 0.5000 0.5000 0.5000 2.5000 1.8788 4.6259 
2.0000 38.0000 3.0000 0.0000 0.0000 -1.4000 2 1.0000 1.0000 0.5810 10.0000 2.0000 -6.0000 6.0000 -10.0000 -2.0000 0.5366 0.6066 0.5193 0.4882 0.3552 2.5059 1.8795 4.6318 
2.0000 42.0000 3.0000 0.0000 0.0000 4.2000 8 -1.0000 1.0000 1.0490 10.0000 2.0000 -10.0000 6.0000 -6.0000 -2.0000 0.7236 0.4965 0.4069 0.3706 0.5001 2.4977 1.9079 4.6402 
2.0000 7.0000 3.0000 -4.0000 1.0000 4.2000 8 -1.0000 1.0000 1.2150 -14.0000 -2.0000 2.0000 -6.0000 6.0000 -10.0000 0.5000 0.5000 0.5000 0.5000 0.5000 2.5000 1.8964 4.6594 
2.0000 67.0000 3.0000 4.0000 0.0000 0.0000 8 -1.0000 0.0000 1.1910 -6.0000 2.0000 14.0000 -2.0000 10.0000 6.0000 0.5524 0.6652 0.3490 0.5468 0.3962 2.5097 1.9254 4.6857 
2.0000 22.0000 3.0000 -2.0000 0.0000 -4.2000 2 1.0000 1.0000 0.6840 -12.0000 0.0000 4.0000 -4.0000 8.0000 -8.0000 0.5219 0.4751 0.5303 0.5567 0.4198 2.5037 1.9906 4.7463 
2.0000 2.0000 3.0000 -4.0000 1.0000 -2.8000 2 1.0000 1.0000 0.5780 -6.0000 2.0000 6.0000 -14.0000 -2.0000 -10.0000 0.5000 0.5000 0.5000 0.5000 0.5000 2.5000 1.9107 4.6592 
2.0000 32.0000 3.0000 0.0000 1.0000 0.0000 2 1.0000 0.0000 0.4210 10.0000 2.0000 -10.0000 6.0000 -6.0000 -2.0000 0.5000 0.5000 0.5000 0.5000 0.5000 2.5000 1.8698 4.6259 
2.0000 41.0000 3.0000 0.0000 0.0000 2.8000 8 -1.0000 1.0000 1.1220 -6.0000 2.0000 10.0000 -2.0000 6.0000 -10.0000 0.3179 0.7723 0.3313 0.6597 0.4265 2.5077 1.9964 4.7503 
2.0000 9.0000 3.0000 -4.0000 0.0000 -2.8000 2 1.0000 1.0000 0.5540 -10.0000 -2.0000 6.0000 -6.0000 2.0000 -14.0000 0.6948 0.4329 0.5046 0.4599 0.4019 2.4940 1.8470 4.5865 
2.0000 58.0000 3.0000 4.0000 1.0000 -2.8000 8 -1.0000 0.0000 0.8150 -2.0000 10.0000 14.0000 -6.0000 6.0000 2.0000 0.5000 0.5000 0.5000 0.5000 0.5000 2.5000 1.9005 4.6427 
2.0000 16.0000 3.0000 -2.0000 1.0000 -2.8000 2 1.0000 1.0000 0.6520 8.0000 0.0000 -12.0000 4.0000 -8.0000 -4.0000 0.5000 0.5000 0.5000 0.5000 0.5000 2.5000 1.9477 4.6926 
2.0000 61.0000 3.0000 4.0000 1.0000 1.4000 8 -1.0000 1.0000 0.3910 10.0000 2.0000 -2.0000 6.0000 -6.0000 14.0000 0.5000 0.5000 0.5000 0.5000 0.5000 2.5000 1.8008 4.5591 
2.0000 27.0000 3.0000 -2.0000 0.0000 2.8000 8 -1.0000 1.0000 0.5320 -8.0000 4.0000 8.0000 -12.0000 0.0000 -4.0000 0.4928 0.5783 0.4365 0.3530 0.6380 2.4987 1.7936 4.5413 
2.0000 1.0000 3.0000 -4.0000 1.0000 -4.2000 2 1.0000 1.0000 0.5430 -10.0000 -2.0000 2.0000 -6.0000 6.0000 -14.0000 0.5000 0.5000 0.5000 0.5000 0.5000 2.5000 1.9726 4.7260 
2.0000 48.0000 3.0000 2.0000 1.0000 2.8000 8 -1.0000 1.0000 0.6930 -4.0000 8.0000 12.0000 -8.0000 4.0000 0.0000 0.5000 0.5000 0.5000 0.5000 0.5000 2.5000 1.7851 4.5425 
2.0000 60.0000 3.0000 4.0000 1.0000 0.0000 8 -1.0000 0.0000 0.4570 -6.0000 2.0000 14.0000 -2.0000 10.0000 6.0000 0.5000 0.5000 0.5000 0.5000 0.5000 2.5000 1.9829 4.7260 
2.0000 30.0000 3.0000 0.0000 1.0000 -2.8000 8 -1.0000 0.0000 2.1960 6.0000 -2.0000 -10.0000 2.0000 -6.0000 10.0000 0.5000 0.5000 0.5000 0.5000 0.5000 2.5000 1.7802 4.5257 
2.0000 55.0000 3.0000 2.0000 0.0000 2.8000 8 -1.0000 1.0000 0.5930 8.0000 0.0000 -8.0000 4.0000 -4.0000 12.0000 0.3635 0.4440 0.7938 0.3749 0.5285 2.5047 1.8081 4.5638 
2.0000 24.0000 3.0000 -2.0000 0.0000 -1.4000 8 -1.0000 0.0000 0.8950 8.0000 0.0000 -8.0000 4.0000 -12.0000 -4.0000 0.4481 0.7925 0.3918 0.3350 0.5349 2.5024 1.8036 4.5451 
2.0000 20.0000 3.0000 -2.0000 1.0000 2.8000 8 -1.0000 1.0000 0.5230 -4.0000 4.0000 8.0000 -12.0000 0.0000 -8.0000 0.5000 0.5000 0.5000 0.5000 0.5000 2.5000 1.9813 4.7259 
2.0000 64.0000 3.0000 4.0000 0.0000 -4.2000 2 1.0000 1.0000 0.8210 14.0000 2.0000 -6.0000 6.0000 -2.0000 10.0000 0.5799 0.4327 0.3459 0.6923 0.4520 2.5027 1.9205 4.6788 
2.0000 3.0000 3.0000 -4.0000 1.0000 -1.4000 2 1.0000 1.0000 0.6590 6.0000 -2.0000 -14.0000 2.0000 -10.0000 -6.0000 0.5000 0.5000 0.5000 0.5000 0.5000 2.5000 1.7807 4.5425 
2.0000 59.0000 3.0000 4.0000 1.0000 -1.4000 8 -1.0000 0.0000 0.5420 2.0000 10.0000 14.0000 -6.0000 6.0000 -2.0000 0.5000 0.5000 0.5000 0.5000 0.5000 2.5000 1.9354 4.6925 
2.0000 4.0000 3.0000 -4.0000 1.0000 0.0000 2 1.0000 0.0000 0.5370 -14.0000 -6.0000 2.0000 -10.0000 6.0000 -2.0000 0.5000 0.5000 0.5000 0.5000 0.5000 2.5000 1.9743 4.7258 
2.0000 49.0000 3.0000 2.0000 1.0000 4.2000 8 -1.0000 1.0000 0.5330 0.0000 8.0000 12.0000 -8.0000 4.0000 -4.0000 0.5000 0.5000 0.5000 0.5000 0.5000 2.5000 1.9125 4.6594 
2.0000 10.0000 4.0000 -4.0000 0.0000 -1.4000 2 1.0000 1.0000 0.9170 6.0000 -2.0000 -10.0000 2.0000 -14.0000 -6.0000 0.4324 0.7067 0.5223 0.3560 0.4765 2.4939 1.9557 4.7033 
2.0000 67.0000 4.0000 4.0000 0.0000 0.0000 8 -1.0000 0.0000 0.5660 -6.0000 2.0000 10.0000 -2.0000 14.0000 6.0000 0.3452 0.7007 0.5765 0.3192 0.5639 2.5055 1.9773 4.7315 
2.0000 33.0000 4.0000 0.0000 1.0000 1.4000 8 -1.0000 1.0000 0.6280 10.0000 -2.0000 -10.0000 2.0000 -6.0000 6.0000 0.5000 0.5000 0.5000 0.5000 0.5000 2.5000 1.8402 4.5760 
2.0000 69.0000 4.0000 4.0000 0.0000 2.8000 8 -1.0000 1.0000 0.8110 10.0000 2.0000 -6.0000 6.0000 -2.0000 14.0000 0.3108 0.7809 0.5259 0.4688 0.4144 2.5008 1.9428 4.6933 
2.0000 13.0000 4.0000 -4.0000 0.0000 2.8000 8 -1.0000 1.0000 1.5860 2.0000 -10.0000 -14.0000 6.0000 -6.0000 -2.0000 0.6954 0.3323 0.5488 0.3724 0.5455 2.4944 1.7565 4.5035 
2.0000 17.0000 4.0000 -2.0000 1.0000 -1.4000 8 -1.0000 0.0000 2.1470 -4.0000 4.0000 8.0000 -12.0000 0.0000 -8.0000 0.5000 0.5000 0.5000 0.5000 0.5000 2.5000 1.9299 4.6926 
2.0000 6.0000 4.0000 -4.0000 1.0000 2.8000 8 -1.0000 1.0000 0.9520 -2.0000 -10.0000 -14.0000 6.0000 -6.0000 2.0000 0.5000 0.5000 0.5000 0.5000 0.5000 2.5000 1.9963 4.7427 
2.0000 2.0000 4.0000 -4.0000 1.0000 -2.8000 2 1.0000 1.0000 0.5740 -10.0000 -2.0000 2.0000 -6.0000 6.0000 -14.0000 0.5000 0.5000 0.5000 0.5000 0.5000 2.5000 1.8518 4.6092 
2.0000 31.0000 4.0000 0.0000 1.0000 -1.4000 8 -1.0000 0.0000 0.6380 -6.0000 2.0000 6.0000 -2.0000 10.0000 -10.0000 0.5000 0.5000 0.5000 0.5000 0.5000 2.5000 1.9631 4.7092 
2.0000 43.0000 4.0000 2.0000 1.0000 -4.2000 2 1.0000 1.0000 0.7160 12.0000 4.0000 -4.0000 8.0000 -8.0000 0.0000 0.5000 0.5000 0.5000 0.5000 0.5000 2.5000 1.7920 4.5426 
2.0000 9.0000 4.0000 -4.0000 0.0000 -2.8000 2 1.0000 1.0000 0.6320 2.0000 -10.0000 -14.0000 6.0000 -6.0000 -2.0000 0.3810 0.4910 0.4204 0.7708 0.4359 2.4991 1.8927 4.6418 
2.0000 47.0000 4.0000 2.0000 1.0000 1.4000 2 1.0000 0.0000 0.8020 4.0000 -4.0000 -8.0000 12.0000 0.0000 8.0000 0.5000 0.5000 0.5000 0.5000 0.5000 2.5000 1.8849 4.6260 
2.0000 5.0000 4.0000 -4.0000 1.0000 1.4000 2 1.0000 0.0000 0.7580 6.0000 -6.0000 -14.0000 -2.0000 -10.0000 2.0000 0.5000 0.5000 0.5000 0.5000 0.5000 2.5000 1.8172 4.5592 
2.0000 48.0000 4.0000 2.0000 1.0000 2.8000 2 1.0000 0.0000 0.6350 8.0000 -4.0000 -8.0000 12.0000 0.0000 4.0000 0.5000 0.5000 0.5000 0.5000 0.5000 2.5000 1.8571 4.6093 
2.0000 70.0000 4.0000 4.0000 0.0000 4.2000 8 -1.0000 1.0000 1.2170 -6.0000 6.0000 14.0000 2.0000 10.0000 -2.0000 0.5983 0.4042 0.3052 0.7316 0.4666 2.5059 1.8989 4.6650 
2.0000 56.0000 4.0000 2.0000 0.0000 4.2000 8 -1.0000 1.0000 0.8340 12.0000 0.0000 -8.0000 4.0000 -4.0000 8.0000 0.3784 0.6928 0.6494 0.4213 0.3529 2.4948 1.9187 4.6707 
2.0000 22.0000 4.0000 -2.0000 0.0000 -4.2000 2 1.0000 1.0000 0.8380 4.0000 -4.0000 -12.0000 0.0000 -8.0000 8.0000 0.3069 0.6878 0.3303 0.6119 0.5572 2.4941 1.9521 4.7033 
2.0000 32.0000 4.0000 0.0000 1.0000 0.0000 2 1.0000 0.0000 0.6420 -10.0000 -2.0000 6.0000 -6.0000 10.0000 2.0000 0.5000 0.5000 0.5000 0.5000 0.5000 2.5000 1.8189 4.5758 
2.0000 46.0000 4.0000 2.0000 1.0000 0.0000 8 -1.0000 0.0000 0.4300 -8.0000 4.0000 12.0000 0.0000 8.0000 -4.0000 0.5000 0.5000 0.5000 0.5000 0.5000 2.5000 1.9771 4.7259 
2.0000 38.0000 4.0000 0.0000 0.0000 -1.4000 2 1.0000 1.0000 1.1470 2.0000 -6.0000 -10.0000 10.0000 -2.0000 6.0000 0.6064 0.4198 0.3226 0.5074 0.6341 2.4903 1.8009 4.5328 
2.0000 58.0000 4.0000 4.0000 1.0000 -2.8000 8 -1.0000 0.0000 0.9350 14.0000 2.0000 -6.0000 6.0000 -2.0000 10.0000 0.5000 0.5000 0.5000 0.5000 0.5000 2.5000 1.9096 4.6593 
2.0000 28.0000 4.0000 -2.0000 0.0000 4.2000 8 -1.0000 1.0000 0.4800 -12.0000 -4.0000 4.0000 -8.0000 8.0000 0.0000 0.4545 0.3761 0.7153 0.4969 0.4541 2.4969 1.9646 4.7062 
2.0000 7.0000 4.0000 -4.0000 1.0000 4.2000 8 -1.0000 1.0000 1.0200 -14.0000 -6.0000 6.0000 -10.0000 2.0000 -2.0000 0.5000 0.5000 0.5000 0.5000 0.5000 2.5000 1.7738 4.5258 
2.0000 15.0000 4.0000 -2.0000 1.0000 -4.2000 2 1.0000 1.0000 0.5760 8.0000 0.0000 -8.0000 4.0000 -12.0000 -4.0000 0.5000 0.5000 0.5000 0.5000 0.5000 2.5000 1.9816 4.7427 
2.0000 1.0000 4.0000 -4.0000 1.0000 -4.2000 2 1.0000 1.0000 0.5420 -6.0000 2.0000 6.0000 -14.0000 -2.0000 -10.0000 0.5000 0.5000 0.5000 0.5000 0.5000 2.5000 1.8212 4.5760 
2.0000 3.0000 4.0000 -4.0000 1.0000 -1.4000 2 1.0000 1.0000 0.7050 -6.0000 2.0000 6.0000 -14.0000 -2.0000 -10.0000 0.5000 0.5000 0.5000 0.5000 0.5000 2.5000 1.8856 4.6426 
2.0000 14.0000 4.0000 -4.0000 0.0000 4.2000 8 -1.0000 1.0000 0.5370 2.0000 -6.0000 -10.0000 -2.0000 -14.0000 6.0000 0.6361 0.4205 0.6307 0.4799 0.3271 2.4942 1.8479 4.5867 
2.0000 4.0000 4.0000 -4.0000 1.0000 0.0000 8 -1.0000 0.0000 1.6010 2.0000 -10.0000 -14.0000 6.0000 -6.0000 -2.0000 0.5000 0.5000 0.5000 0.5000 0.5000 2.5000 1.7868 4.5426 
2.0000 11.0000 4.0000 -4.0000 0.0000 0.0000 2 1.0000 0.0000 0.6810 -14.0000 -6.0000 2.0000 -10.0000 6.0000 -2.0000 0.4329 0.6826 0.3434 0.6566 0.3778 2.4934 1.9396 4.6861 
2.0000 59.0000 4.0000 4.0000 1.0000 -1.4000 8 -1.0000 0.0000 0.5320 -6.0000 6.0000 10.0000 2.0000 14.0000 -2.0000 0.5000 0.5000 0.5000 0.5000 0.5000 2.5000 1.9726 4.7260 
2.0000 54.0000 4.0000 2.0000 0.0000 1.4000 8 -1.0000 1.0000 0.5350 -4.0000 4.0000 12.0000 0.0000 8.0000 -8.0000 0.5875 0.4604 0.3932 0.4986 0.5658 2.5056 1.9475 4.6981 
2.0000 60.0000 4.0000 4.0000 1.0000 0.0000 8 -1.0000 0.0000 0.3400 -6.0000 6.0000 10.0000 2.0000 14.0000 -2.0000 0.5000 0.5000 0.5000 0.5000 0.5000 2.5000 1.9084 4.6426 
2.0000 66.0000 4.0000 4.0000 0.0000 -1.4000 8 -1.0000 0.0000 0.5490 -6.0000 6.0000 14.0000 2.0000 10.0000 -2.0000 0.6341 0.3799 0.4924 0.6391 0.3447 2.4902 1.9473 4.6994 
2.0000 24.0000 4.0000 -2.0000 0.0000 -1.4000 2 1.0000 1.0000 1.3540 -4.0000 4.0000 8.0000 -12.0000 0.0000 -8.0000 0.3729 0.4332 0.6223 0.6670 0.4105 2.5060 1.8375 4.5986 
2.0000 37.0000 4.0000 0.0000 0.0000 -2.8000 8 -1.0000 0.0000 0.7980 10.0000 2.0000 -10.0000 6.0000 -6.0000 -2.0000 0.5093 0.4270 0.3152 0.5502 0.6896 2.4913 1.8614 4.6005 
2.0000 50.0000 4.0000 2.0000 0.0000 -4.2000 2 1.0000 1.0000 0.8880 12.0000 0.0000 -8.0000 4.0000 -4.0000 8.0000 0.7436 0.5536 0.5191 0.3201 0.3556 2.4920 1.8695 4.6179 
2.0000 39.0000 4.0000 0.0000 0.0000 0.0000 8 -1.0000 0.0000 1.4550 -10.0000 2.0000 6.0000 -2.0000 10.0000 -6.0000 0.4580 0.3286 0.5044 0.7034 0.5125 2.5070 1.8905 4.6495 
2.0000 41.0000 4.0000 0.0000 0.0000 2.8000 8 -1.0000 1.0000 0.5490 10.0000 -2.0000 -6.0000 2.0000 -10.0000 6.0000 0.7421 0.3777 0.6566 0.3135 0.4018 2.4918 1.7681 4.5008 
2.0000 61.0000 4.0000 4.0000 1.0000 1.4000 8 -1.0000 1.0000 0.4750 -6.0000 6.0000 14.0000 2.0000 10.0000 -2.0000 0.5000 0.5000 0.5000 0.5000 0.5000 2.5000 1.8239 4.5759 
2.0000 19.0000 4.0000 -2.0000 1.0000 1.4000 8 -1.0000 1.0000 0.4730 8.0000 0.0000 -12.0000 4.0000 -8.0000 -4.0000 0.5000 0.5000 0.5000 0.5000 0.5000 2.5000 1.7689 4.5093 
2.0000 27.0000 4.0000 -2.0000 0.0000 2.8000 8 -1.0000 1.0000 0.8180 4.0000 -4.0000 -8.0000 0.0000 -12.0000 8.0000 0.7766 0.5778 0.3713 0.4251 0.3591 2.5098 1.8388 4.5857 
2.0000 42.0000 4.0000 0.0000 0.0000 4.2000 8 -1.0000 1.0000 1.6660 10.0000 2.0000 -6.0000 6.0000 -10.0000 -2.0000 0.5179 0.6787 0.6063 0.3755 0.3123 2.4908 1.8929 4.6502 
2.0000 34.0000 4.0000 0.0000 1.0000 2.8000 8 -1.0000 1.0000 0.4240 6.0000 -2.0000 -6.0000 2.0000 -10.0000 10.0000 0.5000 0.5000 0.5000 0.5000 0.5000 2.5000 1.9186 4.6760 
2.0000 44.0000 4.0000 2.0000 1.0000 -2.8000 8 -1.0000 0.0000 0.5730 -8.0000 4.0000 8.0000 0.0000 12.0000 -4.0000 0.5000 0.5000 0.5000 0.5000 0.5000 2.5000 1.7536 4.5091 
2.0000 68.0000 4.0000 4.0000 0.0000 1.4000 8 -1.0000 1.0000 0.6260 -6.0000 2.0000 10.0000 -2.0000 14.0000 6.0000 0.6529 0.5228 0.4236 0.5975 0.3059 2.5027 1.8429 4.5952 
2.0000 45.0000 4.0000 2.0000 1.0000 -1.4000 2 1.0000 1.0000 1.0820 -4.0000 4.0000 8.0000 0.0000 12.0000 -8.0000 0.5000 0.5000 0.5000 0.5000 0.5000 2.5000 1.9074 4.6592 
2.0000 29.0000 4.0000 0.0000 1.0000 -4.2000 2 1.0000 1.0000 0.5160 -10.0000 2.0000 6.0000 -2.0000 10.0000 -6.0000 0.5000 0.5000 0.5000 0.5000 0.5000 2.5000 1.8473 4.5925 
2.0000 26.0000 4.0000 -2.0000 0.0000 1.4000 8 -1.0000 1.0000 1.6760 0.0000 -8.0000 -12.0000 8.0000 -4.0000 4.0000 0.6303 0.3118 0.5509 0.6887 0.3279 2.5097 1.7890 4.5521 
2.0000 23.0000 4.0000 -2.0000 0.0000 -2.8000 8 -1.0000 0.0000 1.1350 -12.0000 0.0000 4.0000 -4.0000 8.0000 -8.0000 0.7794 0.3160 0.5973 0.4318 0.3660 2.4906 1.7770 4.5165 
2.0000 62.0000 4.0000 4.0000 1.0000 2.8000 8 -1.0000 1.0000 0.9580 -2.0000 10.0000 14.0000 -6.0000 6.0000 2.0000 0.5000 0.5000 0.5000 0.5000 0.5000 2.5000 1.8769 4.6258 
2.0000 55.0000 4.0000 2.0000 0.0000 2.8000 8 -1.0000 1.0000 0.4980 -4.0000 4.0000 12.0000 0.0000 8.0000 -8.0000 0.5363 0.6670 0.5182 0.3340 0.4460 2.5014 1.8543 4.5938 
2.0000 21.0000 4.0000 -2.0000 1.0000 4.2000 8 -1.0000 1.0000 0.7060 8.0000 0.0000 -8.0000 4.0000 -12.0000 -4.0000 0.5000 0.5000 0.5000 0.5000 0.5000 2.5000 1.8564 4.6091 
2.0000 49.0000 4.0000 2.0000 1.0000 4.2000 8 -1.0000 1.0000 1.3500 -4.0000 4.0000 8.0000 0.0000 12.0000 -8.0000 0.5000 0.5000 0.5000 0.5000 0.5000 2.5000 1.8665 4.6258 
2.0000 53.0000 4.0000 2.0000 0.0000 0.0000 8 -1.0000 0.0000 1.4270 -8.0000 4.0000 8.0000 0.0000 12.0000 -4.0000 0.3633 0.6800 0.4509 0.3008 0.7001 2.4951 1.8666 4.6210 
2.0000 20.0000 4.0000 -2.0000 1.0000 2.8000 8 -1.0000 1.0000 0.8040 8.0000 -4.0000 -8.0000 0.0000 -12.0000 4.0000 0.5000 0.5000 0.5000 0.5000 0.5000 2.5000 1.8704 4.6259 
2.0000 16.0000 4.0000 -2.0000 1.0000 -2.8000 2 1.0000 1.0000 0.4670 -8.0000 0.0000 4.0000 -4.0000 8.0000 -12.0000 0.5000 0.5000 0.5000 0.5000 0.5000 2.5000 1.7578 4.5091 
2.0000 30.0000 4.0000 0.0000 1.0000 -2.8000 8 -1.0000 0.0000 0.8960 10.0000 2.0000 -6.0000 6.0000 -10.0000 -2.0000 0.5000 0.5000 0.5000 0.5000 0.5000 2.5000 1.9213 4.6758 
2.0000 40.0000 4.0000 0.0000 0.0000 1.4000 8 -1.0000 1.0000 0.5980 -10.0000 2.0000 10.0000 -2.0000 6.0000 -6.0000 0.6485 0.3071 0.6186 0.3513 0.5822 2.5078 1.8982 4.6503 
2.0000 57.0000 4.0000 4.0000 1.0000 -4.2000 2 1.0000 1.0000 1.3250 6.0000 -2.0000 -6.0000 14.0000 2.0000 10.0000 0.5000 0.5000 0.5000 0.5000 0.5000 2.5000 1.8049 4.5426 
2.0000 8.0000 4.0000 -4.0000 0.0000 -4.2000 2 1.0000 1.0000 0.4860 -10.0000 -2.0000 2.0000 -6.0000 6.0000 -14.0000 0.6613 0.7906 0.3023 0.4133 0.3231 2.4906 1.8064 4.5331 
2.0000 36.0000 4.0000 0.0000 0.0000 -4.2000 2 1.0000 1.0000 0.5020 10.0000 -2.0000 -10.0000 2.0000 -6.0000 6.0000 0.6779 0.3056 0.5797 0.4415 0.4932 2.4980 1.8451 4.6072 
2.0000 25.0000 4.0000 -2.0000 0.0000 0.0000 2 1.0000 0.0000 0.8520 -12.0000 0.0000 4.0000 -4.0000 8.0000 -8.0000 0.5233 0.3875 0.4902 0.7219 0.3741 2.4971 1.8287 4.5897 
2.0000 51.0000 4.0000 2.0000 0.0000 -2.8000 8 -1.0000 0.0000 1.0240 -4.0000 4.0000 8.0000 0.0000 12.0000 -8.0000 0.5744 0.5211 0.3684 0.6770 0.3661 2.5070 1.7622 4.5162 
2.0000 35.0000 4.0000 0.0000 1.0000 4.2000 8 -1.0000 1.0000 0.4690 -6.0000 6.0000 10.0000 -10.0000 2.0000 -2.0000 0.5000 0.5000 0.5000 0.5000 0.5000 2.5000 1.7975 4.5426 
2.0000 52.0000 4.0000 2.0000 0.0000 -1.4000 2 1.0000 1.0000 2.5870 8.0000 0.0000 -8.0000 4.0000 -4.0000 12.0000 0.3172 0.4177 0.6659 0.5309 0.5715 2.5032 1.9169 4.6792 
2.0000 63.0000 4.0000 4.0000 1.0000 4.2000 8 -1.0000 1.0000 0.3760 10.0000 2.0000 -2.0000 6.0000 -6.0000 14.0000 0.5000 0.5000 0.5000 0.5000 0.5000 2.5000 1.8175 4.5593 
2.0000 18.0000 4.0000 -2.0000 1.0000 0.0000 2 1.0000 0.0000 0.7170 -8.0000 0.0000 8.0000 -4.0000 4.0000 -12.0000 0.5000 0.5000 0.5000 0.5000 0.5000 2.5000 1.8596 4.6092 
2.0000 65.0000 4.0000 4.0000 0.0000 -2.8000 8 -1.0000 0.0000 0.8260 -6.0000 6.0000 14.0000 2.0000 10.0000 -2.0000 0.3479 0.5698 0.4073 0.7660 0.3992 2.4902 1.8892 4.6329 
2.0000 12.0000 4.0000 -4.0000 0.0000 1.4000 2 1.0000 0.0000 0.8210 2.0000 -6.0000 -10.0000 -2.0000 -14.0000 6.0000 0.3608 0.7616 0.3780 0.6194 0.3745 2.4944 1.8783 4.6203 
2.0000 64.0000 4.0000 4.0000 0.0000 -4.2000 8 -1.0000 0.0000 0.7900 14.0000 2.0000 -2.0000 6.0000 -6.0000 10.0000 0.3749 0.4837 0.6461 0.4574 0.5357 2.4979 1.8865 4.6405 
2.0000 70.0000 5.0000 4.0000 0.0000 4.2000 8 -1.0000 1.0000 0.4290 14.0000 2.0000 -2.0000 6.0000 -6.0000 10.0000 0.3636 0.4259 0.6037 0.3381 0.7785 2.5099 1.8524 4.6191 
2.0000 29.0000 5.0000 0.0000 1.0000 -4.2000 2 1.0000 1.0000 0.5240 10.0000 2.0000 -10.0000 6.0000 -6.0000 -2.0000 0.5000 0.5000 0.5000 0.5000 0.5000 2.5000 1.9415 4.6924 
2.0000 14.0000 5.0000 -4.0000 0.0000 4.2000 8 -1.0000 1.0000 0.9240 -6.0000 2.0000 6.0000 -14.0000 -2.0000 -10.0000 0.4129 0.7278 0.3676 0.6523 0.3493 2.5100 1.9579 4.7191 
2.0000 19.0000 5.0000 -2.0000 1.0000 1.4000 8 -1.0000 1.0000 1.3270 -12.0000 0.0000 4.0000 -4.0000 8.0000 -8.0000 0.5000 0.5000 0.5000 0.5000 0.5000 2.5000 1.9748 4.7260 
2.0000 27.0000 5.0000 -2.0000 0.0000 2.8000 2 1.0000 0.0000 1.6190 -8.0000 0.0000 8.0000 -4.0000 4.0000 -12.0000 0.5250 0.5892 0.3163 0.4059 0.6548 2.4911 1.8917 4.6336 
2.0000 65.0000 5.0000 4.0000 0.0000 -2.8000 8 -1.0000 0.0000 1.2970 -2.0000 6.0000 10.0000 2.0000 14.0000 -6.0000 0.4091 0.4661 0.6654 0.6227 0.3388 2.5020 1.9752 4.7280 
2.0000 37.0000 5.0000 0.0000 0.0000 -2.8000 2 1.0000 1.0000 0.5770 6.0000 -6.0000 -10.0000 10.0000 -2.0000 2.0000 0.7458 0.6082 0.4210 0.3445 0.3876 2.5070 1.8982 4.6495 
2.0000 39.0000 5.0000 0.0000 0.0000 0.0000 2 1.0000 0.0000 0.6720 10.0000 2.0000 -10.0000 6.0000 -6.0000 -2.0000 0.5589 0.4192 0.5144 0.6958 0.3025 2.4909 1.9588 4.7002 
2.0000 52.0000 5.0000 2.0000 0.0000 -1.4000 8 -1.0000 0.0000 0.6740 -4.0000 4.0000 8.0000 0.0000 12.0000 -8.0000 0.3325 0.6338 0.4656 0.7062 0.3707 2.5087 1.7659 4.5346 
2.0000 59.0000 5.0000 4.0000 1.0000 -1.4000 8 -1.0000 0.0000 0.8820 10.0000 -2.0000 -6.0000 14.0000 2.0000 6.0000 0.5000 0.5000 0.5000 0.5000 0.5000 2.5000 1.8293 4.5925 
2.0000 34.0000 5.0000 0.0000 1.0000 2.8000 8 -1.0000 1.0000 0.5350 -6.0000 2.0000 10.0000 -2.0000 6.0000 -10.0000 0.5000 0.5000 0.5000 0.5000 0.5000 2.5000 1.7662 4.5259 
2.0000 23.0000 5.0000 -2.0000 0.0000 -2.8000 2 1.0000 1.0000 0.4600 8.0000 0.0000 -12.0000 4.0000 -8.0000 -4.0000 0.6086 0.4966 0.4332 0.3123 0.6512 2.5018 1.8590 4.6110 
2.0000 1.0000 5.0000 -4.0000 1.0000 -4.2000 2 1.0000 1.0000 0.5520 6.0000 -6.0000 -10.0000 -2.0000 -14.0000 2.0000 0.5000 0.5000 0.5000 0.5000 0.5000 2.5000 1.7644 4.5092 
2.0000 58.0000 5.0000 4.0000 1.0000 -2.8000 2 1.0000 1.0000 1.6250 2.0000 10.0000 14.0000 -6.0000 6.0000 -2.0000 0.5000 0.5000 0.5000 0.5000 0.5000 2.5000 1.7721 4.5258 
2.0000 49.0000 5.0000 2.0000 1.0000 4.2000 8 -1.0000 1.0000 0.5600 8.0000 0.0000 -4.0000 4.0000 -8.0000 12.0000 0.5000 0.5000 0.5000 0.5000 0.5000 2.5000 1.9309 4.6759 
2.0000 25.0000 5.0000 -2.0000 0.0000 0.0000 8 -1.0000 0.0000 0.9550 8.0000 0.0000 -12.0000 4.0000 -8.0000 -4.0000 0.3668 0.7301 0.3475 0.7210 0.3353 2.5007 1.9330 4.6766 
2.0000 48.0000 5.0000 2.0000 1.0000 2.8000 8 -1.0000 1.0000 0.8110 -8.0000 0.0000 12.0000 -4.0000 8.0000 4.0000 0.5000 0.5000 0.5000 0.5000 0.5000 2.5000 1.7503 4.4925 
2.0000 15.0000 5.0000 -2.0000 1.0000 -4.2000 2 1.0000 1.0000 0.7050 4.0000 -8.0000 -12.0000 8.0000 -4.0000 0.0000 0.5000 0.5000 0.5000 0.5000 0.5000 2.5000 1.9933 4.7592 
2.0000 20.0000 5.0000 -2.0000 1.0000 2.8000 8 -1.0000 1.0000 1.0490 -8.0000 0.0000 4.0000 -4.0000 8.0000 -12.0000 0.5000 0.5000 0.5000 0.5000 0.5000 2.5000 1.7947 4.5424 
2.0000 51.0000 5.0000 2.0000 0.0000 -2.8000 2 1.0000 1.0000 1.4380 -8.0000 4.0000 12.0000 0.0000 8.0000 -4.0000 0.4310 0.5480 0.4452 0.6817 0.3883 2.4942 1.7807 4.5367 
2.0000 43.0000 5.0000 2.0000 1.0000 -4.2000 2 1.0000 1.0000 1.0300 -4.0000 4.0000 8.0000 0.0000 12.0000 -8.0000 0.5000 0.5000 0.5000 0.5000 0.5000 2.5000 1.8507 4.6092 
2.0000 7.0000 5.0000 -4.0000 1.0000 4.2000 8 -1.0000 1.0000 0.7940 2.0000 -10.0000 -14.0000 6.0000 -6.0000 -2.0000 0.5000 0.5000 0.5000 0.5000 0.5000 2.5000 1.8063 4.5593 
2.0000 31.0000 5.0000 0.0000 1.0000 -1.4000 8 -1.0000 0.0000 0.4730 6.0000 -2.0000 -6.0000 2.0000 -10.0000 10.0000 0.5000 0.5000 0.5000 0.5000 0.5000 2.5000 1.7776 4.5258 
2.0000 12.0000 5.0000 -4.0000 0.0000 1.4000 8 -1.0000 1.0000 0.7550 -14.0000 -6.0000 2.0000 -10.0000 6.0000 -2.0000 0.3932 0.4379 0.3049 0.7441 0.6198 2.4999 1.8195 4.5591 
2.0000 33.0000 5.0000 0.0000 1.0000 1.4000 8 -1.0000 1.0000 0.6480 -10.0000 2.0000 10.0000 -2.0000 6.0000 -6.0000 0.5000 0.5000 0.5000 0.5000 0.5000 2.5000 1.8768 4.6259 
2.0000 6.0000 5.0000 -4.0000 1.0000 2.8000 8 -1.0000 1.0000 1.8360 -14.0000 -6.0000 6.0000 -10.0000 2.0000 -2.0000 0.5000 0.5000 0.5000 0.5000 0.5000 2.5000 1.8214 4.5591 
2.0000 47.0000 5.0000 2.0000 1.0000 1.4000 8 -1.0000 1.0000 1.3540 -8.0000 4.0000 8.0000 0.0000 12.0000 -4.0000 0.5000 0.5000 0.5000 0.5000 0.5000 2.5000 1.8641 4.6259 
2.0000 3.0000 5.0000 -4.0000 1.0000 -1.4000 2 1.0000 1.0000 1.3150 -14.0000 -6.0000 2.0000 -10.0000 6.0000 -2.0000 0.5000 0.5000 0.5000 0.5000 0.5000 2.5000 1.7607 4.5091 
2.0000 11.0000 5.0000 -4.0000 0.0000 0.0000 2 1.0000 0.0000 0.7240 2.0000 -6.0000 -14.0000 -2.0000 -10.0000 6.0000 0.4248 0.5858 0.6428 0.5460 0.3066 2.5060 1.8079 4.5651 
2.0000 21.0000 5.0000 -2.0000 1.0000 4.2000 8 -1.0000 1.0000 0.7020 8.0000 -4.0000 -12.0000 0.0000 -8.0000 4.0000 0.5000 0.5000 0.5000 0.5000 0.5000 2.5000 1.9107 4.6592 
2.0000 40.0000 5.0000 0.0000 0.0000 1.4000 8 -1.0000 1.0000 0.5450 10.0000 2.0000 -10.0000 6.0000 -6.0000 -2.0000 0.3405 0.4150 0.6587 0.5197 0.5668 2.5006 1.9823 4.7266 
2.0000 42.0000 5.0000 0.0000 0.0000 4.2000 8 -1.0000 1.0000 0.6100 10.0000 2.0000 -6.0000 6.0000 -10.0000 -2.0000 0.7589 0.5234 0.4332 0.3502 0.4326 2.4983 1.9633 4.7074 
2.0000 63.0000 5.0000 4.0000 1.0000 4.2000 8 -1.0000 1.0000 0.4400 6.0000 -2.0000 -6.0000 14.0000 2.0000 10.0000 0.5000 0.5000 0.5000 0.5000 0.5000 2.5000 1.8031 4.5425 
2.0000 45.0000 5.0000 2.0000 1.0000 -1.4000 8 -1.0000 0.0000 0.7960 -4.0000 4.0000 8.0000 0.0000 12.0000 -8.0000 0.5000 0.5000 0.5000 0.5000 0.5000 2.5000 1.8540 4.5925 
2.0000 4.0000 5.0000 -4.0000 1.0000 0.0000 8 -1.0000 0.0000 0.9310 -14.0000 -6.0000 2.0000 -10.0000 6.0000 -2.0000 0.5000 0.5000 0.5000 0.5000 0.5000 2.5000 1.7928 4.5426 
2.0000 67.0000 5.0000 4.0000 0.0000 0.0000 8 -1.0000 0.0000 0.4200 -6.0000 2.0000 14.0000 -2.0000 10.0000 6.0000 0.7011 0.5552 0.5944 0.3039 0.3496 2.5041 1.9294 4.6801 
2.0000 66.0000 5.0000 4.0000 0.0000 -1.4000 8 -1.0000 0.0000 0.3970 10.0000 2.0000 -6.0000 6.0000 -2.0000 14.0000 0.3042 0.6962 0.3039 0.7701 0.4250 2.4994 1.9264 4.6754 
2.0000 41.0000 5.0000 0.0000 0.0000 2.8000 8 -1.0000 1.0000 0.5560 -10.0000 2.0000 10.0000 -2.0000 6.0000 -6.0000 0.6568 0.4390 0.5050 0.4635 0.4360 2.5003 1.9573 4.7096 
2.0000 53.0000 5.0000 2.0000 0.0000 0.0000 8 -1.0000 0.0000 0.4660 8.0000 0.0000 -4.0000 4.0000 -8.0000 12.0000 0.6118 0.4083 0.3168 0.4584 0.7051 2.5004 1.7831 4.5430 
2.0000 54.0000 5.0000 2.0000 0.0000 1.4000 8 -1.0000 1.0000 0.5100 8.0000 0.0000 -4.0000 4.0000 -8.0000 12.0000 0.5754 0.4086 0.7954 0.4052 0.3082 2.4928 1.7584 4.5020 
2.0000 8.0000 5.0000 -4.0000 0.0000 -4.2000 2 1.0000 1.0000 0.5580 -2.0000 -10.0000 -14.0000 6.0000 -6.0000 2.0000 0.4794 0.6083 0.4704 0.6125 0.3211 2.4918 1.8673 4.6176 
2.0000 60.0000 5.0000 4.0000 1.0000 0.0000 8 -1.0000 0.0000 0.5820 -6.0000 6.0000 14.0000 2.0000 10.0000 -2.0000 0.5000 0.5000 0.5000 0.5000 0.5000 2.5000 1.9425 4.6926 
2.0000 30.0000 5.0000 0.0000 1.0000 -2.8000 2 1.0000 1.0000 0.3970 6.0000 -6.0000 -10.0000 10.0000 -2.0000 2.0000 0.5000 0.5000 0.5000 0.5000 0.5000 2.5000 1.9940 4.7426 
2.0000 61.0000 5.0000 4.0000 1.0000 1.4000 8 -1.0000 1.0000 0.4620 14.0000 2.0000 -2.0000 6.0000 -6.0000 10.0000 0.5000 0.5000 0.5000 0.5000 0.5000 2.5000 1.9091 4.6593 
2.0000 16.0000 5.0000 -2.0000 1.0000 -2.8000 2 1.0000 1.0000 0.4520 -12.0000 -4.0000 4.0000 -8.0000 8.0000 0.0000 0.5000 0.5000 0.5000 0.5000 0.5000 2.5000 1.7610 4.5091 
2.0000 22.0000 5.0000 -2.0000 0.0000 -4.2000 2 1.0000 1.0000 0.7370 4.0000 -8.0000 -12.0000 8.0000 -4.0000 0.0000 0.4312 0.7495 0.6152 0.3848 0.3146 2.4952 1.7865 4.5210 
2.0000 46.0000 5.0000 2.0000 1.0000 0.0000 8 -1.0000 0.0000 1.1010 12.0000 4.0000 -8.0000 8.0000 -4.0000 0.0000 0.5000 0.5000 0.5000 0.5000 0.5000 2.5000 1.8514 4.6093 
2.0000 69.0000 5.0000 4.0000 0.0000 2.8000 8 -1.0000 1.0000 0.4820 10.0000 2.0000 -2.0000 6.0000 -6.0000 14.0000 0.4446 0.4976 0.7954 0.3135 0.4562 2.5073 1.8388 4.5997 
2.0000 62.0000 5.0000 4.0000 1.0000 2.8000 8 -1.0000 1.0000 0.4350 2.0000 10.0000 14.0000 -6.0000 6.0000 -2.0000 0.5000 0.5000 0.5000 0.5000 0.5000 2.5000 1.8713 4.6259 
2.0000 2.0000 5.0000 -4.0000 1.0000 -2.8000 8 -1.0000 0.0000 1.0780 -14.0000 -2.0000 2.0000 -6.0000 6.0000 -10.0000 0.5000 0.5000 0.5000 0.5000 0.5000 2.5000 1.8330 4.5924 
2.0000 56.0000 5.0000 2.0000 0.0000 4.2000 8 -1.0000 1.0000 0.5710 0.0000 8.0000 12.0000 -8.0000 4.0000 -4.0000 0.4110 0.3677 0.4641 0.5317 0.7193 2.4937 1.8836 4.6195 
2.0000 26.0000 5.0000 -2.0000 0.0000 1.4000 8 -1.0000 1.0000 1.4110 -8.0000 0.0000 8.0000 -4.0000 4.0000 -12.0000 0.3901 0.4946 0.7751 0.4599 0.3795 2.4992 1.9791 4.7250 
2.0000 44.0000 5.0000 2.0000 1.0000 -2.8000 2 1.0000 1.0000 2.9890 -8.0000 4.0000 8.0000 0.0000 12.0000 -4.0000 0.5000 0.5000 0.5000 0.5000 0.5000 2.5000 1.8781 4.6258 
2.0000 55.0000 5.0000 2.0000 0.0000 2.8000 8 -1.0000 1.0000 1.9100 -4.0000 4.0000 8.0000 0.0000 12.0000 -8.0000 0.5069 0.7106 0.3017 0.3487 0.6228 2.4907 1.9349 4.6666 
2.0000 28.0000 5.0000 -2.0000 0.0000 4.2000 2 1.0000 0.0000 1.1030 8.0000 -4.0000 -8.0000 0.0000 -12.0000 4.0000 0.6390 0.5908 0.3757 0.4792 0.4148 2.4995 1.9797 4.7422 
2.0000 50.0000 5.0000 2.0000 0.0000 -4.2000 8 -1.0000 0.0000 1.5980 -4.0000 4.0000 12.0000 0.0000 8.0000 -8.0000 0.5441 0.5731 0.3227 0.4653 0.5914 2.4967 1.8224 4.5724 
2.0000 24.0000 5.0000 -2.0000 0.0000 -1.4000 2 1.0000 1.0000 1.3400 8.0000 0.0000 -12.0000 4.0000 -8.0000 -4.0000 0.4303 0.3801 0.3462 0.7791 0.5739 2.5097 1.8080 4.5689 
2.0000 38.0000 5.0000 0.0000 0.0000 -1.4000 2 1.0000 1.0000 3.4260 -6.0000 2.0000 10.0000 -2.0000 6.0000 -10.0000 0.4355 0.3245 0.7624 0.4622 0.5132 2.4979 1.9928 4.7406 
2.0000 32.0000 5.0000 0.0000 1.0000 0.0000 2 1.0000 0.0000 1.2770 -6.0000 2.0000 6.0000 -2.0000 10.0000 -10.0000 0.5000 0.5000 0.5000 0.5000 0.5000 2.5000 1.7512 4.5092 
2.0000 35.0000 5.0000 0.0000 1.0000 4.2000 8 -1.0000 1.0000 0.7230 -10.0000 2.0000 10.0000 -2.0000 6.0000 -6.0000 0.5000 0.5000 0.5000 0.5000 0.5000 2.5000 1.8711 4.6258 
2.0000 64.0000 5.0000 4.0000 0.0000 -4.2000 2 1.0000 1.0000 0.8690 -2.0000 6.0000 10.0000 2.0000 14.0000 -6.0000 0.3876 0.7304 0.4115 0.5690 0.3966 2.4952 1.9916 4.7378 
2.0000 5.0000 5.0000 -4.0000 1.0000 1.4000 2 1.0000 0.0000 1.0620 -14.0000 -2.0000 2.0000 -6.0000 6.0000 -10.0000 0.5000 0.5000 0.5000 0.5000 0.5000 2.5000 1.8327 4.5757 
2.0000 68.0000 5.0000 4.0000 0.0000 1.4000 8 -1.0000 1.0000 0.4530 14.0000 2.0000 -6.0000 6.0000 -2.0000 10.0000 0.4777 0.5594 0.6427 0.4843 0.3426 2.5067 1.9431 4.6992 
2.0000 10.0000 5.0000 -4.0000 0.0000 -1.4000 8 -1.0000 0.0000 1.5310 6.0000 -2.0000 -14.0000 2.0000 -10.0000 -6.0000 0.5431 0.3383 0.5078 0.4516 0.6690 2.5097 1.8922 4.6521 
2.0000 36.0000 5.0000 0.0000 0.0000 -4.2000 2 1.0000 1.0000 0.9990 -10.0000 2.0000 6.0000 -2.0000 10.0000 -6.0000 0.4141 0.4732 0.5025 0.5921 0.5119 2.4938 1.8884 4.6364 
2.0000 57.0000 5.0000 4.0000 1.0000 -4.2000 8 -1.0000 0.0000 0.4200 -6.0000 6.0000 14.0000 2.0000 10.0000 -2.0000 0.5000 0.5000 0.5000 0.5000 0.5000 2.5000 1.7932 4.5425 
2.0000 9.0000 5.0000 -4.0000 0.0000 -2.8000 2 1.0000 1.0000 0.4270 2.0000 -6.0000 -14.0000 -2.0000 -10.0000 6.0000 0.6452 0.4826 0.4325 0.3621 0.5805 2.5029 1.7915 4.5454 
2.0000 18.0000 5.0000 -2.0000 1.0000 0.0000 2 1.0000 0.0000 2.3110 -8.0000 0.0000 4.0000 -4.0000 8.0000 -12.0000 0.5000 0.5000 0.5000 0.5000 0.5000 2.5000 1.9743 4.7258 
2.0000 17.0000 5.0000 -2.0000 1.0000 -1.4000 2 1.0000 1.0000 1.5790 -8.0000 4.0000 8.0000 -12.0000 0.0000 -4.0000 0.5000 0.5000 0.5000 0.5000 0.5000 2.5000 1.9072 4.6593 
2.0000 13.0000 5.0000 -4.0000 0.0000 2.8000 8 -1.0000 1.0000 0.6670 6.0000 -2.0000 -14.0000 2.0000 -10.0000 -6.0000 0.4656 0.5487 0.3441 0.7530 0.3853 2.4967 1.7771 4.5226 
2.0000 13.0000 6.0000 -4.0000 0.0000 2.8000 2 1.0000 0.0000 1.0680 2.0000 -10.0000 -14.0000 6.0000 -6.0000 -2.0000 0.7203 0.4432 0.6364 0.3001 0.3925 2.4927 1.9590 4.7020 
2.0000 30.0000 6.0000 0.0000 1.0000 -2.8000 2 1.0000 1.0000 0.5350 2.0000 -6.0000 -10.0000 10.0000 -2.0000 6.0000 0.5000 0.5000 0.5000 0.5000 0.5000 2.5000 1.9768 4.7426 
2.0000 17.0000 6.0000 -2.0000 1.0000 -1.4000 8 -1.0000 0.0000 0.7700 4.0000 -8.0000 -12.0000 8.0000 -4.0000 0.0000 0.5000 0.5000 0.5000 0.5000 0.5000 2.5000 1.9172 4.6758 
2.0000 70.0000 6.0000 4.0000 0.0000 4.2000 8 -1.0000 1.0000 0.4220 -2.0000 6.0000 14.0000 2.0000 10.0000 -6.0000 0.6105 0.7465 0.3508 0.4190 0.3810 2.5078 1.8047 4.5669 
2.0000 53.0000 6.0000 2.0000 0.0000 0.0000 8 -1.0000 0.0000 0.9850 -8.0000 4.0000 8.0000 0.0000 12.0000 -4.0000 0.5438 0.4006 0.4317 0.6275 0.5057 2.5094 1.8496 4.6186 
2.0000 59.0000 6.0000 4.0000 1.0000 -1.4000 8 -1.0000 0.0000 1.1770 10.0000 2.0000 -6.0000 6.0000 -2.0000 14.0000 0.5000 0.5000 0.5000 0.5000 0.5000 2.5000 1.9162 4.6592 
2.0000 39.0000 6.0000 0.0000 0.0000 0.0000 2 1.0000 0.0000 0.8300 -10.0000 2.0000 10.0000 -2.0000 6.0000 -6.0000 0.5860 0.3887 0.3227 0.7758 0.4239 2.4970 1.8419 4.5896 
2.0000 9.0000 6.0000 -4.0000 0.0000 -2.8000 2 1.0000 1.0000 1.0910 -2.0000 -10.0000 -14.0000 6.0000 -6.0000 2.0000 0.6202 0.6642 0.3232 0.3990 0.4848 2.4915 1.9712 4.7174 
2.0000 63.0000 6.0000 4.0000 1.0000 4.2000 8 -1.0000 1.0000 0.7760 10.0000 -2.0000 -6.0000 14.0000 2.0000 6.0000 0.5000 0.5000 0.5000 0.5000 0.5000 2.5000 1.9769 4.7259 
2.0000 38.0000 6.0000 0.0000 0.0000 -1.4000 8 -1.0000 0.0000 0.8740 10.0000 -2.0000 -10.0000 2.0000 -6.0000 6.0000 0.7261 0.3297 0.3561 0.7227 0.3599 2.4944 1.9398 4.6703 
2.0000 48.0000 6.0000 2.0000 1.0000 2.8000 8 -1.0000 1.0000 0.6190 -8.0000 0.0000 12.0000 -4.0000 8.0000 4.0000 0.5000 0.5000 0.5000 0.5000 0.5000 2.5000 1.8173 4.5759 
2.0000 56.0000 6.0000 2.0000 0.0000 4.2000 8 -1.0000 1.0000 0.5330 -8.0000 0.0000 12.0000 -4.0000 8.0000 4.0000 0.3067 0.4359 0.6810 0.7775 0.3055 2.5066 1.7881 4.5492 
2.0000 8.0000 6.0000 -4.0000 0.0000 -4.2000 8 -1.0000 0.0000 1.5290 2.0000 -10.0000 -14.0000 6.0000 -6.0000 -2.0000 0.4128 0.5261 0.3383 0.6608 0.5617 2.4997 1.9424 4.6922 
2.0000 58.0000 6.0000 4.0000 1.0000 -2.8000 8 -1.0000 0.0000 1.0400 10.0000 2.0000 -6.0000 6.0000 -2.0000 14.0000 0.5000 0.5000 0.5000 0.5000 0.5000 2.5000 1.8304 4.5758 
2.0000 37.0000 6.0000 0.0000 0.0000 -2.8000 8 -1.0000 0.0000 1.5950 -6.0000 2.0000 10.0000 -2.0000 6.0000 -10.0000 0.4972 0.6524 0.4293 0.3575 0.5655 2.5019 1.7554 4.5112 
2.0000 40.0000 6.0000 0.0000 0.0000 1.4000 8 -1.0000 1.0000 0.7990 -10.0000 2.0000 6.0000 -2.0000 10.0000 -6.0000 0.3207 0.6415 0.4805 0.5779 0.4789 2.4995 1.8346 4.5920 
2.0000 18.0000 6.0000 -2.0000 1.0000 0.0000 8 -1.0000 0.0000 1.0160 4.0000 -4.0000 -12.0000 0.0000 -8.0000 8.0000 0.5000 0.5000 0.5000 0.5000 0.5000 2.5000 1.9621 4.7093 
2.0000 42.0000 6.0000 0.0000 0.0000 4.2000 8 -1.0000 1.0000 1.8680 2.0000 -6.0000 -10.0000 10.0000 -2.0000 6.0000 0.3012 0.7637 0.6179 0.3633 0.4508 2.4969 1.7712 4.5060 
2.0000 43.0000 6.0000 2.0000 1.0000 -4.2000 2 1.0000 1.0000 0.7210 12.0000 4.0000 -4.0000 8.0000 -8.0000 0.0000 0.5000 0.5000 0.5000 0.5000 0.5000 2.5000 1.7511 4.4924 
2.0000 54.0000 6.0000 2.0000 0.0000 1.4000 8 -1.0000 1.0000 0.8770 -4.0000 8.0000 12.0000 -8.0000 4.0000 0.0000 0.4813 0.5330 0.4180 0.6389 0.4247 2.4960 1.9389 4.6719 
2.0000 20.0000 6.0000 -2.0000 1.0000 2.8000 8 -1.0000 1.0000 0.6630 4.0000 -4.0000 -8.0000 0.0000 -12.0000 8.0000 0.5000 0.5000 0.5000 0.5000 0.5000 2.5000 1.7501 4.5092 
2.0000 62.0000 6.0000 4.0000 1.0000 2.8000 8 -1.0000 1.0000 0.3890 -6.0000 6.0000 14.0000 2.0000 10.0000 -2.0000 0.5000 0.5000 0.5000 0.5000 0.5000 2.5000 1.9135 4.6760 
2.0000 45.0000 6.0000 2.0000 1.0000 -1.4000 8 -1.0000 0.0000 0.6940 12.0000 4.0000 -4.0000 8.0000 -8.0000 0.0000 0.5000 0.5000 0.5000 0.5000 0.5000 2.5000 1.7546 4.5092 
2.0000 5.0000 6.0000 -4.0000 1.0000 1.4000 8 -1.0000 1.0000 0.9750 6.0000 -2.0000 -10.0000 2.0000 -14.0000 -6.0000 0.5000 0.5000 0.5000 0.5000 0.5000 2.5000 1.7698 4.5260 
2.0000 22.0000 6.0000 -2.0000 0.0000 -4.2000 2 1.0000 1.0000 0.6310 -12.0000 -4.0000 8.0000 -8.0000 4.0000 0.0000 0.5399 0.7187 0.3744 0.3370 0.5282 2.4981 1.7763 4.5240 
2.0000 19.0000 6.0000 -2.0000 1.0000 1.4000 8 -1.0000 1.0000 0.4390 -12.0000 0.0000 4.0000 -4.0000 8.0000 -8.0000 0.5000 0.5000 0.5000 0.5000 0.5000 2.5000 1.8753 4.6259 
2.0000 52.0000 6.0000 2.0000 0.0000 -1.4000 8 -1.0000 0.0000 1.4440 -8.0000 0.0000 12.0000 -4.0000 8.0000 4.0000 0.7018 0.3464 0.4917 0.6499 0.3137 2.5035 1.7955 4.5460 
2.0000 2.0000 6.0000 -4.0000 1.0000 -2.8000 2 1.0000 1.0000 0.7210 6.0000 -6.0000 -14.0000 -2.0000 -10.0000 2.0000 0.5000 0.5000 0.5000 0.5000 0.5000 2.5000 1.7975 4.5425 
2.0000 1.0000 6.0000 -4.0000 1.0000 -4.2000 2 1.0000 1.0000 0.5590 -14.0000 -6.0000 2.0000 -10.0000 6.0000 -2.0000 0.5000 0.5000 0.5000 0.5000 0.5000 2.5000 1.8832 4.6259 
2.0000 57.0000 6.0000 4.0000 1.0000 -4.2000 2 1.0000 1.0000 2.2200 10.0000 2.0000 -6.0000 6.0000 -2.0000 14.0000 0.5000 0.5000 0.5000 0.5000 0.5000 2.5000 1.8686 4.6260 
2.0000 12.0000 6.0000 -4.0000 0.0000 1.4000 2 1.0000 0.0000 0.5760 -10.0000 2.0000 6.0000 -14.0000 -2.0000 -6.0000 0.4663 0.3090 0.6230 0.3719 0.7272 2.4975 1.9616 4.7235 
2.0000 27.0000 6.0000 -2.0000 0.0000 2.8000 8 -1.0000 1.0000 0.7720 -8.0000 0.0000 4.0000 -4.0000 8.0000 -12.0000 0.6422 0.3939 0.4943 0.4298 0.5458 2.5059 1.9876 4.7485 
2.0000 65.0000 6.0000 4.0000 0.0000 -2.8000 8 -1.0000 0.0000 1.1940 14.0000 2.0000 -2.0000 6.0000 -6.0000 10.0000 0.6050 0.3345 0.5856 0.4678 0.5109 2.5039 1.8389 4.5965 
2.0000 24.0000 6.0000 -2.0000 0.0000 -1.4000 2 1.0000 1.0000 0.5130 -12.0000 -4.0000 8.0000 -8.0000 4.0000 0.0000 0.4764 0.5655 0.3048 0.4723 0.6899 2.5088 1.9292 4.6847 
2.0000 61.0000 6.0000 4.0000 1.0000 1.4000 8 -1.0000 1.0000 0.5210 14.0000 2.0000 -6.0000 6.0000 -2.0000 10.0000 0.5000 0.5000 0.5000 0.5000 0.5000 2.5000 1.9769 4.7259 
2.0000 16.0000 6.0000 -2.0000 1.0000 -2.8000 2 1.0000 1.0000 0.5670 -12.0000 0.0000 8.0000 -4.0000 4.0000 -8.0000 0.5000 0.5000 0.5000 0.5000 0.5000 2.5000 1.8994 4.6426 
2.0000 68.0000 6.0000 4.0000 0.0000 1.4000 8 -1.0000 1.0000 0.5060 14.0000 6.0000 -2.0000 10.0000 -6.0000 2.0000 0.3026 0.7627 0.4459 0.6816 0.3058 2.4987 1.8773 4.6245 
2.0000 21.0000 6.0000 -2.0000 1.0000 4.2000 8 -1.0000 1.0000 0.4330 -12.0000 -4.0000 8.0000 -8.0000 4.0000 0.0000 0.5000 0.5000 0.5000 0.5000 0.5000 2.5000 1.8876 4.6260 
2.0000 69.0000 6.0000 4.0000 0.0000 2.8000 8 -1.0000 1.0000 0.5880 6.0000 -2.0000 -6.0000 14.0000 2.0000 10.0000 0.5450 0.4109 0.4818 0.3066 0.7481 2.4924 1.8913 4.6183 
2.0000 36.0000 6.0000 0.0000 0.0000 -4.2000 2 1.0000 1.0000 0.9720 10.0000 -2.0000 -10.0000 2.0000 -6.0000 6.0000 0.3834 0.4785 0.5715 0.4765 0.5926 2.5024 1.8965 4.6617 
2.0000 51.0000 6.0000 2.0000 0.0000 -2.8000 8 -1.0000 0.0000 0.4660 12.0000 0.0000 -4.0000 4.0000 -8.0000 8.0000 0.3835 0.7891 0.4845 0.5432 0.3073 2.5076 1.7714 4.5334 
2.0000 55.0000 6.0000 2.0000 0.0000 2.8000 8 -1.0000 1.0000 1.1960 8.0000 -4.0000 -8.0000 12.0000 0.0000 4.0000 0.5566 0.4030 0.4497 0.3517 0.7376 2.4985 1.8172 4.5743 
2.0000 41.0000 6.0000 0.0000 0.0000 2.8000 2 1.0000 0.0000 1.5400 -10.0000 -2.0000 6.0000 -6.0000 10.0000 2.0000 0.7050 0.4314 0.5662 0.4809 0.3094 2.4929 1.9648 4.7022 
2.0000 46.0000 6.0000 2.0000 1.0000 0.0000 8 -1.0000 0.0000 0.6250 -8.0000 0.0000 12.0000 -4.0000 8.0000 4.0000 0.5000 0.5000 0.5000 0.5000 0.5000 2.5000 1.8426 4.5926 
2.0000 28.0000 6.0000 -2.0000 0.0000 4.2000 2 1.0000 0.0000 0.6980 -12.0000 -4.0000 4.0000 -8.0000 8.0000 0.0000 0.4984 0.6153 0.3761 0.5693 0.4472 2.5063 1.8859 4.6323 
2.0000 32.0000 6.0000 0.0000 1.0000 0.0000 8 -1.0000 0.0000 0.7390 -6.0000 6.0000 10.0000 -10.0000 2.0000 -2.0000 0.5000 0.5000 0.5000 0.5000 0.5000 2.5000 1.8359 4.5758 
2.0000 7.0000 6.0000 -4.0000 1.0000 4.2000 8 -1.0000 1.0000 0.5530 -10.0000 2.0000 6.0000 -14.0000 -2.0000 -6.0000 0.5000 0.5000 0.5000 0.5000 0.5000 2.5000 1.8516 4.5926 
2.0000 35.0000 6.0000 0.0000 1.0000 4.2000 8 -1.0000 1.0000 0.3570 -2.0000 6.0000 10.0000 -10.0000 2.0000 -6.0000 0.5000 0.5000 0.5000 0.5000 0.5000 2.5000 1.9351 4.6759 
2.0000 34.0000 6.0000 0.0000 1.0000 2.8000 8 -1.0000 1.0000 0.3720 6.0000 -6.0000 -10.0000 10.0000 -2.0000 2.0000 0.5000 0.5000 0.5000 0.5000 0.5000 2.5000 1.9788 4.7428 
2.0000 25.0000 6.0000 -2.0000 0.0000 0.0000 2 1.0000 0.0000 0.6950 0.0000 -8.0000 -12.0000 8.0000 -4.0000 4.0000 0.7602 0.3315 0.4410 0.5579 0.4030 2.4937 1.8338 4.5862 
2.0000 50.0000 6.0000 2.0000 0.0000 -4.2000 2 1.0000 1.0000 0.6940 -8.0000 0.0000 8.0000 -4.0000 12.0000 4.0000 0.4652 0.6034 0.4426 0.6261 0.3693 2.5066 1.9074 4.6657 
2.0000 67.0000 6.0000 4.0000 0.0000 0.0000 8 -1.0000 0.0000 0.4870 14.0000 2.0000 -2.0000 6.0000 -6.0000 10.0000 0.5089 0.3390 0.4014 0.6049 0.6544 2.5085 1.9613 4.7178 
2.0000 29.0000 6.0000 0.0000 1.0000 -4.2000 2 1.0000 1.0000 1.0230 10.0000 2.0000 -10.0000 6.0000 -6.0000 -2.0000 0.5000 0.5000 0.5000 0.5000 0.5000 2.5000 1.8359 4.5926 
2.0000 31.0000 6.0000 0.0000 1.0000 -1.4000 8 -1.0000 0.0000 1.1940 10.0000 2.0000 -10.0000 6.0000 -6.0000 -2.0000 0.5000 0.5000 0.5000 0.5000 0.5000 2.5000 1.8389 4.5924 
2.0000 47.0000 6.0000 2.0000 1.0000 1.4000 8 -1.0000 1.0000 0.4040 -4.0000 8.0000 12.0000 -8.0000 4.0000 0.0000 0.5000 0.5000 0.5000 0.5000 0.5000 2.5000 1.9072 4.6593 
2.0000 49.0000 6.0000 2.0000 1.0000 4.2000 8 -1.0000 1.0000 0.6650 8.0000 0.0000 -8.0000 4.0000 -4.0000 12.0000 0.5000 0.5000 0.5000 0.5000 0.5000 2.5000 1.8172 4.5592 
2.0000 4.0000 6.0000 -4.0000 1.0000 0.0000 2 1.0000 0.0000 0.7000 -10.0000 -2.0000 6.0000 -6.0000 2.0000 -14.0000 0.5000 0.5000 0.5000 0.5000 0.5000 2.5000 1.9763 4.7259 
2.0000 15.0000 6.0000 -2.0000 1.0000 -4.2000 2 1.0000 1.0000 1.5350 -12.0000 -4.0000 8.0000 -8.0000 4.0000 0.0000 0.5000 0.5000 0.5000 0.5000 0.5000 2.5000 1.7582 4.5091 
2.0000 10.0000 6.0000 -4.0000 0.0000 -1.4000 2 1.0000 1.0000 1.4010 6.0000 -6.0000 -14.0000 -2.0000 -10.0000 2.0000 0.6576 0.3507 0.6508 0.4460 0.4017 2.5068 1.9330 4.6995 
2.0000 33.0000 6.0000 0.0000 1.0000 1.4000 8 -1.0000 1.0000 1.2790 6.0000 -2.0000 -6.0000 2.0000 -10.0000 10.0000 0.5000 0.5000 0.5000 0.5000 0.5000 2.5000 1.9313 4.6925 
2.0000 44.0000 6.0000 2.0000 1.0000 -2.8000 8 -1.0000 0.0000 0.8620 -4.0000 4.0000 8.0000 0.0000 12.0000 -8.0000 0.5000 0.5000 0.5000 0.5000 0.5000 2.5000 1.8938 4.6425 
2.0000 60.0000 6.0000 4.0000 1.0000 0.0000 8 -1.0000 0.0000 0.7690 14.0000 2.0000 -6.0000 6.0000 -2.0000 10.0000 0.5000 0.5000 0.5000 0.5000 0.5000 2.5000 1.9759 4.7259 
2.0000 14.0000 6.0000 -4.0000 0.0000 4.2000 8 -1.0000 1.0000 0.8490 -14.0000 -6.0000 2.0000 -10.0000 6.0000 -2.0000 0.4286 0.5261 0.4801 0.5946 0.4712 2.5006 1.7962 4.5431 
2.0000 26.0000 6.0000 -2.0000 0.0000 1.4000 2 1.0000 0.0000 1.1560 -12.0000 -4.0000 4.0000 -8.0000 8.0000 0.0000 0.6507 0.4369 0.4969 0.4333 0.4787 2.4966 1.7982 4.5393 
2.0000 23.0000 6.0000 -2.0000 0.0000 -2.8000 2 1.0000 1.0000 1.3990 8.0000 0.0000 -8.0000 4.0000 -12.0000 -4.0000 0.4003 0.7598 0.5456 0.3145 0.4701 2.4902 1.9358 4.6661 
2.0000 3.0000 6.0000 -4.0000 1.0000 -1.4000 2 1.0000 1.0000 0.7350 -10.0000 -2.0000 6.0000 -6.0000 2.0000 -14.0000 0.5000 0.5000 0.5000 0.5000 0.5000 2.5000 1.8017 4.5426 
2.0000 11.0000 6.0000 -4.0000 0.0000 0.0000 2 1.0000 0.0000 1.1230 6.0000 -6.0000 -14.0000 -2.0000 -10.0000 2.0000 0.3691 0.4775 0.5408 0.3131 0.7990 2.4995 1.8269 4.5753 
2.0000 64.0000 6.0000 4.0000 0.0000 -4.2000 8 -1.0000 0.0000 1.0570 10.0000 -2.0000 -6.0000 14.0000 2.0000 6.0000 0.3055 0.4196 0.6752 0.3608 0.7304 2.4914 1.7846 4.5339 
2.0000 66.0000 6.0000 4.0000 0.0000 -1.4000 8 -1.0000 0.0000 0.4610 10.0000 2.0000 -2.0000 6.0000 -6.0000 14.0000 0.7448 0.3640 0.3329 0.5712 0.4944 2.5072 1.8793 4.6498 
2.0000 6.0000 6.0000 -4.0000 1.0000 2.8000 2 1.0000 0.0000 1.5450 -14.0000 -2.0000 6.0000 -6.0000 2.0000 -10.0000 0.5000 0.5000 0.5000 0.5000 0.5000 2.5000 1.9860 4.7426 
