subNo index block mean periodicity testLevel pressedKey answer isCorrect rt s1 s2 s3 s4 s5 s6 t1 t2 t3 t4 t5 seqDuration startInterval trialDuration 
7.0000 42.0000 1.0000 0.0000 0.0000 9.9000 2 -1.0000 1.0000 1.7340 -10.0000 -2.0000 10.0000 -6.0000 6.0000 2.0000 0.4923 0.7100 0.3501 0.5601 0.3827 2.4951 1.7979 4.5543 
7.0000 20.0000 1.0000 -2.0000 1.0000 6.6000 2 -1.0000 1.0000 2.1860 -8.0000 0.0000 4.0000 -4.0000 8.0000 -12.0000 0.5000 0.5000 0.5000 0.5000 0.5000 2.5000 1.9438 4.6926 
7.0000 27.0000 1.0000 -2.0000 0.0000 6.6000 2 -1.0000 1.0000 1.3940 8.0000 -4.0000 -12.0000 0.0000 -8.0000 4.0000 0.4124 0.7097 0.4586 0.3386 0.5745 2.4939 1.9167 4.6531 
7.0000 15.0000 1.0000 -2.0000 1.0000 -9.9000 8 1.0000 1.0000 1.2300 4.0000 -8.0000 -12.0000 8.0000 -4.0000 0.0000 0.5000 0.5000 0.5000 0.5000 0.5000 2.5000 1.8233 4.5759 
7.0000 57.0000 1.0000 4.0000 1.0000 -9.9000 8 1.0000 1.0000 1.3190 -6.0000 2.0000 10.0000 -2.0000 14.0000 6.0000 0.5000 0.5000 0.5000 0.5000 0.5000 2.5000 1.8904 4.6427 
7.0000 5.0000 1.0000 -4.0000 1.0000 3.3000 2 -1.0000 1.0000 1.4880 -14.0000 -6.0000 6.0000 -10.0000 2.0000 -2.0000 0.5000 0.5000 0.5000 0.5000 0.5000 2.5000 1.7831 4.5260 
7.0000 36.0000 1.0000 0.0000 0.0000 -9.9000 8 1.0000 1.0000 1.5130 -10.0000 2.0000 6.0000 -2.0000 10.0000 -6.0000 0.3271 0.5168 0.7695 0.3524 0.5433 2.5091 1.7805 4.5517 
7.0000 23.0000 1.0000 -2.0000 0.0000 -6.6000 8 1.0000 1.0000 1.9550 4.0000 -4.0000 -12.0000 0.0000 -8.0000 8.0000 0.3563 0.7319 0.3271 0.5712 0.5176 2.5040 1.7831 4.5466 
7.0000 53.0000 1.0000 2.0000 0.0000 0.0000 8 1.0000 0.0000 1.4400 12.0000 0.0000 -4.0000 4.0000 -8.0000 8.0000 0.5397 0.3253 0.5215 0.6882 0.4201 2.4947 1.8197 4.5706 
7.0000 41.0000 1.0000 0.0000 0.0000 6.6000 2 -1.0000 1.0000 2.3290 6.0000 -2.0000 -10.0000 2.0000 -6.0000 10.0000 0.5327 0.3723 0.4904 0.3916 0.7035 2.4904 1.8425 4.5830 
7.0000 51.0000 1.0000 2.0000 0.0000 -6.6000 8 1.0000 1.0000 1.2090 -8.0000 4.0000 12.0000 0.0000 8.0000 -4.0000 0.7350 0.3239 0.6790 0.4079 0.3478 2.4936 1.7593 4.5027 
7.0000 59.0000 1.0000 4.0000 1.0000 -3.3000 8 1.0000 1.0000 1.2390 2.0000 10.0000 14.0000 -6.0000 6.0000 -2.0000 0.5000 0.5000 0.5000 0.5000 0.5000 2.5000 1.9704 4.7259 
7.0000 22.0000 1.0000 -2.0000 0.0000 -9.9000 8 1.0000 1.0000 1.0350 -4.0000 4.0000 8.0000 -12.0000 0.0000 -8.0000 0.6257 0.3510 0.4753 0.3391 0.7050 2.4961 1.8067 4.5552 
7.0000 39.0000 1.0000 0.0000 0.0000 0.0000 8 1.0000 0.0000 1.3710 -6.0000 2.0000 6.0000 -2.0000 10.0000 -10.0000 0.3247 0.3782 0.7831 0.4287 0.5860 2.5006 1.8950 4.6431 
7.0000 69.0000 1.0000 4.0000 0.0000 6.6000 2 -1.0000 1.0000 1.8110 10.0000 2.0000 -6.0000 6.0000 -2.0000 14.0000 0.3004 0.6339 0.7790 0.3632 0.4213 2.4978 1.7914 4.5404 
7.0000 60.0000 1.0000 4.0000 1.0000 0.0000 2 -1.0000 0.0000 2.3020 14.0000 2.0000 -6.0000 6.0000 -2.0000 10.0000 0.5000 0.5000 0.5000 0.5000 0.5000 2.5000 1.8203 4.5759 
7.0000 43.0000 1.0000 2.0000 1.0000 -9.9000 8 1.0000 1.0000 1.1500 8.0000 -4.0000 -8.0000 12.0000 0.0000 4.0000 0.5000 0.5000 0.5000 0.5000 0.5000 2.5000 1.8456 4.6091 
7.0000 31.0000 1.0000 0.0000 1.0000 -3.3000 8 1.0000 1.0000 1.2610 6.0000 -2.0000 -6.0000 2.0000 -10.0000 10.0000 0.5000 0.5000 0.5000 0.5000 0.5000 2.5000 1.7743 4.5258 
7.0000 6.0000 1.0000 -4.0000 1.0000 6.6000 2 -1.0000 1.0000 1.9820 -14.0000 -6.0000 2.0000 -10.0000 6.0000 -2.0000 0.5000 0.5000 0.5000 0.5000 0.5000 2.5000 1.8640 4.6092 
7.0000 3.0000 1.0000 -4.0000 1.0000 -3.3000 8 1.0000 1.0000 1.3110 -14.0000 -2.0000 2.0000 -6.0000 6.0000 -10.0000 0.5000 0.5000 0.5000 0.5000 0.5000 2.5000 1.8878 4.6426 
7.0000 28.0000 1.0000 -2.0000 0.0000 9.9000 2 -1.0000 1.0000 1.3690 8.0000 -4.0000 -12.0000 0.0000 -8.0000 4.0000 0.3512 0.5936 0.5156 0.6960 0.3484 2.5050 1.7750 4.5307 
7.0000 63.0000 1.0000 4.0000 1.0000 9.9000 2 -1.0000 1.0000 1.2350 -2.0000 6.0000 10.0000 2.0000 14.0000 -6.0000 0.5000 0.5000 0.5000 0.5000 0.5000 2.5000 1.9191 4.6592 
7.0000 48.0000 1.0000 2.0000 1.0000 6.6000 2 -1.0000 1.0000 1.2990 -8.0000 4.0000 12.0000 0.0000 8.0000 -4.0000 0.5000 0.5000 0.5000 0.5000 0.5000 2.5000 1.9316 4.6758 
7.0000 2.0000 1.0000 -4.0000 1.0000 -6.6000 8 1.0000 1.0000 1.0080 -14.0000 -6.0000 6.0000 -10.0000 2.0000 -2.0000 0.5000 0.5000 0.5000 0.5000 0.5000 2.5000 1.9208 4.6592 
7.0000 52.0000 1.0000 2.0000 0.0000 -3.3000 8 1.0000 1.0000 1.3480 12.0000 0.0000 -8.0000 4.0000 -4.0000 8.0000 0.3043 0.5804 0.6253 0.3289 0.6599 2.4987 1.8056 4.5579 
7.0000 47.0000 1.0000 2.0000 1.0000 3.3000 2 -1.0000 1.0000 1.5500 0.0000 8.0000 12.0000 -8.0000 4.0000 -4.0000 0.5000 0.5000 0.5000 0.5000 0.5000 2.5000 1.9360 4.6926 
7.0000 40.0000 1.0000 0.0000 0.0000 3.3000 2 -1.0000 1.0000 1.7190 -2.0000 6.0000 10.0000 -10.0000 2.0000 -6.0000 0.5074 0.5512 0.6091 0.4812 0.3490 2.4979 1.9300 4.6738 
7.0000 7.0000 1.0000 -4.0000 1.0000 9.9000 2 -1.0000 1.0000 0.9850 -14.0000 -6.0000 6.0000 -10.0000 2.0000 -2.0000 0.5000 0.5000 0.5000 0.5000 0.5000 2.5000 1.7638 4.5092 
7.0000 29.0000 1.0000 0.0000 1.0000 -9.9000 8 1.0000 1.0000 1.3760 10.0000 2.0000 -6.0000 6.0000 -10.0000 -2.0000 0.5000 0.5000 0.5000 0.5000 0.5000 2.5000 1.8205 4.5758 
7.0000 33.0000 1.0000 0.0000 1.0000 3.3000 2 -1.0000 1.0000 1.2660 -10.0000 -2.0000 10.0000 -6.0000 6.0000 2.0000 0.5000 0.5000 0.5000 0.5000 0.5000 2.5000 1.8813 4.6260 
7.0000 55.0000 1.0000 2.0000 0.0000 6.6000 2 -1.0000 1.0000 1.1420 12.0000 0.0000 -8.0000 4.0000 -4.0000 8.0000 0.3362 0.3743 0.6982 0.4575 0.6428 2.5090 1.7879 4.5347 
7.0000 32.0000 1.0000 0.0000 1.0000 0.0000 8 1.0000 0.0000 1.4610 10.0000 2.0000 -6.0000 6.0000 -10.0000 -2.0000 0.5000 0.5000 0.5000 0.5000 0.5000 2.5000 1.9913 4.7426 
7.0000 18.0000 1.0000 -2.0000 1.0000 0.0000 8 1.0000 0.0000 1.0090 -8.0000 4.0000 8.0000 -12.0000 0.0000 -4.0000 0.5000 0.5000 0.5000 0.5000 0.5000 2.5000 1.7648 4.5258 
7.0000 14.0000 1.0000 -4.0000 0.0000 9.9000 2 -1.0000 1.0000 1.0370 6.0000 -6.0000 -14.0000 -2.0000 -10.0000 2.0000 0.6225 0.3250 0.6999 0.5177 0.3376 2.5028 1.7900 4.5453 
7.0000 54.0000 1.0000 2.0000 0.0000 3.3000 2 -1.0000 1.0000 1.8410 -8.0000 0.0000 8.0000 -4.0000 12.0000 4.0000 0.4970 0.3782 0.6640 0.3141 0.6403 2.4936 1.8443 4.5862 
7.0000 12.0000 1.0000 -4.0000 0.0000 3.3000 2 -1.0000 1.0000 1.1580 -2.0000 -10.0000 -14.0000 6.0000 -6.0000 2.0000 0.6510 0.3090 0.6438 0.3731 0.5131 2.4900 1.9004 4.6492 
7.0000 25.0000 1.0000 -2.0000 0.0000 0.0000 8 1.0000 0.0000 1.0290 -8.0000 4.0000 8.0000 -12.0000 0.0000 -4.0000 0.5510 0.3563 0.4609 0.7289 0.3958 2.4928 1.8622 4.6020 
7.0000 70.0000 1.0000 4.0000 0.0000 9.9000 2 -1.0000 1.0000 1.1580 -6.0000 6.0000 14.0000 2.0000 10.0000 -2.0000 0.6837 0.3419 0.4678 0.6044 0.4045 2.5022 1.8310 4.5782 
7.0000 35.0000 1.0000 0.0000 1.0000 9.9000 2 -1.0000 1.0000 1.8230 -10.0000 -2.0000 10.0000 -6.0000 6.0000 2.0000 0.5000 0.5000 0.5000 0.5000 0.5000 2.5000 1.9523 4.6927 
7.0000 10.0000 1.0000 -4.0000 0.0000 -3.3000 8 1.0000 1.0000 2.5390 2.0000 -6.0000 -14.0000 -2.0000 -10.0000 6.0000 0.3090 0.5225 0.7158 0.4970 0.4646 2.5090 1.8583 4.6182 
7.0000 24.0000 1.0000 -2.0000 0.0000 -3.3000 8 1.0000 1.0000 0.9860 4.0000 -4.0000 -8.0000 0.0000 -12.0000 8.0000 0.5307 0.5687 0.5307 0.5563 0.3064 2.4927 1.7903 4.5186 
7.0000 50.0000 1.0000 2.0000 0.0000 -9.9000 8 1.0000 1.0000 0.8200 4.0000 -4.0000 -8.0000 12.0000 0.0000 8.0000 0.3082 0.3776 0.7231 0.4838 0.6044 2.4970 1.8759 4.6229 
7.0000 64.0000 1.0000 4.0000 0.0000 -9.9000 8 1.0000 1.0000 1.0560 -2.0000 6.0000 10.0000 2.0000 14.0000 -6.0000 0.4401 0.6599 0.5918 0.3837 0.4167 2.4922 1.8216 4.5683 
7.0000 1.0000 1.0000 -4.0000 1.0000 -9.9000 8 1.0000 1.0000 0.7070 -14.0000 -2.0000 2.0000 -6.0000 6.0000 -10.0000 0.5000 0.5000 0.5000 0.5000 0.5000 2.5000 1.7728 4.5260 
7.0000 61.0000 1.0000 4.0000 1.0000 3.3000 2 -1.0000 1.0000 1.5230 10.0000 -2.0000 -6.0000 14.0000 2.0000 6.0000 0.5000 0.5000 0.5000 0.5000 0.5000 2.5000 1.8270 4.5758 
7.0000 67.0000 1.0000 4.0000 0.0000 0.0000 8 1.0000 0.0000 1.0110 -2.0000 6.0000 10.0000 2.0000 14.0000 -6.0000 0.4913 0.4649 0.6226 0.5125 0.4059 2.4972 1.8481 4.5897 
7.0000 11.0000 1.0000 -4.0000 0.0000 0.0000 8 1.0000 0.0000 0.9360 -14.0000 -2.0000 2.0000 -6.0000 6.0000 -10.0000 0.5655 0.3400 0.5552 0.6754 0.3608 2.4969 1.9572 4.7062 
7.0000 13.0000 1.0000 -4.0000 0.0000 6.6000 8 1.0000 0.0000 1.7720 6.0000 -2.0000 -14.0000 2.0000 -10.0000 -6.0000 0.4770 0.4001 0.5024 0.4521 0.6698 2.5014 1.9071 4.6607 
7.0000 4.0000 1.0000 -4.0000 1.0000 0.0000 8 1.0000 0.0000 1.0770 -14.0000 -2.0000 2.0000 -6.0000 6.0000 -10.0000 0.5000 0.5000 0.5000 0.5000 0.5000 2.5000 1.9308 4.6759 
7.0000 65.0000 1.0000 4.0000 0.0000 -6.6000 8 1.0000 1.0000 1.9490 -6.0000 2.0000 14.0000 -2.0000 10.0000 6.0000 0.4488 0.6064 0.6659 0.4283 0.3572 2.5065 1.8763 4.6325 
7.0000 16.0000 1.0000 -2.0000 1.0000 -6.6000 8 1.0000 1.0000 1.2750 -8.0000 0.0000 4.0000 -4.0000 8.0000 -12.0000 0.5000 0.5000 0.5000 0.5000 0.5000 2.5000 1.8015 4.5591 
7.0000 66.0000 1.0000 4.0000 0.0000 -3.3000 8 1.0000 1.0000 2.5610 14.0000 6.0000 -2.0000 10.0000 -6.0000 2.0000 0.3970 0.3266 0.7195 0.6264 0.4387 2.5080 1.8798 4.6507 
7.0000 62.0000 1.0000 4.0000 1.0000 6.6000 2 -1.0000 1.0000 1.3620 2.0000 10.0000 14.0000 -6.0000 6.0000 -2.0000 0.5000 0.5000 0.5000 0.5000 0.5000 2.5000 1.9225 4.6759 
7.0000 58.0000 1.0000 4.0000 1.0000 -6.6000 8 1.0000 1.0000 0.8440 6.0000 -2.0000 -6.0000 14.0000 2.0000 10.0000 0.5000 0.5000 0.5000 0.5000 0.5000 2.5000 1.8971 4.6425 
7.0000 56.0000 1.0000 2.0000 0.0000 9.9000 2 -1.0000 1.0000 1.3390 8.0000 0.0000 -4.0000 4.0000 -8.0000 12.0000 0.5386 0.3831 0.6075 0.3092 0.6692 2.5076 1.9311 4.6835 
7.0000 44.0000 1.0000 2.0000 1.0000 -6.6000 8 1.0000 1.0000 2.8840 -8.0000 0.0000 12.0000 -4.0000 8.0000 4.0000 0.5000 0.5000 0.5000 0.5000 0.5000 2.5000 1.7708 4.5258 
7.0000 34.0000 1.0000 0.0000 1.0000 6.6000 2 -1.0000 1.0000 1.4370 10.0000 2.0000 -6.0000 6.0000 -10.0000 -2.0000 0.5000 0.5000 0.5000 0.5000 0.5000 2.5000 1.9987 4.7428 
7.0000 26.0000 1.0000 -2.0000 0.0000 3.3000 8 1.0000 0.0000 2.3020 -8.0000 0.0000 8.0000 -4.0000 4.0000 -12.0000 0.3310 0.4591 0.6225 0.5872 0.5059 2.5057 1.9003 4.6483 
7.0000 49.0000 1.0000 2.0000 1.0000 9.9000 2 -1.0000 1.0000 3.1270 -4.0000 4.0000 12.0000 0.0000 8.0000 -8.0000 0.5000 0.5000 0.5000 0.5000 0.5000 2.5000 1.9734 4.7258 
7.0000 21.0000 1.0000 -2.0000 1.0000 9.9000 2 -1.0000 1.0000 1.5110 8.0000 0.0000 -12.0000 4.0000 -8.0000 -4.0000 0.5000 0.5000 0.5000 0.5000 0.5000 2.5000 1.9296 4.6927 
7.0000 8.0000 1.0000 -4.0000 0.0000 -9.9000 8 1.0000 1.0000 0.8780 -6.0000 2.0000 6.0000 -14.0000 -2.0000 -10.0000 0.3918 0.5642 0.5291 0.6941 0.3152 2.4945 1.8542 4.6038 
7.0000 68.0000 1.0000 4.0000 0.0000 3.3000 2 -1.0000 1.0000 1.2280 14.0000 6.0000 -2.0000 10.0000 -6.0000 2.0000 0.3095 0.5939 0.5433 0.4380 0.6223 2.5070 1.8577 4.6162 
7.0000 19.0000 1.0000 -2.0000 1.0000 3.3000 8 1.0000 0.0000 0.9500 4.0000 -8.0000 -12.0000 8.0000 -4.0000 0.0000 0.5000 0.5000 0.5000 0.5000 0.5000 2.5000 1.8636 4.6092 
7.0000 9.0000 1.0000 -4.0000 0.0000 -6.6000 8 1.0000 1.0000 0.9620 -10.0000 -2.0000 2.0000 -6.0000 6.0000 -14.0000 0.4894 0.6803 0.4701 0.4004 0.4666 2.5069 1.8813 4.6329 
7.0000 17.0000 1.0000 -2.0000 1.0000 -3.3000 8 1.0000 1.0000 0.8080 -12.0000 0.0000 4.0000 -4.0000 8.0000 -8.0000 0.5000 0.5000 0.5000 0.5000 0.5000 2.5000 1.8422 4.5925 
7.0000 37.0000 1.0000 0.0000 0.0000 -6.6000 8 1.0000 1.0000 1.5520 -10.0000 2.0000 6.0000 -2.0000 10.0000 -6.0000 0.4331 0.7734 0.6133 0.3056 0.3826 2.5080 1.9644 4.7174 
7.0000 46.0000 1.0000 2.0000 1.0000 0.0000 8 1.0000 0.0000 3.7610 12.0000 4.0000 -4.0000 8.0000 -8.0000 0.0000 0.5000 0.5000 0.5000 0.5000 0.5000 2.5000 1.9100 4.6592 
7.0000 38.0000 1.0000 0.0000 0.0000 -3.3000 8 1.0000 1.0000 0.9870 -2.0000 6.0000 10.0000 -10.0000 2.0000 -6.0000 0.5051 0.6583 0.4429 0.3523 0.5498 2.5084 1.8716 4.6343 
7.0000 30.0000 1.0000 0.0000 1.0000 -6.6000 8 1.0000 1.0000 0.9050 -10.0000 -2.0000 10.0000 -6.0000 6.0000 2.0000 0.5000 0.5000 0.5000 0.5000 0.5000 2.5000 1.7691 4.5257 
7.0000 45.0000 1.0000 2.0000 1.0000 -3.3000 8 1.0000 1.0000 1.7010 8.0000 0.0000 -4.0000 4.0000 -8.0000 12.0000 0.5000 0.5000 0.5000 0.5000 0.5000 2.5000 1.9721 4.7260 
7.0000 17.0000 2.0000 -2.0000 1.0000 -3.3000 8 1.0000 1.0000 0.9630 4.0000 -8.0000 -12.0000 8.0000 -4.0000 0.0000 0.5000 0.5000 0.5000 0.5000 0.5000 2.5000 1.9038 4.6594 
7.0000 18.0000 2.0000 -2.0000 1.0000 0.0000 8 1.0000 0.0000 1.0260 4.0000 -8.0000 -12.0000 8.0000 -4.0000 0.0000 0.5000 0.5000 0.5000 0.5000 0.5000 2.5000 1.7797 4.5257 
7.0000 58.0000 2.0000 4.0000 1.0000 -6.6000 8 1.0000 1.0000 1.6010 10.0000 2.0000 -2.0000 6.0000 -6.0000 14.0000 0.5000 0.5000 0.5000 0.5000 0.5000 2.5000 1.7718 4.5092 
7.0000 2.0000 2.0000 -4.0000 1.0000 -6.6000 8 1.0000 1.0000 0.9900 -14.0000 -6.0000 6.0000 -10.0000 2.0000 -2.0000 0.5000 0.5000 0.5000 0.5000 0.5000 2.5000 1.9878 4.7258 
7.0000 67.0000 2.0000 4.0000 0.0000 0.0000 2 -1.0000 0.0000 1.9730 -2.0000 6.0000 14.0000 2.0000 10.0000 -6.0000 0.5109 0.7821 0.3119 0.4002 0.4942 2.4993 1.7601 4.5085 
7.0000 31.0000 2.0000 0.0000 1.0000 -3.3000 8 1.0000 1.0000 0.9340 -6.0000 6.0000 10.0000 -10.0000 2.0000 -2.0000 0.5000 0.5000 0.5000 0.5000 0.5000 2.5000 1.9510 4.7093 
7.0000 35.0000 2.0000 0.0000 1.0000 9.9000 2 -1.0000 1.0000 1.1100 -10.0000 -2.0000 6.0000 -6.0000 10.0000 2.0000 0.5000 0.5000 0.5000 0.5000 0.5000 2.5000 1.9955 4.7427 
7.0000 8.0000 2.0000 -4.0000 0.0000 -9.9000 8 1.0000 1.0000 1.8140 -14.0000 -6.0000 2.0000 -10.0000 6.0000 -2.0000 0.4014 0.6559 0.5221 0.4390 0.4791 2.4975 1.7938 4.5401 
7.0000 14.0000 2.0000 -4.0000 0.0000 9.9000 2 -1.0000 1.0000 2.9170 -6.0000 2.0000 6.0000 -14.0000 -2.0000 -10.0000 0.3062 0.6969 0.5186 0.4208 0.5655 2.5081 1.9672 4.7173 
7.0000 9.0000 2.0000 -4.0000 0.0000 -6.6000 8 1.0000 1.0000 1.0930 6.0000 -2.0000 -10.0000 2.0000 -14.0000 -6.0000 0.7072 0.5364 0.4179 0.5221 0.3249 2.5087 1.8128 4.5680 
7.0000 33.0000 2.0000 0.0000 1.0000 3.3000 2 -1.0000 1.0000 2.0070 -10.0000 2.0000 6.0000 -2.0000 10.0000 -6.0000 0.5000 0.5000 0.5000 0.5000 0.5000 2.5000 1.9275 4.6759 
7.0000 64.0000 2.0000 4.0000 0.0000 -9.9000 8 1.0000 1.0000 0.8860 -6.0000 6.0000 14.0000 2.0000 10.0000 -2.0000 0.5238 0.5817 0.4058 0.6294 0.3511 2.4918 1.9479 4.6844 
7.0000 28.0000 2.0000 -2.0000 0.0000 9.9000 2 -1.0000 1.0000 1.2830 4.0000 -8.0000 -12.0000 8.0000 -4.0000 0.0000 0.4215 0.6097 0.4781 0.6563 0.3268 2.4924 1.9316 4.6850 
7.0000 13.0000 2.0000 -4.0000 0.0000 6.6000 2 -1.0000 1.0000 3.6180 -10.0000 -2.0000 2.0000 -6.0000 6.0000 -14.0000 0.4766 0.3876 0.5748 0.5074 0.5624 2.5089 1.8858 4.6514 
7.0000 63.0000 2.0000 4.0000 1.0000 9.9000 2 -1.0000 1.0000 1.6530 -6.0000 6.0000 10.0000 2.0000 14.0000 -2.0000 0.5000 0.5000 0.5000 0.5000 0.5000 2.5000 1.8013 4.5593 
7.0000 34.0000 2.0000 0.0000 1.0000 6.6000 2 -1.0000 1.0000 1.5590 -10.0000 -2.0000 6.0000 -6.0000 10.0000 2.0000 0.5000 0.5000 0.5000 0.5000 0.5000 2.5000 1.7912 4.5425 
7.0000 66.0000 2.0000 4.0000 0.0000 -3.3000 8 1.0000 1.0000 1.9760 -6.0000 2.0000 14.0000 -2.0000 10.0000 6.0000 0.5916 0.3594 0.5354 0.6301 0.3785 2.4950 1.7933 4.5375 
7.0000 45.0000 2.0000 2.0000 1.0000 -3.3000 8 1.0000 1.0000 0.9570 -8.0000 0.0000 8.0000 -4.0000 12.0000 4.0000 0.5000 0.5000 0.5000 0.5000 0.5000 2.5000 1.9743 4.7258 
7.0000 4.0000 2.0000 -4.0000 1.0000 0.0000 8 1.0000 0.0000 1.7750 6.0000 -6.0000 -10.0000 -2.0000 -14.0000 2.0000 0.5000 0.5000 0.5000 0.5000 0.5000 2.5000 1.9534 4.6927 
7.0000 30.0000 2.0000 0.0000 1.0000 -6.6000 8 1.0000 1.0000 1.0540 -6.0000 6.0000 10.0000 -10.0000 2.0000 -2.0000 0.5000 0.5000 0.5000 0.5000 0.5000 2.5000 1.9913 4.7427 
7.0000 24.0000 2.0000 -2.0000 0.0000 -3.3000 8 1.0000 1.0000 1.5820 -4.0000 4.0000 8.0000 -12.0000 0.0000 -8.0000 0.4119 0.3407 0.7269 0.6449 0.3845 2.5089 1.8910 4.6513 
7.0000 21.0000 2.0000 -2.0000 1.0000 9.9000 2 -1.0000 1.0000 1.4340 -12.0000 0.0000 8.0000 -4.0000 4.0000 -8.0000 0.5000 0.5000 0.5000 0.5000 0.5000 2.5000 1.7866 4.5425 
7.0000 3.0000 2.0000 -4.0000 1.0000 -3.3000 8 1.0000 1.0000 0.9460 -14.0000 -6.0000 6.0000 -10.0000 2.0000 -2.0000 0.5000 0.5000 0.5000 0.5000 0.5000 2.5000 1.9229 4.6758 
7.0000 53.0000 2.0000 2.0000 0.0000 0.0000 8 1.0000 0.0000 3.8270 12.0000 0.0000 -4.0000 4.0000 -8.0000 8.0000 0.3473 0.6765 0.3058 0.4489 0.7186 2.4971 1.9368 4.6896 
7.0000 36.0000 2.0000 0.0000 0.0000 -9.9000 8 1.0000 1.0000 1.4670 10.0000 -2.0000 -6.0000 2.0000 -10.0000 6.0000 0.4412 0.7811 0.3031 0.3645 0.6060 2.4960 1.8916 4.6385 
7.0000 7.0000 2.0000 -4.0000 1.0000 9.9000 2 -1.0000 1.0000 1.0490 -6.0000 2.0000 6.0000 -14.0000 -2.0000 -10.0000 0.5000 0.5000 0.5000 0.5000 0.5000 2.5000 1.9002 4.6426 
7.0000 5.0000 2.0000 -4.0000 1.0000 3.3000 8 1.0000 0.0000 2.2020 2.0000 -6.0000 -10.0000 -2.0000 -14.0000 6.0000 0.5000 0.5000 0.5000 0.5000 0.5000 2.5000 1.8722 4.6259 
7.0000 40.0000 2.0000 0.0000 0.0000 3.3000 2 -1.0000 1.0000 2.9490 -10.0000 2.0000 10.0000 -2.0000 6.0000 -6.0000 0.3431 0.5260 0.4896 0.7527 0.3868 2.4982 1.8540 4.5908 
7.0000 6.0000 2.0000 -4.0000 1.0000 6.6000 2 -1.0000 1.0000 1.6090 -14.0000 -2.0000 2.0000 -6.0000 6.0000 -10.0000 0.5000 0.5000 0.5000 0.5000 0.5000 2.5000 1.8892 4.6426 
7.0000 16.0000 2.0000 -2.0000 1.0000 -6.6000 2 -1.0000 0.0000 2.1250 -12.0000 -4.0000 8.0000 -8.0000 4.0000 0.0000 0.5000 0.5000 0.5000 0.5000 0.5000 2.5000 1.9801 4.7426 
7.0000 12.0000 2.0000 -4.0000 0.0000 3.3000 2 -1.0000 1.0000 1.6270 -10.0000 2.0000 6.0000 -14.0000 -2.0000 -6.0000 0.4790 0.6292 0.4967 0.5559 0.3392 2.5001 1.9953 4.7427 
7.0000 22.0000 2.0000 -2.0000 0.0000 -9.9000 8 1.0000 1.0000 1.5030 -12.0000 -4.0000 4.0000 -8.0000 8.0000 0.0000 0.7243 0.5075 0.3808 0.3510 0.5270 2.4905 1.8308 4.5665 
7.0000 69.0000 2.0000 4.0000 0.0000 6.6000 2 -1.0000 1.0000 1.4080 6.0000 -2.0000 -6.0000 14.0000 2.0000 10.0000 0.5274 0.3986 0.7320 0.3915 0.4562 2.5058 1.8055 4.5649 
7.0000 19.0000 2.0000 -2.0000 1.0000 3.3000 2 -1.0000 1.0000 1.5350 4.0000 -4.0000 -8.0000 0.0000 -12.0000 8.0000 0.5000 0.5000 0.5000 0.5000 0.5000 2.5000 1.7770 4.5258 
7.0000 32.0000 2.0000 0.0000 1.0000 0.0000 8 1.0000 0.0000 1.3790 -6.0000 2.0000 6.0000 -2.0000 10.0000 -10.0000 0.5000 0.5000 0.5000 0.5000 0.5000 2.5000 1.8941 4.6425 
7.0000 56.0000 2.0000 2.0000 0.0000 9.9000 2 -1.0000 1.0000 1.1760 -4.0000 4.0000 12.0000 0.0000 8.0000 -8.0000 0.4783 0.3009 0.5328 0.7563 0.4391 2.5075 1.8266 4.5833 
7.0000 39.0000 2.0000 0.0000 0.0000 0.0000 2 -1.0000 0.0000 2.3610 10.0000 2.0000 -6.0000 6.0000 -10.0000 -2.0000 0.3486 0.5191 0.7868 0.3620 0.4820 2.4986 1.9548 4.6912 
7.0000 48.0000 2.0000 2.0000 1.0000 6.6000 2 -1.0000 1.0000 1.0360 12.0000 4.0000 -8.0000 8.0000 -4.0000 0.0000 0.5000 0.5000 0.5000 0.5000 0.5000 2.5000 1.8635 4.6260 
7.0000 42.0000 2.0000 0.0000 0.0000 9.9000 2 -1.0000 1.0000 1.0900 6.0000 -2.0000 -10.0000 2.0000 -6.0000 10.0000 0.4022 0.5002 0.3106 0.5260 0.7708 2.5098 1.9268 4.6856 
7.0000 44.0000 2.0000 2.0000 1.0000 -6.6000 8 1.0000 1.0000 1.6430 -8.0000 4.0000 8.0000 0.0000 12.0000 -4.0000 0.5000 0.5000 0.5000 0.5000 0.5000 2.5000 1.9519 4.7094 
7.0000 49.0000 2.0000 2.0000 1.0000 9.9000 2 -1.0000 1.0000 1.0900 12.0000 0.0000 -4.0000 4.0000 -8.0000 8.0000 0.5000 0.5000 0.5000 0.5000 0.5000 2.5000 1.9468 4.6926 
7.0000 47.0000 2.0000 2.0000 1.0000 3.3000 2 -1.0000 1.0000 1.1030 12.0000 4.0000 -4.0000 8.0000 -8.0000 0.0000 0.5000 0.5000 0.5000 0.5000 0.5000 2.5000 1.8940 4.6426 
7.0000 38.0000 2.0000 0.0000 0.0000 -3.3000 8 1.0000 1.0000 1.2070 -6.0000 6.0000 10.0000 -10.0000 2.0000 -2.0000 0.6396 0.7968 0.3368 0.4037 0.3151 2.4920 1.9087 4.6512 
7.0000 50.0000 2.0000 2.0000 0.0000 -9.9000 8 1.0000 1.0000 1.0180 -8.0000 0.0000 12.0000 -4.0000 8.0000 4.0000 0.5371 0.4498 0.5697 0.4940 0.4469 2.4975 1.8437 4.5901 
7.0000 37.0000 2.0000 0.0000 0.0000 -6.6000 8 1.0000 1.0000 0.9900 -6.0000 6.0000 10.0000 -10.0000 2.0000 -2.0000 0.4529 0.3152 0.3536 0.6409 0.7363 2.4989 1.9993 4.7416 
7.0000 26.0000 2.0000 -2.0000 0.0000 3.3000 2 -1.0000 1.0000 1.2410 -4.0000 4.0000 8.0000 -12.0000 0.0000 -8.0000 0.4379 0.5513 0.6374 0.5582 0.3217 2.5065 1.8569 4.6157 
7.0000 59.0000 2.0000 4.0000 1.0000 -3.3000 2 -1.0000 0.0000 1.9550 -2.0000 6.0000 14.0000 2.0000 10.0000 -6.0000 0.5000 0.5000 0.5000 0.5000 0.5000 2.5000 1.8338 4.5925 
7.0000 57.0000 2.0000 4.0000 1.0000 -9.9000 8 1.0000 1.0000 1.0630 14.0000 2.0000 -2.0000 6.0000 -6.0000 10.0000 0.5000 0.5000 0.5000 0.5000 0.5000 2.5000 1.8445 4.5926 
7.0000 1.0000 2.0000 -4.0000 1.0000 -9.9000 8 1.0000 1.0000 0.8910 -14.0000 -2.0000 6.0000 -6.0000 2.0000 -10.0000 0.5000 0.5000 0.5000 0.5000 0.5000 2.5000 1.9580 4.7092 
7.0000 68.0000 2.0000 4.0000 0.0000 3.3000 2 -1.0000 1.0000 1.0150 14.0000 6.0000 -6.0000 10.0000 -2.0000 2.0000 0.4840 0.5464 0.6428 0.3631 0.4595 2.4957 1.7701 4.5216 
7.0000 29.0000 2.0000 0.0000 1.0000 -9.9000 8 1.0000 1.0000 1.0660 6.0000 -2.0000 -6.0000 2.0000 -10.0000 10.0000 0.5000 0.5000 0.5000 0.5000 0.5000 2.5000 1.8100 4.5591 
7.0000 41.0000 2.0000 0.0000 0.0000 6.6000 2 -1.0000 1.0000 1.6390 6.0000 -2.0000 -10.0000 2.0000 -6.0000 10.0000 0.3556 0.4633 0.6201 0.3754 0.6827 2.4970 1.7816 4.5228 
7.0000 61.0000 2.0000 4.0000 1.0000 3.3000 2 -1.0000 1.0000 2.0680 -6.0000 2.0000 10.0000 -2.0000 14.0000 6.0000 0.5000 0.5000 0.5000 0.5000 0.5000 2.5000 1.9508 4.6927 
7.0000 65.0000 2.0000 4.0000 0.0000 -6.6000 8 1.0000 1.0000 2.3130 -6.0000 2.0000 14.0000 -2.0000 10.0000 6.0000 0.5126 0.4310 0.4782 0.6446 0.4253 2.4917 1.7777 4.5175 
7.0000 15.0000 2.0000 -2.0000 1.0000 -9.9000 8 1.0000 1.0000 1.1040 0.0000 -8.0000 -12.0000 8.0000 -4.0000 4.0000 0.5000 0.5000 0.5000 0.5000 0.5000 2.5000 1.7888 4.5425 
7.0000 46.0000 2.0000 2.0000 1.0000 0.0000 2 -1.0000 0.0000 2.8260 4.0000 -4.0000 -8.0000 12.0000 0.0000 8.0000 0.5000 0.5000 0.5000 0.5000 0.5000 2.5000 1.7803 4.5426 
7.0000 60.0000 2.0000 4.0000 1.0000 0.0000 2 -1.0000 0.0000 1.2260 14.0000 2.0000 -2.0000 6.0000 -6.0000 10.0000 0.5000 0.5000 0.5000 0.5000 0.5000 2.5000 1.8854 4.6426 
7.0000 25.0000 2.0000 -2.0000 0.0000 0.0000 8 1.0000 0.0000 1.2280 4.0000 -4.0000 -12.0000 0.0000 -8.0000 8.0000 0.4601 0.6885 0.4982 0.4458 0.4031 2.4957 1.8295 4.5716 
7.0000 43.0000 2.0000 2.0000 1.0000 -9.9000 8 1.0000 1.0000 1.2460 12.0000 4.0000 -4.0000 8.0000 -8.0000 0.0000 0.5000 0.5000 0.5000 0.5000 0.5000 2.5000 1.8853 4.6425 
7.0000 10.0000 2.0000 -4.0000 0.0000 -3.3000 8 1.0000 1.0000 0.8280 6.0000 -6.0000 -10.0000 -2.0000 -14.0000 2.0000 0.3501 0.7156 0.3442 0.6752 0.4143 2.4994 1.8741 4.6254 
7.0000 20.0000 2.0000 -2.0000 1.0000 6.6000 2 -1.0000 1.0000 1.3110 -8.0000 0.0000 8.0000 -4.0000 4.0000 -12.0000 0.5000 0.5000 0.5000 0.5000 0.5000 2.5000 1.8694 4.6091 
7.0000 51.0000 2.0000 2.0000 0.0000 -6.6000 8 1.0000 1.0000 0.8430 -4.0000 4.0000 12.0000 0.0000 8.0000 -8.0000 0.5158 0.3323 0.5380 0.3766 0.7460 2.5086 1.9427 4.7012 
7.0000 54.0000 2.0000 2.0000 0.0000 3.3000 2 -1.0000 1.0000 1.4320 8.0000 0.0000 -8.0000 4.0000 -4.0000 12.0000 0.3386 0.6340 0.5979 0.4087 0.5243 2.5035 1.9442 4.6960 
7.0000 27.0000 2.0000 -2.0000 0.0000 6.6000 2 -1.0000 1.0000 1.5460 8.0000 0.0000 -8.0000 4.0000 -12.0000 -4.0000 0.5613 0.3891 0.6908 0.5307 0.3270 2.4989 1.8415 4.5915 
7.0000 23.0000 2.0000 -2.0000 0.0000 -6.6000 8 1.0000 1.0000 1.0520 4.0000 -4.0000 -8.0000 0.0000 -12.0000 8.0000 0.3894 0.4343 0.4956 0.5436 0.6397 2.5026 1.9054 4.6618 
7.0000 52.0000 2.0000 2.0000 0.0000 -3.3000 8 1.0000 1.0000 0.8320 8.0000 -4.0000 -8.0000 12.0000 0.0000 4.0000 0.3534 0.5006 0.6422 0.5292 0.4792 2.5047 1.7812 4.5472 
7.0000 11.0000 2.0000 -4.0000 0.0000 0.0000 8 1.0000 0.0000 0.8940 -10.0000 2.0000 6.0000 -14.0000 -2.0000 -6.0000 0.5050 0.6853 0.4635 0.3646 0.4809 2.4994 1.9468 4.6920 
7.0000 70.0000 2.0000 4.0000 0.0000 9.9000 2 -1.0000 1.0000 1.3120 10.0000 2.0000 -6.0000 6.0000 -2.0000 14.0000 0.7595 0.5378 0.4412 0.3338 0.4286 2.5009 1.9971 4.7435 
7.0000 55.0000 2.0000 2.0000 0.0000 6.6000 2 -1.0000 1.0000 1.7360 -8.0000 0.0000 12.0000 -4.0000 8.0000 4.0000 0.3425 0.4979 0.3757 0.7517 0.5312 2.4990 1.8193 4.5582 
7.0000 62.0000 2.0000 4.0000 1.0000 6.6000 2 -1.0000 1.0000 1.1690 10.0000 2.0000 -6.0000 6.0000 -2.0000 14.0000 0.5000 0.5000 0.5000 0.5000 0.5000 2.5000 1.7796 4.5258 
7.0000 52.0000 3.0000 2.0000 0.0000 -3.3000 8 1.0000 1.0000 2.3830 4.0000 -4.0000 -8.0000 12.0000 0.0000 8.0000 0.7214 0.3248 0.5163 0.3278 0.6064 2.4967 1.8631 4.6058 
7.0000 40.0000 3.0000 0.0000 0.0000 3.3000 2 -1.0000 1.0000 1.0340 -10.0000 -2.0000 10.0000 -6.0000 6.0000 2.0000 0.7433 0.3618 0.5740 0.3718 0.4546 2.5054 1.8718 4.6146 
7.0000 55.0000 3.0000 2.0000 0.0000 6.6000 2 -1.0000 1.0000 0.9200 -8.0000 4.0000 12.0000 0.0000 8.0000 -4.0000 0.3722 0.6849 0.4173 0.4594 0.5613 2.4952 1.9417 4.6710 
7.0000 41.0000 3.0000 0.0000 0.0000 6.6000 2 -1.0000 1.0000 1.4200 -10.0000 -2.0000 6.0000 -6.0000 10.0000 2.0000 0.6119 0.3136 0.6716 0.3403 0.5643 2.5018 1.8891 4.6444 
7.0000 20.0000 3.0000 -2.0000 1.0000 6.6000 2 -1.0000 1.0000 0.8570 4.0000 -4.0000 -12.0000 0.0000 -8.0000 8.0000 0.5000 0.5000 0.5000 0.5000 0.5000 2.5000 1.8055 4.5593 
7.0000 37.0000 3.0000 0.0000 0.0000 -6.6000 8 1.0000 1.0000 2.4840 6.0000 -2.0000 -6.0000 2.0000 -10.0000 10.0000 0.5538 0.6551 0.5142 0.3084 0.4586 2.4900 1.7934 4.5325 
7.0000 61.0000 3.0000 4.0000 1.0000 3.3000 2 -1.0000 1.0000 1.4800 -2.0000 6.0000 14.0000 2.0000 10.0000 -6.0000 0.5000 0.5000 0.5000 0.5000 0.5000 2.5000 1.9462 4.6924 
7.0000 49.0000 3.0000 2.0000 1.0000 9.9000 2 -1.0000 1.0000 1.0330 12.0000 4.0000 -4.0000 8.0000 -8.0000 0.0000 0.5000 0.5000 0.5000 0.5000 0.5000 2.5000 1.9965 4.7425 
7.0000 5.0000 3.0000 -4.0000 1.0000 3.3000 2 -1.0000 1.0000 2.6350 2.0000 -6.0000 -14.0000 -2.0000 -10.0000 6.0000 0.5000 0.5000 0.5000 0.5000 0.5000 2.5000 1.8854 4.6260 
7.0000 6.0000 3.0000 -4.0000 1.0000 6.6000 2 -1.0000 1.0000 1.0220 2.0000 -10.0000 -14.0000 6.0000 -6.0000 -2.0000 0.5000 0.5000 0.5000 0.5000 0.5000 2.5000 1.9801 4.7259 
7.0000 26.0000 3.0000 -2.0000 0.0000 3.3000 2 -1.0000 1.0000 0.9820 -4.0000 4.0000 8.0000 -12.0000 0.0000 -8.0000 0.4662 0.6789 0.4002 0.4501 0.5047 2.5001 1.9271 4.6761 
7.0000 67.0000 3.0000 4.0000 0.0000 0.0000 2 -1.0000 0.0000 0.9550 -6.0000 6.0000 14.0000 2.0000 10.0000 -2.0000 0.7692 0.5568 0.3253 0.4796 0.3662 2.4971 1.7908 4.5396 
7.0000 48.0000 3.0000 2.0000 1.0000 6.6000 2 -1.0000 1.0000 0.8770 8.0000 0.0000 -4.0000 4.0000 -8.0000 12.0000 0.5000 0.5000 0.5000 0.5000 0.5000 2.5000 1.9737 4.7261 
7.0000 60.0000 3.0000 4.0000 1.0000 0.0000 2 -1.0000 0.0000 1.1350 14.0000 6.0000 -2.0000 10.0000 -6.0000 2.0000 0.5000 0.5000 0.5000 0.5000 0.5000 2.5000 1.7557 4.5091 
7.0000 63.0000 3.0000 4.0000 1.0000 9.9000 2 -1.0000 1.0000 0.8320 6.0000 -2.0000 -6.0000 14.0000 2.0000 10.0000 0.5000 0.5000 0.5000 0.5000 0.5000 2.5000 1.9848 4.7426 
7.0000 9.0000 3.0000 -4.0000 0.0000 -6.6000 8 1.0000 1.0000 1.3230 2.0000 -6.0000 -14.0000 -2.0000 -10.0000 6.0000 0.4040 0.5300 0.3696 0.7626 0.4329 2.4992 1.8429 4.5916 
7.0000 36.0000 3.0000 0.0000 0.0000 -9.9000 8 1.0000 1.0000 1.0900 6.0000 -2.0000 -10.0000 2.0000 -6.0000 10.0000 0.7147 0.4340 0.3010 0.3660 0.6802 2.4960 1.8592 4.6052 
7.0000 3.0000 3.0000 -4.0000 1.0000 -3.3000 8 1.0000 1.0000 1.7780 -14.0000 -2.0000 6.0000 -6.0000 2.0000 -10.0000 0.5000 0.5000 0.5000 0.5000 0.5000 2.5000 1.8368 4.5759 
7.0000 7.0000 3.0000 -4.0000 1.0000 9.9000 2 -1.0000 1.0000 0.9210 2.0000 -10.0000 -14.0000 6.0000 -6.0000 -2.0000 0.5000 0.5000 0.5000 0.5000 0.5000 2.5000 1.7579 4.5093 
7.0000 58.0000 3.0000 4.0000 1.0000 -6.6000 8 1.0000 1.0000 1.2920 -6.0000 2.0000 10.0000 -2.0000 14.0000 6.0000 0.5000 0.5000 0.5000 0.5000 0.5000 2.5000 1.9771 4.7260 
7.0000 51.0000 3.0000 2.0000 0.0000 -6.6000 8 1.0000 1.0000 1.1030 12.0000 4.0000 -4.0000 8.0000 -8.0000 0.0000 0.4314 0.5663 0.4028 0.7518 0.3530 2.5054 1.9100 4.6813 
7.0000 44.0000 3.0000 2.0000 1.0000 -6.6000 8 1.0000 1.0000 1.1360 8.0000 -4.0000 -8.0000 12.0000 0.0000 4.0000 0.5000 0.5000 0.5000 0.5000 0.5000 2.5000 1.7957 4.5593 
7.0000 54.0000 3.0000 2.0000 0.0000 3.3000 2 -1.0000 1.0000 1.1160 -4.0000 4.0000 12.0000 0.0000 8.0000 -8.0000 0.3023 0.4120 0.6305 0.6852 0.4622 2.4923 1.9088 4.6516 
7.0000 10.0000 3.0000 -4.0000 0.0000 -3.3000 8 1.0000 1.0000 0.9410 2.0000 -10.0000 -14.0000 6.0000 -6.0000 -2.0000 0.3506 0.4553 0.7304 0.5557 0.4169 2.5089 1.7721 4.5347 
7.0000 42.0000 3.0000 0.0000 0.0000 9.9000 2 -1.0000 1.0000 1.7150 10.0000 2.0000 -10.0000 6.0000 -6.0000 -2.0000 0.6908 0.5508 0.4556 0.3783 0.4154 2.4909 1.8339 4.5834 
7.0000 8.0000 3.0000 -4.0000 0.0000 -9.9000 8 1.0000 1.0000 1.0280 -10.0000 -2.0000 2.0000 -6.0000 6.0000 -14.0000 0.3048 0.7518 0.3783 0.6351 0.4378 2.5078 1.8171 4.5669 
7.0000 68.0000 3.0000 4.0000 0.0000 3.3000 2 -1.0000 1.0000 0.9050 -6.0000 2.0000 10.0000 -2.0000 14.0000 6.0000 0.4052 0.6151 0.7069 0.3675 0.4147 2.5093 1.9693 4.7187 
7.0000 45.0000 3.0000 2.0000 1.0000 -3.3000 8 1.0000 1.0000 1.1450 -4.0000 8.0000 12.0000 -8.0000 4.0000 0.0000 0.5000 0.5000 0.5000 0.5000 0.5000 2.5000 1.8495 4.5925 
7.0000 65.0000 3.0000 4.0000 0.0000 -6.6000 8 1.0000 1.0000 1.6740 14.0000 2.0000 -6.0000 6.0000 -2.0000 10.0000 0.3174 0.7261 0.3208 0.6323 0.4945 2.4912 1.8156 4.5504 
7.0000 27.0000 3.0000 -2.0000 0.0000 6.6000 2 -1.0000 1.0000 1.0310 -12.0000 -4.0000 8.0000 -8.0000 4.0000 0.0000 0.3855 0.3494 0.4826 0.6619 0.6171 2.4966 1.8648 4.6224 
7.0000 66.0000 3.0000 4.0000 0.0000 -3.3000 8 1.0000 1.0000 1.8260 -6.0000 6.0000 10.0000 2.0000 14.0000 -2.0000 0.3199 0.4491 0.3967 0.5808 0.7631 2.5096 1.8293 4.6022 
7.0000 33.0000 3.0000 0.0000 1.0000 3.3000 2 -1.0000 1.0000 1.2740 6.0000 -2.0000 -6.0000 2.0000 -10.0000 10.0000 0.5000 0.5000 0.5000 0.5000 0.5000 2.5000 1.9117 4.6593 
7.0000 38.0000 3.0000 0.0000 0.0000 -3.3000 8 1.0000 1.0000 1.2830 10.0000 -2.0000 -10.0000 2.0000 -6.0000 6.0000 0.4330 0.6972 0.4762 0.3416 0.5451 2.4931 1.7992 4.5522 
7.0000 19.0000 3.0000 -2.0000 1.0000 3.3000 2 -1.0000 1.0000 1.6850 -8.0000 0.0000 8.0000 -4.0000 4.0000 -12.0000 0.5000 0.5000 0.5000 0.5000 0.5000 2.5000 1.7553 4.5091 
7.0000 24.0000 3.0000 -2.0000 0.0000 -3.3000 8 1.0000 1.0000 1.1170 8.0000 -4.0000 -12.0000 0.0000 -8.0000 4.0000 0.7513 0.3708 0.3232 0.4539 0.6065 2.5057 1.8485 4.5983 
7.0000 13.0000 3.0000 -4.0000 0.0000 6.6000 2 -1.0000 1.0000 0.9040 -10.0000 2.0000 6.0000 -14.0000 -2.0000 -6.0000 0.7119 0.4973 0.4573 0.4827 0.3604 2.5096 1.9506 4.7021 
7.0000 25.0000 3.0000 -2.0000 0.0000 0.0000 8 1.0000 0.0000 2.1080 -8.0000 0.0000 8.0000 -4.0000 4.0000 -12.0000 0.6039 0.6494 0.3377 0.4764 0.4234 2.4909 1.7895 4.5334 
7.0000 14.0000 3.0000 -4.0000 0.0000 9.9000 2 -1.0000 1.0000 1.2940 -14.0000 -2.0000 6.0000 -6.0000 2.0000 -10.0000 0.3338 0.4819 0.3526 0.5548 0.7749 2.4980 1.7745 4.5071 
7.0000 46.0000 3.0000 2.0000 1.0000 0.0000 8 1.0000 0.0000 2.1280 8.0000 0.0000 -8.0000 4.0000 -4.0000 12.0000 0.5000 0.5000 0.5000 0.5000 0.5000 2.5000 1.7633 4.5258 
7.0000 69.0000 3.0000 4.0000 0.0000 6.6000 2 -1.0000 1.0000 1.0070 14.0000 6.0000 -6.0000 10.0000 -2.0000 2.0000 0.7037 0.3391 0.5781 0.4995 0.3893 2.5098 1.7716 4.5355 
7.0000 11.0000 3.0000 -4.0000 0.0000 0.0000 8 1.0000 0.0000 1.1840 6.0000 -6.0000 -14.0000 -2.0000 -10.0000 2.0000 0.3150 0.3969 0.6146 0.7968 0.3674 2.4908 1.8924 4.6334 
7.0000 1.0000 3.0000 -4.0000 1.0000 -9.9000 8 1.0000 1.0000 1.1410 -14.0000 -6.0000 6.0000 -10.0000 2.0000 -2.0000 0.5000 0.5000 0.5000 0.5000 0.5000 2.5000 1.8379 4.5925 
7.0000 43.0000 3.0000 2.0000 1.0000 -9.9000 8 1.0000 1.0000 0.8320 4.0000 -4.0000 -8.0000 12.0000 0.0000 8.0000 0.5000 0.5000 0.5000 0.5000 0.5000 2.5000 1.9230 4.6758 
7.0000 34.0000 3.0000 0.0000 1.0000 6.6000 2 -1.0000 1.0000 0.8940 -10.0000 -2.0000 10.0000 -6.0000 6.0000 2.0000 0.5000 0.5000 0.5000 0.5000 0.5000 2.5000 1.9553 4.7092 
7.0000 39.0000 3.0000 0.0000 0.0000 0.0000 2 -1.0000 0.0000 1.8130 -6.0000 2.0000 6.0000 -2.0000 10.0000 -10.0000 0.7564 0.5507 0.3154 0.5769 0.3049 2.5044 1.8863 4.6302 
7.0000 50.0000 3.0000 2.0000 0.0000 -9.9000 8 1.0000 1.0000 0.7880 -4.0000 4.0000 12.0000 0.0000 8.0000 -8.0000 0.5603 0.4770 0.3198 0.5851 0.5562 2.4985 1.9579 4.7078 
7.0000 47.0000 3.0000 2.0000 1.0000 3.3000 2 -1.0000 1.0000 0.9480 -8.0000 0.0000 12.0000 -4.0000 8.0000 4.0000 0.5000 0.5000 0.5000 0.5000 0.5000 2.5000 1.7541 4.4925 
7.0000 12.0000 3.0000 -4.0000 0.0000 3.3000 8 1.0000 0.0000 3.5610 -10.0000 -2.0000 2.0000 -6.0000 6.0000 -14.0000 0.5695 0.3045 0.4534 0.5644 0.6131 2.5049 1.8077 4.5641 
7.0000 53.0000 3.0000 2.0000 0.0000 0.0000 2 -1.0000 0.0000 3.0900 8.0000 0.0000 -8.0000 4.0000 -4.0000 12.0000 0.5756 0.3934 0.6429 0.5820 0.3087 2.5027 1.9256 4.6786 
7.0000 70.0000 3.0000 4.0000 0.0000 9.9000 2 -1.0000 1.0000 1.6950 14.0000 2.0000 -6.0000 6.0000 -2.0000 10.0000 0.3704 0.4861 0.3979 0.7430 0.4950 2.4923 1.8837 4.6348 
7.0000 29.0000 3.0000 0.0000 1.0000 -9.9000 8 1.0000 1.0000 1.0500 2.0000 -6.0000 -10.0000 10.0000 -2.0000 6.0000 0.5000 0.5000 0.5000 0.5000 0.5000 2.5000 1.7560 4.5092 
7.0000 17.0000 3.0000 -2.0000 1.0000 -3.3000 8 1.0000 1.0000 0.9400 -12.0000 -4.0000 8.0000 -8.0000 4.0000 0.0000 0.5000 0.5000 0.5000 0.5000 0.5000 2.5000 1.8259 4.5759 
7.0000 18.0000 3.0000 -2.0000 1.0000 0.0000 8 1.0000 0.0000 3.5870 -12.0000 -4.0000 4.0000 -8.0000 8.0000 0.0000 0.5000 0.5000 0.5000 0.5000 0.5000 2.5000 1.8256 4.5758 
7.0000 15.0000 3.0000 -2.0000 1.0000 -9.9000 8 1.0000 1.0000 0.6970 8.0000 0.0000 -8.0000 4.0000 -12.0000 -4.0000 0.5000 0.5000 0.5000 0.5000 0.5000 2.5000 1.9695 4.7093 
7.0000 28.0000 3.0000 -2.0000 0.0000 9.9000 2 -1.0000 1.0000 0.9980 4.0000 -4.0000 -12.0000 0.0000 -8.0000 8.0000 0.4808 0.5653 0.6995 0.3050 0.4497 2.5003 1.7663 4.5095 
7.0000 64.0000 3.0000 4.0000 0.0000 -9.9000 8 1.0000 1.0000 0.7470 -6.0000 2.0000 10.0000 -2.0000 14.0000 6.0000 0.3106 0.6844 0.4167 0.3528 0.7353 2.4999 1.7693 4.5258 
7.0000 23.0000 3.0000 -2.0000 0.0000 -6.6000 8 1.0000 1.0000 0.8850 -12.0000 -4.0000 4.0000 -8.0000 8.0000 0.0000 0.5232 0.4923 0.5557 0.6220 0.3122 2.5055 1.7586 4.5146 
7.0000 59.0000 3.0000 4.0000 1.0000 -3.3000 8 1.0000 1.0000 1.5340 -6.0000 2.0000 14.0000 -2.0000 10.0000 6.0000 0.5000 0.5000 0.5000 0.5000 0.5000 2.5000 1.8180 4.5759 
7.0000 35.0000 3.0000 0.0000 1.0000 9.9000 2 -1.0000 1.0000 0.9700 -2.0000 6.0000 10.0000 -10.0000 2.0000 -6.0000 0.5000 0.5000 0.5000 0.5000 0.5000 2.5000 1.8757 4.6259 
7.0000 16.0000 3.0000 -2.0000 1.0000 -6.6000 8 1.0000 1.0000 0.9470 -12.0000 0.0000 4.0000 -4.0000 8.0000 -8.0000 0.5000 0.5000 0.5000 0.5000 0.5000 2.5000 1.9741 4.7260 
7.0000 31.0000 3.0000 0.0000 1.0000 -3.3000 8 1.0000 1.0000 0.8110 10.0000 -2.0000 -10.0000 2.0000 -6.0000 6.0000 0.5000 0.5000 0.5000 0.5000 0.5000 2.5000 1.9780 4.7259 
7.0000 21.0000 3.0000 -2.0000 1.0000 9.9000 2 -1.0000 1.0000 1.8860 4.0000 -4.0000 -12.0000 0.0000 -8.0000 8.0000 0.5000 0.5000 0.5000 0.5000 0.5000 2.5000 1.8801 4.6260 
7.0000 57.0000 3.0000 4.0000 1.0000 -9.9000 8 1.0000 1.0000 0.8770 14.0000 2.0000 -2.0000 6.0000 -6.0000 10.0000 0.5000 0.5000 0.5000 0.5000 0.5000 2.5000 1.8163 4.5593 
7.0000 4.0000 3.0000 -4.0000 1.0000 0.0000 8 1.0000 0.0000 1.5040 2.0000 -6.0000 -14.0000 -2.0000 -10.0000 6.0000 0.5000 0.5000 0.5000 0.5000 0.5000 2.5000 1.8153 4.5591 
7.0000 62.0000 3.0000 4.0000 1.0000 6.6000 2 -1.0000 1.0000 1.2980 -2.0000 6.0000 10.0000 2.0000 14.0000 -6.0000 0.5000 0.5000 0.5000 0.5000 0.5000 2.5000 1.7788 4.5425 
7.0000 22.0000 3.0000 -2.0000 0.0000 -9.9000 8 1.0000 1.0000 1.2770 4.0000 -8.0000 -12.0000 8.0000 -4.0000 0.0000 0.4362 0.5576 0.4939 0.6869 0.3210 2.4956 1.9055 4.6547 
7.0000 2.0000 3.0000 -4.0000 1.0000 -6.6000 8 1.0000 1.0000 0.8430 -14.0000 -6.0000 6.0000 -10.0000 2.0000 -2.0000 0.5000 0.5000 0.5000 0.5000 0.5000 2.5000 1.8810 4.6425 
7.0000 56.0000 3.0000 2.0000 0.0000 9.9000 2 -1.0000 1.0000 1.2270 12.0000 4.0000 -4.0000 8.0000 -8.0000 0.0000 0.4766 0.5528 0.3663 0.3166 0.7888 2.5010 1.9154 4.6602 
7.0000 32.0000 3.0000 0.0000 1.0000 0.0000 8 1.0000 0.0000 1.2120 2.0000 -6.0000 -10.0000 10.0000 -2.0000 6.0000 0.5000 0.5000 0.5000 0.5000 0.5000 2.5000 1.8458 4.5927 
7.0000 30.0000 3.0000 0.0000 1.0000 -6.6000 8 1.0000 1.0000 0.8690 -6.0000 2.0000 10.0000 -2.0000 6.0000 -10.0000 0.5000 0.5000 0.5000 0.5000 0.5000 2.5000 1.9264 4.6758 
7.0000 18.0000 4.0000 -2.0000 1.0000 0.0000 2 -1.0000 0.0000 2.8670 8.0000 0.0000 -8.0000 4.0000 -12.0000 -4.0000 0.5000 0.5000 0.5000 0.5000 0.5000 2.5000 1.9043 4.6425 
7.0000 37.0000 4.0000 0.0000 0.0000 -6.6000 8 1.0000 1.0000 1.1120 -10.0000 -2.0000 10.0000 -6.0000 6.0000 2.0000 0.3117 0.4047 0.7289 0.3527 0.7060 2.5040 1.9070 4.6632 
7.0000 42.0000 4.0000 0.0000 0.0000 9.9000 2 -1.0000 1.0000 3.1050 -2.0000 6.0000 10.0000 -10.0000 2.0000 -6.0000 0.4356 0.3158 0.5739 0.4324 0.7509 2.5086 1.7867 4.5512 
7.0000 11.0000 4.0000 -4.0000 0.0000 0.0000 8 1.0000 0.0000 1.5600 -14.0000 -6.0000 2.0000 -10.0000 6.0000 -2.0000 0.7967 0.3946 0.3194 0.6902 0.3017 2.5026 1.7873 4.5450 
7.0000 33.0000 4.0000 0.0000 1.0000 3.3000 2 -1.0000 1.0000 2.6390 -6.0000 6.0000 10.0000 -10.0000 2.0000 -2.0000 0.5000 0.5000 0.5000 0.5000 0.5000 2.5000 1.7845 4.5426 
7.0000 36.0000 4.0000 0.0000 0.0000 -9.9000 8 1.0000 1.0000 1.1530 10.0000 2.0000 -10.0000 6.0000 -6.0000 -2.0000 0.7076 0.4403 0.3047 0.4915 0.5582 2.5022 1.8703 4.6282 
7.0000 32.0000 4.0000 0.0000 1.0000 0.0000 8 1.0000 0.0000 2.6560 10.0000 2.0000 -6.0000 6.0000 -10.0000 -2.0000 0.5000 0.5000 0.5000 0.5000 0.5000 2.5000 1.9728 4.7260 
7.0000 45.0000 4.0000 2.0000 1.0000 -3.3000 8 1.0000 1.0000 1.4840 -4.0000 4.0000 8.0000 0.0000 12.0000 -8.0000 0.5000 0.5000 0.5000 0.5000 0.5000 2.5000 1.9632 4.7092 
7.0000 34.0000 4.0000 0.0000 1.0000 6.6000 2 -1.0000 1.0000 1.9310 -2.0000 6.0000 10.0000 -10.0000 2.0000 -6.0000 0.5000 0.5000 0.5000 0.5000 0.5000 2.5000 1.8597 4.6092 
7.0000 61.0000 4.0000 4.0000 1.0000 3.3000 2 -1.0000 1.0000 0.9110 10.0000 2.0000 -6.0000 6.0000 -2.0000 14.0000 0.5000 0.5000 0.5000 0.5000 0.5000 2.5000 1.9266 4.6759 
7.0000 48.0000 4.0000 2.0000 1.0000 6.6000 2 -1.0000 1.0000 1.2730 -8.0000 4.0000 8.0000 0.0000 12.0000 -4.0000 0.5000 0.5000 0.5000 0.5000 0.5000 2.5000 1.8901 4.6426 
7.0000 58.0000 4.0000 4.0000 1.0000 -6.6000 8 1.0000 1.0000 1.0140 14.0000 6.0000 -2.0000 10.0000 -6.0000 2.0000 0.5000 0.5000 0.5000 0.5000 0.5000 2.5000 1.9356 4.6924 
7.0000 5.0000 4.0000 -4.0000 1.0000 3.3000 8 1.0000 0.0000 1.0220 -2.0000 -10.0000 -14.0000 6.0000 -6.0000 2.0000 0.5000 0.5000 0.5000 0.5000 0.5000 2.5000 1.7812 4.5260 
7.0000 44.0000 4.0000 2.0000 1.0000 -6.6000 8 1.0000 1.0000 0.8820 -8.0000 4.0000 8.0000 0.0000 12.0000 -4.0000 0.5000 0.5000 0.5000 0.5000 0.5000 2.5000 1.7826 4.5257 
7.0000 40.0000 4.0000 0.0000 0.0000 3.3000 2 -1.0000 1.0000 1.9170 6.0000 -2.0000 -6.0000 2.0000 -10.0000 10.0000 0.5451 0.3425 0.5342 0.3698 0.7146 2.5063 1.9367 4.6988 
7.0000 17.0000 4.0000 -2.0000 1.0000 -3.3000 8 1.0000 1.0000 1.2030 8.0000 0.0000 -12.0000 4.0000 -8.0000 -4.0000 0.5000 0.5000 0.5000 0.5000 0.5000 2.5000 1.9214 4.6592 
7.0000 55.0000 4.0000 2.0000 0.0000 6.6000 2 -1.0000 1.0000 1.5860 12.0000 4.0000 -8.0000 8.0000 -4.0000 0.0000 0.5611 0.5888 0.3585 0.5530 0.4470 2.5085 1.9822 4.7345 
7.0000 7.0000 4.0000 -4.0000 1.0000 9.9000 2 -1.0000 1.0000 1.7670 2.0000 -6.0000 -10.0000 -2.0000 -14.0000 6.0000 0.5000 0.5000 0.5000 0.5000 0.5000 2.5000 1.9787 4.7426 
7.0000 1.0000 4.0000 -4.0000 1.0000 -9.9000 8 1.0000 1.0000 1.0430 2.0000 -6.0000 -10.0000 -2.0000 -14.0000 6.0000 0.5000 0.5000 0.5000 0.5000 0.5000 2.5000 1.8478 4.6092 
7.0000 62.0000 4.0000 4.0000 1.0000 6.6000 2 -1.0000 1.0000 1.0010 14.0000 6.0000 -2.0000 10.0000 -6.0000 2.0000 0.5000 0.5000 0.5000 0.5000 0.5000 2.5000 1.9073 4.6593 
7.0000 22.0000 4.0000 -2.0000 0.0000 -9.9000 8 1.0000 1.0000 0.9880 -12.0000 0.0000 4.0000 -4.0000 8.0000 -8.0000 0.3162 0.6506 0.3777 0.7904 0.3668 2.5017 1.8822 4.6442 
7.0000 20.0000 4.0000 -2.0000 1.0000 6.6000 2 -1.0000 1.0000 0.9300 8.0000 0.0000 -12.0000 4.0000 -8.0000 -4.0000 0.5000 0.5000 0.5000 0.5000 0.5000 2.5000 1.7762 4.5258 
7.0000 70.0000 4.0000 4.0000 0.0000 9.9000 2 -1.0000 1.0000 0.9700 14.0000 2.0000 -2.0000 6.0000 -6.0000 10.0000 0.3243 0.4357 0.5918 0.6984 0.4558 2.5059 1.8340 4.5818 
7.0000 15.0000 4.0000 -2.0000 1.0000 -9.9000 8 1.0000 1.0000 0.8900 -8.0000 0.0000 8.0000 -4.0000 4.0000 -12.0000 0.5000 0.5000 0.5000 0.5000 0.5000 2.5000 1.7563 4.5091 
7.0000 65.0000 4.0000 4.0000 0.0000 -6.6000 8 1.0000 1.0000 0.7960 -6.0000 2.0000 10.0000 -2.0000 14.0000 6.0000 0.4467 0.5485 0.6560 0.3543 0.5025 2.5080 1.7908 4.5505 
7.0000 9.0000 4.0000 -4.0000 0.0000 -6.6000 8 1.0000 1.0000 1.3020 6.0000 -2.0000 -10.0000 2.0000 -14.0000 -6.0000 0.5622 0.5904 0.4943 0.3440 0.5181 2.5090 1.9451 4.7017 
7.0000 53.0000 4.0000 2.0000 0.0000 0.0000 8 1.0000 0.0000 1.2570 4.0000 -4.0000 -8.0000 12.0000 0.0000 8.0000 0.6150 0.3337 0.5526 0.5188 0.4827 2.5029 1.9331 4.6955 
7.0000 16.0000 4.0000 -2.0000 1.0000 -6.6000 8 1.0000 1.0000 0.8330 0.0000 -8.0000 -12.0000 8.0000 -4.0000 4.0000 0.5000 0.5000 0.5000 0.5000 0.5000 2.5000 1.8204 4.5760 
7.0000 63.0000 4.0000 4.0000 1.0000 9.9000 2 -1.0000 1.0000 0.9830 6.0000 -2.0000 -6.0000 14.0000 2.0000 10.0000 0.5000 0.5000 0.5000 0.5000 0.5000 2.5000 1.7515 4.5092 
7.0000 41.0000 4.0000 0.0000 0.0000 6.6000 2 -1.0000 1.0000 2.8310 10.0000 2.0000 -10.0000 6.0000 -6.0000 -2.0000 0.5190 0.3969 0.5192 0.6234 0.4429 2.5014 1.7777 4.5272 
7.0000 60.0000 4.0000 4.0000 1.0000 0.0000 2 -1.0000 0.0000 1.0530 6.0000 -2.0000 -6.0000 14.0000 2.0000 10.0000 0.5000 0.5000 0.5000 0.5000 0.5000 2.5000 1.8959 4.6427 
7.0000 68.0000 4.0000 4.0000 0.0000 3.3000 2 -1.0000 1.0000 0.9450 -6.0000 2.0000 14.0000 -2.0000 10.0000 6.0000 0.3580 0.7060 0.3240 0.7925 0.3162 2.4968 1.9970 4.7394 
7.0000 14.0000 4.0000 -4.0000 0.0000 9.9000 2 -1.0000 1.0000 0.9460 2.0000 -10.0000 -14.0000 6.0000 -6.0000 -2.0000 0.4418 0.7860 0.3706 0.3360 0.5576 2.4919 1.9958 4.7347 
7.0000 24.0000 4.0000 -2.0000 0.0000 -3.3000 8 1.0000 1.0000 0.9600 4.0000 -4.0000 -12.0000 0.0000 -8.0000 8.0000 0.6440 0.5828 0.4487 0.3764 0.4472 2.4992 1.8478 4.5916 
7.0000 52.0000 4.0000 2.0000 0.0000 -3.3000 8 1.0000 1.0000 1.0500 4.0000 -4.0000 -8.0000 12.0000 0.0000 8.0000 0.4012 0.7639 0.3074 0.3854 0.6475 2.5054 1.9392 4.6812 
7.0000 59.0000 4.0000 4.0000 1.0000 -3.3000 8 1.0000 1.0000 0.7110 -6.0000 2.0000 14.0000 -2.0000 10.0000 6.0000 0.5000 0.5000 0.5000 0.5000 0.5000 2.5000 1.9942 4.7593 
7.0000 56.0000 4.0000 2.0000 0.0000 9.9000 2 -1.0000 1.0000 0.9330 -4.0000 4.0000 8.0000 0.0000 12.0000 -8.0000 0.3763 0.7280 0.5810 0.4432 0.3785 2.5070 1.8134 4.5829 
7.0000 25.0000 4.0000 -2.0000 0.0000 0.0000 8 1.0000 0.0000 1.8050 8.0000 -4.0000 -8.0000 0.0000 -12.0000 4.0000 0.6499 0.4857 0.3057 0.4576 0.5957 2.4944 1.7718 4.5202 
7.0000 19.0000 4.0000 -2.0000 1.0000 3.3000 8 1.0000 0.0000 2.4030 8.0000 -4.0000 -8.0000 0.0000 -12.0000 4.0000 0.5000 0.5000 0.5000 0.5000 0.5000 2.5000 1.9690 4.7261 
7.0000 46.0000 4.0000 2.0000 1.0000 0.0000 8 1.0000 0.0000 1.6740 12.0000 4.0000 -8.0000 8.0000 -4.0000 0.0000 0.5000 0.5000 0.5000 0.5000 0.5000 2.5000 1.8076 4.5591 
7.0000 28.0000 4.0000 -2.0000 0.0000 9.9000 2 -1.0000 1.0000 1.0320 8.0000 -4.0000 -12.0000 0.0000 -8.0000 4.0000 0.3975 0.6250 0.4756 0.5936 0.4166 2.5083 1.8567 4.6176 
7.0000 10.0000 4.0000 -4.0000 0.0000 -3.3000 8 1.0000 1.0000 0.9620 -10.0000 2.0000 6.0000 -14.0000 -2.0000 -6.0000 0.3433 0.5442 0.7331 0.5410 0.3355 2.4971 1.8566 4.6064 
7.0000 13.0000 4.0000 -4.0000 0.0000 6.6000 2 -1.0000 1.0000 1.5530 -6.0000 2.0000 6.0000 -14.0000 -2.0000 -10.0000 0.5178 0.4311 0.7973 0.4003 0.3446 2.4911 1.8304 4.5669 
7.0000 27.0000 4.0000 -2.0000 0.0000 6.6000 2 -1.0000 1.0000 1.0930 8.0000 -4.0000 -8.0000 0.0000 -12.0000 4.0000 0.4421 0.6646 0.4343 0.3496 0.6039 2.4945 1.9121 4.6538 
7.0000 51.0000 4.0000 2.0000 0.0000 -6.6000 8 1.0000 1.0000 1.0100 12.0000 4.0000 -4.0000 8.0000 -8.0000 0.0000 0.3067 0.6911 0.3947 0.7076 0.4014 2.5014 1.8808 4.6439 
7.0000 23.0000 4.0000 -2.0000 0.0000 -6.6000 8 1.0000 1.0000 0.7750 -12.0000 0.0000 8.0000 -4.0000 4.0000 -8.0000 0.5507 0.4818 0.6488 0.4747 0.3481 2.5040 1.9205 4.6799 
7.0000 21.0000 4.0000 -2.0000 1.0000 9.9000 2 -1.0000 1.0000 1.0710 -8.0000 0.0000 4.0000 -4.0000 8.0000 -12.0000 0.5000 0.5000 0.5000 0.5000 0.5000 2.5000 1.7502 4.5092 
7.0000 64.0000 4.0000 4.0000 0.0000 -9.9000 8 1.0000 1.0000 1.0540 14.0000 6.0000 -6.0000 10.0000 -2.0000 2.0000 0.5775 0.4659 0.6553 0.5028 0.3007 2.5022 1.9277 4.6782 
7.0000 49.0000 4.0000 2.0000 1.0000 9.9000 2 -1.0000 1.0000 0.9860 -8.0000 4.0000 12.0000 0.0000 8.0000 -4.0000 0.5000 0.5000 0.5000 0.5000 0.5000 2.5000 1.9760 4.7259 
7.0000 26.0000 4.0000 -2.0000 0.0000 3.3000 2 -1.0000 1.0000 1.6160 8.0000 -4.0000 -8.0000 0.0000 -12.0000 4.0000 0.3496 0.5180 0.3388 0.5980 0.7051 2.5094 1.8002 4.5519 
7.0000 67.0000 4.0000 4.0000 0.0000 0.0000 2 -1.0000 0.0000 0.9430 14.0000 2.0000 -6.0000 6.0000 -2.0000 10.0000 0.7987 0.3937 0.3130 0.5991 0.3957 2.5001 1.9368 4.6760 
7.0000 6.0000 4.0000 -4.0000 1.0000 6.6000 2 -1.0000 1.0000 2.1100 -14.0000 -2.0000 2.0000 -6.0000 6.0000 -10.0000 0.5000 0.5000 0.5000 0.5000 0.5000 2.5000 1.8557 4.5925 
7.0000 66.0000 4.0000 4.0000 0.0000 -3.3000 8 1.0000 1.0000 1.2950 10.0000 -2.0000 -6.0000 14.0000 2.0000 6.0000 0.7932 0.5598 0.3771 0.4416 0.3340 2.5057 1.7769 4.5317 
7.0000 54.0000 4.0000 2.0000 0.0000 3.3000 2 -1.0000 1.0000 1.5490 12.0000 0.0000 -8.0000 4.0000 -4.0000 8.0000 0.3341 0.4532 0.6370 0.3186 0.7659 2.5087 1.8703 4.6346 
7.0000 35.0000 4.0000 0.0000 1.0000 9.9000 2 -1.0000 1.0000 0.7700 -10.0000 -2.0000 6.0000 -6.0000 10.0000 2.0000 0.5000 0.5000 0.5000 0.5000 0.5000 2.5000 1.8361 4.5925 
7.0000 31.0000 4.0000 0.0000 1.0000 -3.3000 8 1.0000 1.0000 1.0260 10.0000 -2.0000 -6.0000 2.0000 -10.0000 6.0000 0.5000 0.5000 0.5000 0.5000 0.5000 2.5000 1.9711 4.7259 
7.0000 29.0000 4.0000 0.0000 1.0000 -9.9000 8 1.0000 1.0000 1.1830 -6.0000 6.0000 10.0000 -10.0000 2.0000 -2.0000 0.5000 0.5000 0.5000 0.5000 0.5000 2.5000 1.8062 4.5591 
7.0000 2.0000 4.0000 -4.0000 1.0000 -6.6000 8 1.0000 1.0000 0.9360 -14.0000 -6.0000 6.0000 -10.0000 2.0000 -2.0000 0.5000 0.5000 0.5000 0.5000 0.5000 2.5000 1.8710 4.6260 
7.0000 8.0000 4.0000 -4.0000 0.0000 -9.9000 8 1.0000 1.0000 1.1120 6.0000 -2.0000 -14.0000 2.0000 -10.0000 -6.0000 0.5248 0.4222 0.7911 0.4474 0.3102 2.4958 1.8141 4.5549 
7.0000 39.0000 4.0000 0.0000 0.0000 0.0000 2 -1.0000 0.0000 1.1810 -10.0000 2.0000 10.0000 -2.0000 6.0000 -6.0000 0.6026 0.3043 0.4328 0.7861 0.3698 2.4956 1.9333 4.6714 
7.0000 4.0000 4.0000 -4.0000 1.0000 0.0000 8 1.0000 0.0000 1.0070 -2.0000 -10.0000 -14.0000 6.0000 -6.0000 2.0000 0.5000 0.5000 0.5000 0.5000 0.5000 2.5000 1.8675 4.6092 
7.0000 38.0000 4.0000 0.0000 0.0000 -3.3000 2 -1.0000 0.0000 2.5680 -6.0000 2.0000 10.0000 -2.0000 6.0000 -10.0000 0.3370 0.7750 0.4798 0.3377 0.5678 2.4974 1.7611 4.5066 
7.0000 57.0000 4.0000 4.0000 1.0000 -9.9000 8 1.0000 1.0000 0.6940 10.0000 -2.0000 -6.0000 14.0000 2.0000 6.0000 0.5000 0.5000 0.5000 0.5000 0.5000 2.5000 1.7623 4.5258 
7.0000 47.0000 4.0000 2.0000 1.0000 3.3000 2 -1.0000 1.0000 1.1010 12.0000 0.0000 -8.0000 4.0000 -4.0000 8.0000 0.5000 0.5000 0.5000 0.5000 0.5000 2.5000 1.8834 4.6425 
7.0000 43.0000 4.0000 2.0000 1.0000 -9.9000 8 1.0000 1.0000 1.1330 -8.0000 4.0000 12.0000 0.0000 8.0000 -4.0000 0.5000 0.5000 0.5000 0.5000 0.5000 2.5000 1.7996 4.5592 
7.0000 30.0000 4.0000 0.0000 1.0000 -6.6000 8 1.0000 1.0000 0.8920 2.0000 -6.0000 -10.0000 10.0000 -2.0000 6.0000 0.5000 0.5000 0.5000 0.5000 0.5000 2.5000 1.8317 4.5758 
7.0000 12.0000 4.0000 -4.0000 0.0000 3.3000 8 1.0000 0.0000 2.1070 2.0000 -10.0000 -14.0000 6.0000 -6.0000 -2.0000 0.5180 0.7876 0.3217 0.4716 0.3994 2.4983 1.8264 4.5741 
7.0000 69.0000 4.0000 4.0000 0.0000 6.6000 2 -1.0000 1.0000 1.0220 -2.0000 6.0000 14.0000 2.0000 10.0000 -6.0000 0.6019 0.6636 0.4456 0.3165 0.4737 2.5012 1.7914 4.5437 
7.0000 3.0000 4.0000 -4.0000 1.0000 -3.3000 8 1.0000 1.0000 1.0180 -2.0000 -10.0000 -14.0000 6.0000 -6.0000 2.0000 0.5000 0.5000 0.5000 0.5000 0.5000 2.5000 1.8121 4.5591 
7.0000 50.0000 4.0000 2.0000 0.0000 -9.9000 8 1.0000 1.0000 0.9730 12.0000 0.0000 -8.0000 4.0000 -4.0000 8.0000 0.4818 0.7649 0.3735 0.5471 0.3402 2.5075 1.8356 4.5834 
7.0000 31.0000 5.0000 0.0000 1.0000 -3.3000 8 1.0000 1.0000 0.9820 -10.0000 -2.0000 10.0000 -6.0000 6.0000 2.0000 0.5000 0.5000 0.5000 0.5000 0.5000 2.5000 1.8139 4.5592 
7.0000 59.0000 5.0000 4.0000 1.0000 -3.3000 2 -1.0000 0.0000 1.2580 -6.0000 6.0000 14.0000 2.0000 10.0000 -2.0000 0.5000 0.5000 0.5000 0.5000 0.5000 2.5000 1.8791 4.6258 
7.0000 56.0000 5.0000 2.0000 0.0000 9.9000 2 -1.0000 1.0000 1.0870 -8.0000 0.0000 12.0000 -4.0000 8.0000 4.0000 0.4153 0.5008 0.6096 0.5286 0.4402 2.4944 1.9475 4.6870 
7.0000 44.0000 5.0000 2.0000 1.0000 -6.6000 8 1.0000 1.0000 1.3850 8.0000 0.0000 -4.0000 4.0000 -8.0000 12.0000 0.5000 0.5000 0.5000 0.5000 0.5000 2.5000 1.8237 4.5759 
7.0000 20.0000 5.0000 -2.0000 1.0000 6.6000 2 -1.0000 1.0000 0.8690 -8.0000 4.0000 8.0000 -12.0000 0.0000 -4.0000 0.5000 0.5000 0.5000 0.5000 0.5000 2.5000 1.9990 4.7594 
7.0000 37.0000 5.0000 0.0000 0.0000 -6.6000 8 1.0000 1.0000 1.1260 10.0000 2.0000 -10.0000 6.0000 -6.0000 -2.0000 0.4756 0.4239 0.3401 0.5243 0.7343 2.4982 1.8221 4.5741 
7.0000 9.0000 5.0000 -4.0000 0.0000 -6.6000 8 1.0000 1.0000 0.8950 -2.0000 -10.0000 -14.0000 6.0000 -6.0000 2.0000 0.7235 0.3147 0.3592 0.4779 0.6192 2.4945 1.8192 4.5705 
7.0000 54.0000 5.0000 2.0000 0.0000 3.3000 2 -1.0000 1.0000 0.7890 12.0000 0.0000 -4.0000 4.0000 -8.0000 8.0000 0.5538 0.4375 0.5136 0.5900 0.3967 2.4917 1.8793 4.6176 
7.0000 49.0000 5.0000 2.0000 1.0000 9.9000 2 -1.0000 1.0000 0.8480 -8.0000 4.0000 12.0000 0.0000 8.0000 -4.0000 0.5000 0.5000 0.5000 0.5000 0.5000 2.5000 1.8889 4.6427 
7.0000 30.0000 5.0000 0.0000 1.0000 -6.6000 8 1.0000 1.0000 0.9060 10.0000 -2.0000 -10.0000 2.0000 -6.0000 6.0000 0.5000 0.5000 0.5000 0.5000 0.5000 2.5000 1.7879 4.5425 
7.0000 3.0000 5.0000 -4.0000 1.0000 -3.3000 8 1.0000 1.0000 0.7970 -14.0000 -6.0000 2.0000 -10.0000 6.0000 -2.0000 0.5000 0.5000 0.5000 0.5000 0.5000 2.5000 1.9769 4.7259 
7.0000 2.0000 5.0000 -4.0000 1.0000 -6.6000 8 1.0000 1.0000 1.7410 6.0000 -6.0000 -14.0000 -2.0000 -10.0000 2.0000 0.5000 0.5000 0.5000 0.5000 0.5000 2.5000 1.7508 4.4926 
7.0000 58.0000 5.0000 4.0000 1.0000 -6.6000 8 1.0000 1.0000 1.6170 2.0000 10.0000 14.0000 -6.0000 6.0000 -2.0000 0.5000 0.5000 0.5000 0.5000 0.5000 2.5000 1.8618 4.6259 
7.0000 64.0000 5.0000 4.0000 0.0000 -9.9000 8 1.0000 1.0000 1.0790 14.0000 2.0000 -2.0000 6.0000 -6.0000 10.0000 0.6317 0.5349 0.3848 0.6331 0.3246 2.5091 1.7631 4.5350 
7.0000 17.0000 5.0000 -2.0000 1.0000 -3.3000 8 1.0000 1.0000 0.8680 -12.0000 0.0000 4.0000 -4.0000 8.0000 -8.0000 0.5000 0.5000 0.5000 0.5000 0.5000 2.5000 1.8844 4.6426 
7.0000 46.0000 5.0000 2.0000 1.0000 0.0000 2 -1.0000 0.0000 1.0390 0.0000 8.0000 12.0000 -8.0000 4.0000 -4.0000 0.5000 0.5000 0.5000 0.5000 0.5000 2.5000 1.8153 4.5759 
7.0000 10.0000 5.0000 -4.0000 0.0000 -3.3000 8 1.0000 1.0000 0.7970 6.0000 -2.0000 -14.0000 2.0000 -10.0000 -6.0000 0.3318 0.5910 0.5426 0.5050 0.5388 2.5093 1.9131 4.6687 
7.0000 32.0000 5.0000 0.0000 1.0000 0.0000 8 1.0000 0.0000 1.8680 6.0000 -6.0000 -10.0000 10.0000 -2.0000 2.0000 0.5000 0.5000 0.5000 0.5000 0.5000 2.5000 1.7769 4.5258 
7.0000 36.0000 5.0000 0.0000 0.0000 -9.9000 8 1.0000 1.0000 0.8390 -2.0000 6.0000 10.0000 -10.0000 2.0000 -6.0000 0.5275 0.3033 0.5426 0.7409 0.3805 2.4948 1.7781 4.5207 
7.0000 13.0000 5.0000 -4.0000 0.0000 6.6000 2 -1.0000 1.0000 1.3060 -10.0000 2.0000 6.0000 -14.0000 -2.0000 -6.0000 0.5684 0.4179 0.7328 0.3595 0.4182 2.4968 1.8481 4.5893 
7.0000 47.0000 5.0000 2.0000 1.0000 3.3000 2 -1.0000 1.0000 1.0730 -4.0000 8.0000 12.0000 -8.0000 4.0000 0.0000 0.5000 0.5000 0.5000 0.5000 0.5000 2.5000 1.8602 4.6093 
7.0000 48.0000 5.0000 2.0000 1.0000 6.6000 2 -1.0000 1.0000 0.8540 12.0000 4.0000 -8.0000 8.0000 -4.0000 0.0000 0.5000 0.5000 0.5000 0.5000 0.5000 2.5000 1.9006 4.6594 
7.0000 68.0000 5.0000 4.0000 0.0000 3.3000 2 -1.0000 1.0000 0.9020 10.0000 -2.0000 -6.0000 14.0000 2.0000 6.0000 0.4999 0.4593 0.6871 0.3787 0.4817 2.5068 1.8821 4.6495 
7.0000 60.0000 5.0000 4.0000 1.0000 0.0000 8 1.0000 0.0000 0.9570 14.0000 6.0000 -2.0000 10.0000 -6.0000 2.0000 0.5000 0.5000 0.5000 0.5000 0.5000 2.5000 1.8245 4.5758 
7.0000 35.0000 5.0000 0.0000 1.0000 9.9000 2 -1.0000 1.0000 0.7700 10.0000 -2.0000 -10.0000 2.0000 -6.0000 6.0000 0.5000 0.5000 0.5000 0.5000 0.5000 2.5000 1.8411 4.5925 
7.0000 45.0000 5.0000 2.0000 1.0000 -3.3000 8 1.0000 1.0000 1.7050 -4.0000 8.0000 12.0000 -8.0000 4.0000 0.0000 0.5000 0.5000 0.5000 0.5000 0.5000 2.5000 1.8156 4.5591 
7.0000 16.0000 5.0000 -2.0000 1.0000 -6.6000 8 1.0000 1.0000 0.9280 0.0000 -8.0000 -12.0000 8.0000 -4.0000 4.0000 0.5000 0.5000 0.5000 0.5000 0.5000 2.5000 1.8276 4.5759 
7.0000 61.0000 5.0000 4.0000 1.0000 3.3000 2 -1.0000 1.0000 0.7630 14.0000 6.0000 -6.0000 10.0000 -2.0000 2.0000 0.5000 0.5000 0.5000 0.5000 0.5000 2.5000 1.9204 4.6759 
7.0000 8.0000 5.0000 -4.0000 0.0000 -9.9000 8 1.0000 1.0000 0.8990 -14.0000 -6.0000 6.0000 -10.0000 2.0000 -2.0000 0.5221 0.7858 0.3667 0.5168 0.3119 2.5033 1.7985 4.5458 
7.0000 41.0000 5.0000 0.0000 0.0000 6.6000 2 -1.0000 1.0000 0.9890 -10.0000 -2.0000 10.0000 -6.0000 6.0000 2.0000 0.3076 0.7009 0.7859 0.3674 0.3389 2.5006 1.7906 4.5431 
7.0000 52.0000 5.0000 2.0000 0.0000 -3.3000 8 1.0000 1.0000 2.5790 8.0000 -4.0000 -8.0000 12.0000 0.0000 4.0000 0.3259 0.7940 0.3864 0.6579 0.3413 2.5054 1.9703 4.7147 
7.0000 62.0000 5.0000 4.0000 1.0000 6.6000 2 -1.0000 1.0000 0.6930 10.0000 -2.0000 -6.0000 14.0000 2.0000 6.0000 0.5000 0.5000 0.5000 0.5000 0.5000 2.5000 1.8900 4.6425 
7.0000 43.0000 5.0000 2.0000 1.0000 -9.9000 8 1.0000 1.0000 0.8400 12.0000 0.0000 -8.0000 4.0000 -4.0000 8.0000 0.5000 0.5000 0.5000 0.5000 0.5000 2.5000 1.9537 4.7093 
7.0000 57.0000 5.0000 4.0000 1.0000 -9.9000 8 1.0000 1.0000 0.9580 -6.0000 2.0000 14.0000 -2.0000 10.0000 6.0000 0.5000 0.5000 0.5000 0.5000 0.5000 2.5000 1.7577 4.5092 
7.0000 1.0000 5.0000 -4.0000 1.0000 -9.9000 8 1.0000 1.0000 1.5680 2.0000 -6.0000 -14.0000 -2.0000 -10.0000 6.0000 0.5000 0.5000 0.5000 0.5000 0.5000 2.5000 1.8923 4.6426 
7.0000 22.0000 5.0000 -2.0000 0.0000 -9.9000 8 1.0000 1.0000 0.8240 -12.0000 -4.0000 4.0000 -8.0000 8.0000 0.0000 0.3420 0.6135 0.4575 0.6495 0.4279 2.4903 1.9855 4.7329 
7.0000 53.0000 5.0000 2.0000 0.0000 0.0000 2 -1.0000 0.0000 0.9980 8.0000 0.0000 -4.0000 4.0000 -8.0000 12.0000 0.5142 0.6762 0.3917 0.5080 0.4006 2.4907 1.7699 4.5165 
7.0000 39.0000 5.0000 0.0000 0.0000 0.0000 2 -1.0000 0.0000 1.4620 -2.0000 6.0000 10.0000 -10.0000 2.0000 -6.0000 0.6485 0.4117 0.4488 0.4006 0.5849 2.4944 1.9838 4.7203 
7.0000 50.0000 5.0000 2.0000 0.0000 -9.9000 8 1.0000 1.0000 0.8740 8.0000 0.0000 -4.0000 4.0000 -8.0000 12.0000 0.3297 0.7705 0.6570 0.3168 0.4251 2.4991 1.7634 4.5082 
7.0000 69.0000 5.0000 4.0000 0.0000 6.6000 2 -1.0000 1.0000 0.9660 10.0000 -2.0000 -6.0000 14.0000 2.0000 6.0000 0.6063 0.4252 0.5228 0.4940 0.4515 2.4999 1.9788 4.7257 
7.0000 38.0000 5.0000 0.0000 0.0000 -3.3000 8 1.0000 1.0000 0.8080 -6.0000 2.0000 6.0000 -2.0000 10.0000 -10.0000 0.5555 0.6794 0.4513 0.4244 0.3873 2.4978 1.9384 4.6903 
7.0000 29.0000 5.0000 0.0000 1.0000 -9.9000 8 1.0000 1.0000 0.7720 10.0000 -2.0000 -6.0000 2.0000 -10.0000 6.0000 0.5000 0.5000 0.5000 0.5000 0.5000 2.5000 1.9516 4.7092 
7.0000 4.0000 5.0000 -4.0000 1.0000 0.0000 8 1.0000 0.0000 0.7210 6.0000 -2.0000 -10.0000 2.0000 -14.0000 -6.0000 0.5000 0.5000 0.5000 0.5000 0.5000 2.5000 1.8307 4.5925 
7.0000 11.0000 5.0000 -4.0000 0.0000 0.0000 8 1.0000 0.0000 2.8510 -10.0000 -2.0000 6.0000 -6.0000 2.0000 -14.0000 0.4122 0.3607 0.4353 0.5804 0.7029 2.4916 1.9945 4.7340 
7.0000 70.0000 5.0000 4.0000 0.0000 9.9000 2 -1.0000 1.0000 0.9520 10.0000 -2.0000 -6.0000 14.0000 2.0000 6.0000 0.5581 0.3870 0.5132 0.7076 0.3412 2.5071 1.9208 4.6829 
7.0000 21.0000 5.0000 -2.0000 1.0000 9.9000 2 -1.0000 1.0000 1.1170 4.0000 -4.0000 -8.0000 0.0000 -12.0000 8.0000 0.5000 0.5000 0.5000 0.5000 0.5000 2.5000 1.8541 4.6092 
7.0000 34.0000 5.0000 0.0000 1.0000 6.6000 2 -1.0000 1.0000 0.6390 10.0000 2.0000 -10.0000 6.0000 -6.0000 -2.0000 0.5000 0.5000 0.5000 0.5000 0.5000 2.5000 1.7940 4.5425 
7.0000 42.0000 5.0000 0.0000 0.0000 9.9000 2 -1.0000 1.0000 1.1160 -10.0000 2.0000 6.0000 -2.0000 10.0000 -6.0000 0.4632 0.5058 0.3497 0.7404 0.4432 2.5023 1.9682 4.7115 
7.0000 28.0000 5.0000 -2.0000 0.0000 9.9000 8 1.0000 0.0000 0.8030 -12.0000 -4.0000 8.0000 -8.0000 4.0000 0.0000 0.4807 0.7504 0.4103 0.4567 0.4022 2.5002 1.8749 4.6094 
7.0000 25.0000 5.0000 -2.0000 0.0000 0.0000 8 1.0000 0.0000 1.0880 8.0000 0.0000 -8.0000 4.0000 -12.0000 -4.0000 0.5300 0.4083 0.5974 0.3474 0.6238 2.5069 1.9571 4.7161 
7.0000 55.0000 5.0000 2.0000 0.0000 6.6000 2 -1.0000 1.0000 0.9730 8.0000 -4.0000 -8.0000 12.0000 0.0000 4.0000 0.3525 0.5096 0.4514 0.4091 0.7694 2.4920 1.8979 4.6513 
7.0000 23.0000 5.0000 -2.0000 0.0000 -6.6000 8 1.0000 1.0000 1.3050 8.0000 -4.0000 -12.0000 0.0000 -8.0000 4.0000 0.3060 0.6150 0.3728 0.6609 0.5508 2.5055 1.8655 4.6315 
7.0000 18.0000 5.0000 -2.0000 1.0000 0.0000 8 1.0000 0.0000 0.9580 8.0000 -4.0000 -12.0000 0.0000 -8.0000 4.0000 0.5000 0.5000 0.5000 0.5000 0.5000 2.5000 1.8986 4.6427 
7.0000 27.0000 5.0000 -2.0000 0.0000 6.6000 2 -1.0000 1.0000 1.1430 4.0000 -4.0000 -8.0000 0.0000 -12.0000 8.0000 0.3730 0.5394 0.3103 0.6754 0.6039 2.5020 1.9669 4.7114 
7.0000 33.0000 5.0000 0.0000 1.0000 3.3000 2 -1.0000 1.0000 1.6730 -10.0000 -2.0000 10.0000 -6.0000 6.0000 2.0000 0.5000 0.5000 0.5000 0.5000 0.5000 2.5000 1.9648 4.7093 
7.0000 26.0000 5.0000 -2.0000 0.0000 3.3000 2 -1.0000 1.0000 1.0200 -12.0000 -4.0000 4.0000 -8.0000 8.0000 0.0000 0.3328 0.6505 0.3106 0.6369 0.5631 2.4939 1.7706 4.5030 
7.0000 7.0000 5.0000 -4.0000 1.0000 9.9000 2 -1.0000 1.0000 0.9380 6.0000 -2.0000 -14.0000 2.0000 -10.0000 -6.0000 0.5000 0.5000 0.5000 0.5000 0.5000 2.5000 1.7832 4.5259 
7.0000 12.0000 5.0000 -4.0000 0.0000 3.3000 8 1.0000 0.0000 0.6560 -10.0000 -2.0000 6.0000 -6.0000 2.0000 -14.0000 0.4212 0.6839 0.5765 0.4656 0.3544 2.5016 1.8773 4.6274 
7.0000 6.0000 5.0000 -4.0000 1.0000 6.6000 2 -1.0000 1.0000 0.8170 6.0000 -2.0000 -14.0000 2.0000 -10.0000 -6.0000 0.5000 0.5000 0.5000 0.5000 0.5000 2.5000 1.7868 4.5426 
7.0000 24.0000 5.0000 -2.0000 0.0000 -3.3000 8 1.0000 1.0000 1.3340 8.0000 -4.0000 -8.0000 0.0000 -12.0000 4.0000 0.3888 0.4926 0.5845 0.7315 0.3104 2.5077 1.9804 4.7502 
7.0000 19.0000 5.0000 -2.0000 1.0000 3.3000 8 1.0000 0.0000 1.7660 8.0000 0.0000 -12.0000 4.0000 -8.0000 -4.0000 0.5000 0.5000 0.5000 0.5000 0.5000 2.5000 1.8268 4.5759 
7.0000 66.0000 5.0000 4.0000 0.0000 -3.3000 8 1.0000 1.0000 1.5480 -6.0000 2.0000 14.0000 -2.0000 10.0000 6.0000 0.7345 0.4428 0.3663 0.5503 0.4070 2.5009 1.7731 4.5267 
7.0000 63.0000 5.0000 4.0000 1.0000 9.9000 2 -1.0000 1.0000 0.7860 14.0000 2.0000 -2.0000 6.0000 -6.0000 10.0000 0.5000 0.5000 0.5000 0.5000 0.5000 2.5000 1.8412 4.5925 
7.0000 51.0000 5.0000 2.0000 0.0000 -6.6000 8 1.0000 1.0000 0.8960 12.0000 4.0000 -4.0000 8.0000 -8.0000 0.0000 0.4411 0.5873 0.3958 0.3218 0.7473 2.4934 1.8358 4.5694 
7.0000 15.0000 5.0000 -2.0000 1.0000 -9.9000 8 1.0000 1.0000 0.6840 -12.0000 0.0000 4.0000 -4.0000 8.0000 -8.0000 0.5000 0.5000 0.5000 0.5000 0.5000 2.5000 1.9727 4.7260 
7.0000 5.0000 5.0000 -4.0000 1.0000 3.3000 2 -1.0000 1.0000 1.4100 -10.0000 -2.0000 2.0000 -6.0000 6.0000 -14.0000 0.5000 0.5000 0.5000 0.5000 0.5000 2.5000 1.8574 4.6092 
7.0000 14.0000 5.0000 -4.0000 0.0000 9.9000 2 -1.0000 1.0000 0.7220 -2.0000 -10.0000 -14.0000 6.0000 -6.0000 2.0000 0.5510 0.5761 0.6749 0.3023 0.3951 2.4993 1.9550 4.6918 
7.0000 65.0000 5.0000 4.0000 0.0000 -6.6000 8 1.0000 1.0000 1.1690 -6.0000 6.0000 10.0000 2.0000 14.0000 -2.0000 0.5956 0.3292 0.5589 0.5303 0.4857 2.4997 1.8458 4.6088 
7.0000 67.0000 5.0000 4.0000 0.0000 0.0000 2 -1.0000 0.0000 1.7870 -6.0000 2.0000 14.0000 -2.0000 10.0000 6.0000 0.5856 0.4784 0.3673 0.4952 0.5741 2.5006 1.9035 4.6600 
7.0000 40.0000 5.0000 0.0000 0.0000 3.3000 2 -1.0000 1.0000 1.0600 -6.0000 6.0000 10.0000 -10.0000 2.0000 -2.0000 0.7174 0.3728 0.3037 0.7115 0.3876 2.4930 1.8717 4.6188 
7.0000 16.0000 6.0000 -2.0000 1.0000 -6.6000 8 1.0000 1.0000 1.2960 0.0000 -8.0000 -12.0000 8.0000 -4.0000 4.0000 0.5000 0.5000 0.5000 0.5000 0.5000 2.5000 1.7853 4.5258 
7.0000 56.0000 6.0000 2.0000 0.0000 9.9000 2 -1.0000 1.0000 1.3020 12.0000 4.0000 -4.0000 8.0000 -8.0000 0.0000 0.4670 0.4080 0.7681 0.5423 0.3108 2.4962 1.8954 4.6387 
7.0000 66.0000 6.0000 4.0000 0.0000 -3.3000 8 1.0000 1.0000 1.0810 -6.0000 6.0000 10.0000 2.0000 14.0000 -2.0000 0.6309 0.3034 0.5001 0.3162 0.7578 2.5085 1.9560 4.7010 
7.0000 10.0000 6.0000 -4.0000 0.0000 -3.3000 8 1.0000 1.0000 0.7730 -14.0000 -6.0000 6.0000 -10.0000 2.0000 -2.0000 0.3462 0.4720 0.4313 0.7293 0.5144 2.4933 1.8091 4.5524 
7.0000 18.0000 6.0000 -2.0000 1.0000 0.0000 8 1.0000 0.0000 0.9150 -8.0000 4.0000 8.0000 -12.0000 0.0000 -4.0000 0.5000 0.5000 0.5000 0.5000 0.5000 2.5000 1.9652 4.7261 
7.0000 42.0000 6.0000 0.0000 0.0000 9.9000 2 -1.0000 1.0000 1.1050 6.0000 -2.0000 -10.0000 2.0000 -6.0000 10.0000 0.5770 0.6667 0.5271 0.3175 0.4027 2.4910 1.8608 4.6002 
7.0000 36.0000 6.0000 0.0000 0.0000 -9.9000 8 1.0000 1.0000 1.0260 -6.0000 6.0000 10.0000 -10.0000 2.0000 -2.0000 0.3513 0.4201 0.7675 0.3529 0.5999 2.4917 1.8079 4.5509 
7.0000 62.0000 6.0000 4.0000 1.0000 6.6000 2 -1.0000 1.0000 0.8790 14.0000 6.0000 -2.0000 10.0000 -6.0000 2.0000 0.5000 0.5000 0.5000 0.5000 0.5000 2.5000 1.8026 4.5591 
7.0000 35.0000 6.0000 0.0000 1.0000 9.9000 2 -1.0000 1.0000 1.1130 10.0000 -2.0000 -6.0000 2.0000 -10.0000 6.0000 0.5000 0.5000 0.5000 0.5000 0.5000 2.5000 1.9998 4.7425 
7.0000 68.0000 6.0000 4.0000 0.0000 3.3000 2 -1.0000 1.0000 0.8500 -6.0000 2.0000 14.0000 -2.0000 10.0000 6.0000 0.3749 0.4535 0.5560 0.6837 0.4296 2.4977 1.9823 4.7236 
7.0000 27.0000 6.0000 -2.0000 0.0000 6.6000 2 -1.0000 1.0000 1.3510 -4.0000 4.0000 8.0000 -12.0000 0.0000 -8.0000 0.6668 0.5256 0.5567 0.4288 0.3164 2.4943 1.9920 4.7370 
7.0000 70.0000 6.0000 4.0000 0.0000 9.9000 2 -1.0000 1.0000 1.0420 10.0000 -2.0000 -6.0000 14.0000 2.0000 6.0000 0.5956 0.4284 0.3766 0.4626 0.6285 2.4917 1.7519 4.4842 
7.0000 21.0000 6.0000 -2.0000 1.0000 9.9000 2 -1.0000 1.0000 0.7110 4.0000 -4.0000 -8.0000 0.0000 -12.0000 8.0000 0.5000 0.5000 0.5000 0.5000 0.5000 2.5000 1.9321 4.6759 
7.0000 2.0000 6.0000 -4.0000 1.0000 -6.6000 8 1.0000 1.0000 0.9200 -14.0000 -6.0000 6.0000 -10.0000 2.0000 -2.0000 0.5000 0.5000 0.5000 0.5000 0.5000 2.5000 1.7791 4.5426 
7.0000 52.0000 6.0000 2.0000 0.0000 -3.3000 8 1.0000 1.0000 1.0260 -8.0000 0.0000 12.0000 -4.0000 8.0000 4.0000 0.3766 0.7506 0.5829 0.3773 0.4030 2.4904 1.7598 4.4995 
7.0000 50.0000 6.0000 2.0000 0.0000 -9.9000 8 1.0000 1.0000 0.9430 12.0000 0.0000 -4.0000 4.0000 -8.0000 8.0000 0.3115 0.4630 0.6264 0.7443 0.3572 2.5025 1.7973 4.5617 
7.0000 12.0000 6.0000 -4.0000 0.0000 3.3000 8 1.0000 0.0000 1.3780 2.0000 -6.0000 -14.0000 -2.0000 -10.0000 6.0000 0.6659 0.4669 0.3821 0.4555 0.5371 2.5075 1.8552 4.6167 
7.0000 28.0000 6.0000 -2.0000 0.0000 9.9000 2 -1.0000 1.0000 0.8080 8.0000 -4.0000 -8.0000 0.0000 -12.0000 4.0000 0.4004 0.6755 0.4026 0.5603 0.4685 2.5072 1.9671 4.7332 
7.0000 61.0000 6.0000 4.0000 1.0000 3.3000 2 -1.0000 1.0000 1.1920 -6.0000 6.0000 10.0000 2.0000 14.0000 -2.0000 0.5000 0.5000 0.5000 0.5000 0.5000 2.5000 1.7881 4.5425 
7.0000 64.0000 6.0000 4.0000 0.0000 -9.9000 8 1.0000 1.0000 1.1050 10.0000 2.0000 -2.0000 6.0000 -6.0000 14.0000 0.3797 0.4492 0.6726 0.6115 0.3865 2.4994 1.8901 4.6419 
7.0000 44.0000 6.0000 2.0000 1.0000 -6.6000 8 1.0000 1.0000 0.9730 12.0000 4.0000 -4.0000 8.0000 -8.0000 0.0000 0.5000 0.5000 0.5000 0.5000 0.5000 2.5000 1.7543 4.4925 
7.0000 41.0000 6.0000 0.0000 0.0000 6.6000 2 -1.0000 1.0000 1.0420 -2.0000 6.0000 10.0000 -10.0000 2.0000 -6.0000 0.3028 0.5953 0.3260 0.4921 0.7844 2.5007 1.8160 4.5598 
7.0000 23.0000 6.0000 -2.0000 0.0000 -6.6000 8 1.0000 1.0000 1.0060 0.0000 -8.0000 -12.0000 8.0000 -4.0000 4.0000 0.4090 0.6123 0.7497 0.4199 0.3120 2.5029 1.8285 4.5955 
7.0000 31.0000 6.0000 0.0000 1.0000 -3.3000 8 1.0000 1.0000 2.4500 6.0000 -2.0000 -10.0000 2.0000 -6.0000 10.0000 0.5000 0.5000 0.5000 0.5000 0.5000 2.5000 1.8026 4.5591 
7.0000 3.0000 6.0000 -4.0000 1.0000 -3.3000 8 1.0000 1.0000 0.8140 -10.0000 -2.0000 2.0000 -6.0000 6.0000 -14.0000 0.5000 0.5000 0.5000 0.5000 0.5000 2.5000 1.9259 4.6758 
7.0000 5.0000 6.0000 -4.0000 1.0000 3.3000 8 1.0000 0.0000 1.0600 6.0000 -2.0000 -14.0000 2.0000 -10.0000 -6.0000 0.5000 0.5000 0.5000 0.5000 0.5000 2.5000 1.8084 4.5593 
7.0000 49.0000 6.0000 2.0000 1.0000 9.9000 2 -1.0000 1.0000 0.7930 8.0000 -4.0000 -8.0000 12.0000 0.0000 4.0000 0.5000 0.5000 0.5000 0.5000 0.5000 2.5000 1.9202 4.6759 
7.0000 63.0000 6.0000 4.0000 1.0000 9.9000 2 -1.0000 1.0000 0.8650 -6.0000 2.0000 14.0000 -2.0000 10.0000 6.0000 0.5000 0.5000 0.5000 0.5000 0.5000 2.5000 1.9428 4.6926 
7.0000 55.0000 6.0000 2.0000 0.0000 6.6000 2 -1.0000 1.0000 0.7680 8.0000 -4.0000 -8.0000 12.0000 0.0000 4.0000 0.3004 0.5330 0.4264 0.5951 0.6419 2.4969 1.9304 4.6726 
7.0000 48.0000 6.0000 2.0000 1.0000 6.6000 2 -1.0000 1.0000 0.7160 -8.0000 0.0000 8.0000 -4.0000 12.0000 4.0000 0.5000 0.5000 0.5000 0.5000 0.5000 2.5000 1.8351 4.5758 
7.0000 33.0000 6.0000 0.0000 1.0000 3.3000 2 -1.0000 1.0000 0.8300 -6.0000 6.0000 10.0000 -10.0000 2.0000 -2.0000 0.5000 0.5000 0.5000 0.5000 0.5000 2.5000 1.7769 4.5259 
7.0000 45.0000 6.0000 2.0000 1.0000 -3.3000 8 1.0000 1.0000 0.7560 -8.0000 0.0000 12.0000 -4.0000 8.0000 4.0000 0.5000 0.5000 0.5000 0.5000 0.5000 2.5000 1.9423 4.7093 
7.0000 53.0000 6.0000 2.0000 0.0000 0.0000 2 -1.0000 0.0000 2.4080 12.0000 0.0000 -8.0000 4.0000 -4.0000 8.0000 0.5091 0.3176 0.7457 0.5999 0.3185 2.4909 1.8462 4.6001 
7.0000 60.0000 6.0000 4.0000 1.0000 0.0000 2 -1.0000 0.0000 1.0180 -6.0000 6.0000 14.0000 2.0000 10.0000 -2.0000 0.5000 0.5000 0.5000 0.5000 0.5000 2.5000 1.8848 4.6426 
7.0000 7.0000 6.0000 -4.0000 1.0000 9.9000 2 -1.0000 1.0000 0.8290 -10.0000 2.0000 6.0000 -14.0000 -2.0000 -6.0000 0.5000 0.5000 0.5000 0.5000 0.5000 2.5000 1.7993 4.5592 
7.0000 30.0000 6.0000 0.0000 1.0000 -6.6000 8 1.0000 1.0000 0.7060 -2.0000 6.0000 10.0000 -10.0000 2.0000 -6.0000 0.5000 0.5000 0.5000 0.5000 0.5000 2.5000 1.7947 4.5425 
7.0000 11.0000 6.0000 -4.0000 0.0000 0.0000 8 1.0000 0.0000 0.7970 2.0000 -10.0000 -14.0000 6.0000 -6.0000 -2.0000 0.3925 0.3132 0.6030 0.5024 0.6816 2.4927 1.7588 4.5019 
7.0000 25.0000 6.0000 -2.0000 0.0000 0.0000 8 1.0000 0.0000 0.7630 -8.0000 0.0000 8.0000 -4.0000 4.0000 -12.0000 0.5181 0.3316 0.4283 0.5255 0.6959 2.4995 1.7868 4.5420 
7.0000 17.0000 6.0000 -2.0000 1.0000 -3.3000 8 1.0000 1.0000 0.6500 -12.0000 0.0000 8.0000 -4.0000 4.0000 -8.0000 0.5000 0.5000 0.5000 0.5000 0.5000 2.5000 1.8032 4.5425 
7.0000 39.0000 6.0000 0.0000 0.0000 0.0000 8 1.0000 0.0000 1.2420 10.0000 -2.0000 -10.0000 2.0000 -6.0000 6.0000 0.5419 0.3035 0.3590 0.5787 0.7189 2.5020 1.8965 4.6446 
7.0000 4.0000 6.0000 -4.0000 1.0000 0.0000 8 1.0000 0.0000 1.0020 6.0000 -2.0000 -10.0000 2.0000 -14.0000 -6.0000 0.5000 0.5000 0.5000 0.5000 0.5000 2.5000 1.9215 4.6593 
7.0000 57.0000 6.0000 4.0000 1.0000 -9.9000 8 1.0000 1.0000 0.6510 6.0000 -2.0000 -6.0000 14.0000 2.0000 10.0000 0.5000 0.5000 0.5000 0.5000 0.5000 2.5000 1.8617 4.6258 
7.0000 54.0000 6.0000 2.0000 0.0000 3.3000 2 -1.0000 1.0000 1.6940 -8.0000 0.0000 8.0000 -4.0000 12.0000 4.0000 0.3480 0.4021 0.5241 0.4794 0.7496 2.5032 1.7812 4.5456 
7.0000 37.0000 6.0000 0.0000 0.0000 -6.6000 8 1.0000 1.0000 0.8740 10.0000 2.0000 -6.0000 6.0000 -10.0000 -2.0000 0.5229 0.3879 0.3547 0.6402 0.5978 2.5034 1.9075 4.6626 
7.0000 32.0000 6.0000 0.0000 1.0000 0.0000 2 -1.0000 0.0000 1.6770 10.0000 2.0000 -6.0000 6.0000 -10.0000 -2.0000 0.5000 0.5000 0.5000 0.5000 0.5000 2.5000 1.7779 4.5259 
7.0000 59.0000 6.0000 4.0000 1.0000 -3.3000 8 1.0000 1.0000 0.9160 -2.0000 6.0000 10.0000 2.0000 14.0000 -6.0000 0.5000 0.5000 0.5000 0.5000 0.5000 2.5000 1.8891 4.6426 
7.0000 6.0000 6.0000 -4.0000 1.0000 6.6000 2 -1.0000 1.0000 0.8610 6.0000 -6.0000 -14.0000 -2.0000 -10.0000 2.0000 0.5000 0.5000 0.5000 0.5000 0.5000 2.5000 1.9919 4.7425 
7.0000 8.0000 6.0000 -4.0000 0.0000 -9.9000 8 1.0000 1.0000 0.7290 -10.0000 -2.0000 6.0000 -6.0000 2.0000 -14.0000 0.4970 0.4409 0.3247 0.5016 0.7261 2.4902 1.8228 4.5660 
7.0000 13.0000 6.0000 -4.0000 0.0000 6.6000 2 -1.0000 1.0000 1.1720 6.0000 -2.0000 -10.0000 2.0000 -14.0000 -6.0000 0.3610 0.4736 0.6470 0.3940 0.6289 2.5045 1.9473 4.6972 
7.0000 22.0000 6.0000 -2.0000 0.0000 -9.9000 8 1.0000 1.0000 0.9560 8.0000 0.0000 -12.0000 4.0000 -8.0000 -4.0000 0.5963 0.5431 0.6825 0.3306 0.3564 2.5090 1.9747 4.7183 
7.0000 24.0000 6.0000 -2.0000 0.0000 -3.3000 8 1.0000 1.0000 0.5830 -8.0000 0.0000 8.0000 -4.0000 4.0000 -12.0000 0.3324 0.3919 0.5115 0.5444 0.7231 2.5032 1.8286 4.5957 
7.0000 20.0000 6.0000 -2.0000 1.0000 6.6000 2 -1.0000 1.0000 1.3100 -12.0000 -4.0000 8.0000 -8.0000 4.0000 0.0000 0.5000 0.5000 0.5000 0.5000 0.5000 2.5000 1.9786 4.7426 
7.0000 29.0000 6.0000 0.0000 1.0000 -9.9000 8 1.0000 1.0000 0.8470 10.0000 2.0000 -10.0000 6.0000 -6.0000 -2.0000 0.5000 0.5000 0.5000 0.5000 0.5000 2.5000 1.9785 4.7258 
7.0000 1.0000 6.0000 -4.0000 1.0000 -9.9000 8 1.0000 1.0000 0.7640 -10.0000 -2.0000 2.0000 -6.0000 6.0000 -14.0000 0.5000 0.5000 0.5000 0.5000 0.5000 2.5000 1.9656 4.7259 
7.0000 9.0000 6.0000 -4.0000 0.0000 -6.6000 8 1.0000 1.0000 0.7950 -10.0000 2.0000 6.0000 -14.0000 -2.0000 -6.0000 0.5721 0.6203 0.4615 0.3615 0.4821 2.4975 1.7714 4.5234 
7.0000 26.0000 6.0000 -2.0000 0.0000 3.3000 8 1.0000 0.0000 1.7500 -4.0000 4.0000 8.0000 -12.0000 0.0000 -8.0000 0.3840 0.7876 0.3704 0.3997 0.5544 2.4961 1.8412 4.5886 
7.0000 69.0000 6.0000 4.0000 0.0000 6.6000 2 -1.0000 1.0000 0.9070 10.0000 -2.0000 -6.0000 14.0000 2.0000 6.0000 0.3039 0.6526 0.4243 0.4760 0.6507 2.5074 1.8947 4.6500 
7.0000 47.0000 6.0000 2.0000 1.0000 3.3000 2 -1.0000 1.0000 1.1640 -4.0000 8.0000 12.0000 -8.0000 4.0000 0.0000 0.5000 0.5000 0.5000 0.5000 0.5000 2.5000 1.9757 4.7260 
7.0000 46.0000 6.0000 2.0000 1.0000 0.0000 8 1.0000 0.0000 0.8950 -8.0000 0.0000 12.0000 -4.0000 8.0000 4.0000 0.5000 0.5000 0.5000 0.5000 0.5000 2.5000 1.7591 4.5092 
7.0000 15.0000 6.0000 -2.0000 1.0000 -9.9000 8 1.0000 1.0000 0.6650 -12.0000 -4.0000 8.0000 -8.0000 4.0000 0.0000 0.5000 0.5000 0.5000 0.5000 0.5000 2.5000 1.9531 4.7094 
7.0000 19.0000 6.0000 -2.0000 1.0000 3.3000 2 -1.0000 1.0000 1.4700 8.0000 -4.0000 -8.0000 0.0000 -12.0000 4.0000 0.5000 0.5000 0.5000 0.5000 0.5000 2.5000 1.9031 4.6592 
7.0000 65.0000 6.0000 4.0000 0.0000 -6.6000 8 1.0000 1.0000 2.5650 2.0000 10.0000 14.0000 -6.0000 6.0000 -2.0000 0.3023 0.3752 0.7650 0.6823 0.3720 2.4968 1.9365 4.6894 
7.0000 51.0000 6.0000 2.0000 0.0000 -6.6000 8 1.0000 1.0000 1.1470 12.0000 0.0000 -4.0000 4.0000 -8.0000 8.0000 0.3697 0.6317 0.6878 0.4253 0.3892 2.5036 1.9851 4.7462 
7.0000 34.0000 6.0000 0.0000 1.0000 6.6000 2 -1.0000 1.0000 1.0440 10.0000 -2.0000 -6.0000 2.0000 -10.0000 6.0000 0.5000 0.5000 0.5000 0.5000 0.5000 2.5000 1.9551 4.7093 
7.0000 40.0000 6.0000 0.0000 0.0000 3.3000 2 -1.0000 1.0000 1.0940 -6.0000 2.0000 6.0000 -2.0000 10.0000 -10.0000 0.4462 0.7060 0.5664 0.4730 0.3064 2.4980 1.8365 4.5905 
7.0000 14.0000 6.0000 -4.0000 0.0000 9.9000 2 -1.0000 1.0000 1.0410 2.0000 -6.0000 -14.0000 -2.0000 -10.0000 6.0000 0.4329 0.4734 0.3962 0.5681 0.6339 2.5045 1.9515 4.6971 
7.0000 43.0000 6.0000 2.0000 1.0000 -9.9000 8 1.0000 1.0000 0.6840 0.0000 8.0000 12.0000 -8.0000 4.0000 -4.0000 0.5000 0.5000 0.5000 0.5000 0.5000 2.5000 1.8238 4.5758 
7.0000 67.0000 6.0000 4.0000 0.0000 0.0000 2 -1.0000 0.0000 2.0600 14.0000 2.0000 -6.0000 6.0000 -2.0000 10.0000 0.3321 0.6519 0.6150 0.3775 0.5256 2.5021 1.8439 4.5946 
7.0000 38.0000 6.0000 0.0000 0.0000 -3.3000 8 1.0000 1.0000 1.2930 -2.0000 6.0000 10.0000 -10.0000 2.0000 -6.0000 0.4228 0.5341 0.4556 0.6322 0.4463 2.4909 1.8409 4.5835 
7.0000 58.0000 6.0000 4.0000 1.0000 -6.6000 8 1.0000 1.0000 0.9340 -6.0000 6.0000 14.0000 2.0000 10.0000 -2.0000 0.5000 0.5000 0.5000 0.5000 0.5000 2.5000 1.7700 4.5258 
