subNo index block mean periodicity testLevel pressedKey answer isCorrect rt s1 s2 s3 s4 s5 s6 t1 t2 t3 t4 t5 seqDuration startInterval trialDuration 
7.0000 1.0000 1.0000 3.1896 1.0000 3.4388 2 -1.0000 1.0000 2.6560 13.1896 1.1896 -2.8104 5.1896 -6.8104 9.1896 0.5000 0.5000 0.5000 0.5000 0.5000 2.5000 1.8040 4.5592 
7.0000 2.0000 1.0000 2.1984 0.0000 1.4637 2 -1.0000 1.0000 3.0230 -3.8016 4.1984 12.1984 0.1984 8.1984 -7.8016 0.3474 0.6227 0.5003 0.7290 0.3076 2.5070 1.7788 4.5329 
7.0000 3.0000 1.0000 -0.7324 0.0000 -4.3473 8 1.0000 1.0000 1.9880 9.2676 1.2676 -10.7324 5.2676 -6.7324 -2.7324 0.3901 0.7062 0.3962 0.5852 0.4224 2.5001 1.8722 4.6261 
7.0000 4.0000 1.0000 -0.2788 1.0000 5.1027 2 -1.0000 1.0000 2.2750 5.7212 -6.2788 -10.2788 9.7212 -2.2788 1.7212 0.5000 0.5000 0.5000 0.5000 0.5000 2.5000 1.7956 4.5425 
7.0000 5.0000 1.0000 1.9252 0.0000 6.5771 2 -1.0000 1.0000 2.0970 11.9252 -0.0748 -4.0748 3.9252 -8.0748 7.9252 0.4189 0.5669 0.7781 0.3441 0.3969 2.5049 1.7906 4.5474 
7.0000 6.0000 1.0000 2.7819 1.0000 6.7971 2 -1.0000 1.0000 1.6530 4.7819 -3.2181 -7.2181 12.7819 0.7819 8.7819 0.5000 0.5000 0.5000 0.5000 0.5000 2.5000 1.7743 4.5259 
7.0000 7.0000 1.0000 -0.3055 1.0000 4.4610 2 -1.0000 1.0000 2.0440 -2.3055 5.6945 9.6945 -10.3055 1.6945 -6.3055 0.5000 0.5000 0.5000 0.5000 0.5000 2.5000 1.7672 4.5259 
7.0000 8.0000 1.0000 -1.5339 1.0000 -6.9038 8 1.0000 1.0000 1.8380 -11.5339 0.4661 8.4661 -3.5339 4.4661 -7.5339 0.5000 0.5000 0.5000 0.5000 0.5000 2.5000 1.9264 4.6760 
7.0000 9.0000 1.0000 -3.6725 0.0000 4.1223 2 -1.0000 1.0000 2.3500 2.3275 -9.6725 -13.6725 6.3275 -5.6725 -1.6725 0.5049 0.4336 0.4758 0.4232 0.6602 2.4977 1.9753 4.7236 
7.0000 10.0000 1.0000 -0.5328 1.0000 5.3869 2 -1.0000 1.0000 2.0430 -6.5328 1.4672 9.4672 -2.5328 5.4672 -10.5328 0.5000 0.5000 0.5000 0.5000 0.5000 2.5000 1.8712 4.6258 
7.0000 11.0000 1.0000 0.8187 0.0000 0.5515 2 -1.0000 1.0000 1.6200 6.8187 -5.1813 -9.1813 10.8187 -1.1813 2.8187 0.4261 0.3535 0.7172 0.6034 0.3970 2.4972 1.7996 4.5399 
7.0000 12.0000 1.0000 -0.4816 1.0000 -7.4987 8 1.0000 1.0000 1.0840 -10.4816 -2.4816 9.5184 -6.4816 5.5184 1.5184 0.5000 0.5000 0.5000 0.5000 0.5000 2.5000 1.9663 4.7092 
7.0000 13.0000 1.0000 3.1546 0.0000 -1.4240 2 -1.0000 0.0000 1.4860 -2.8454 5.1546 9.1546 1.1546 13.1546 -6.8454 0.3873 0.7821 0.4289 0.3094 0.6016 2.5093 1.8403 4.6018 
7.0000 14.0000 1.0000 3.4113 0.0000 -3.1234 2 -1.0000 0.0000 2.7150 -2.5887 9.4113 13.4113 -6.5887 5.4113 1.4113 0.3271 0.4491 0.7691 0.4521 0.5063 2.5038 1.7985 4.5628 
7.0000 15.0000 1.0000 -2.5035 0.0000 -6.9482 8 1.0000 1.0000 2.9120 3.4965 -8.5035 -12.5035 7.4965 -4.5035 -0.5035 0.6490 0.5016 0.3454 0.7026 0.3064 2.5049 1.9222 4.6807 
7.0000 16.0000 1.0000 -0.4522 0.0000 -4.1522 8 1.0000 1.0000 3.7180 9.5478 -2.4522 -10.4522 1.5478 -6.4522 5.5478 0.4390 0.4655 0.7268 0.5377 0.3350 2.5040 1.8958 4.6464 
7.0000 17.0000 1.0000 0.7411 1.0000 -1.7478 8 1.0000 1.0000 3.2170 6.7411 -5.2589 -9.2589 10.7411 -1.2589 2.7411 0.5000 0.5000 0.5000 0.5000 0.5000 2.5000 1.7987 4.5426 
7.0000 18.0000 1.0000 -0.1665 1.0000 -1.5556 8 1.0000 1.0000 3.7970 9.8335 1.8335 -6.1665 5.8335 -10.1665 -2.1665 0.5000 0.5000 0.5000 0.5000 0.5000 2.5000 1.8732 4.6260 
7.0000 19.0000 1.0000 2.3924 1.0000 -4.0225 8 1.0000 1.0000 2.5800 -7.6076 0.3924 8.3924 -3.6076 12.3924 4.3924 0.5000 0.5000 0.5000 0.5000 0.5000 2.5000 1.8090 4.5591 
7.0000 20.0000 1.0000 0.4061 0.0000 8.6490 2 -1.0000 1.0000 2.3730 -9.5939 -1.5939 6.4061 -5.5939 10.4061 2.4061 0.3523 0.6267 0.5466 0.4086 0.5590 2.4932 1.9975 4.7525 
7.0000 21.0000 1.0000 -3.0055 1.0000 -2.2728 8 1.0000 1.0000 1.0960 -13.0055 -5.0055 2.9945 -9.0055 6.9945 -1.0055 0.5000 0.5000 0.5000 0.5000 0.5000 2.5000 1.9205 4.6759 
7.0000 22.0000 1.0000 1.3257 1.0000 -2.8747 8 1.0000 1.0000 3.9980 -8.6743 -0.6743 7.3257 -4.6743 11.3257 3.3257 0.5000 0.5000 0.5000 0.5000 0.5000 2.5000 1.9644 4.7091 
7.0000 23.0000 1.0000 -1.9363 1.0000 -0.5763 8 1.0000 1.0000 1.5830 -11.9363 -3.9363 8.0637 -7.9363 4.0637 0.0637 0.5000 0.5000 0.5000 0.5000 0.5000 2.5000 1.9464 4.6925 
7.0000 24.0000 1.0000 2.2566 1.0000 6.7894 2 -1.0000 1.0000 2.1410 8.2566 -3.7434 -7.7434 12.2566 0.2566 4.2566 0.5000 0.5000 0.5000 0.5000 0.5000 2.5000 1.8823 4.6258 
7.0000 25.0000 1.0000 3.0168 0.0000 -1.3443 2 -1.0000 0.0000 2.9520 9.0168 -2.9832 -6.9832 13.0168 1.0168 5.0168 0.5292 0.3676 0.5380 0.5805 0.4836 2.4989 1.8020 4.5414 
7.0000 26.0000 1.0000 -1.2392 1.0000 -5.5113 8 1.0000 1.0000 1.6710 -11.2392 0.7608 8.7608 -3.2392 4.7608 -7.2392 0.5000 0.5000 0.5000 0.5000 0.5000 2.5000 1.8629 4.6091 
7.0000 27.0000 1.0000 -3.4994 0.0000 4.4237 2 -1.0000 1.0000 1.7260 -9.4994 2.5006 6.5006 -13.4994 -1.4994 -5.4994 0.3871 0.4825 0.5186 0.7523 0.3659 2.5062 1.9584 4.7154 
7.0000 28.0000 1.0000 2.8694 0.0000 -3.8728 8 1.0000 1.0000 4.6580 8.8694 0.8694 -7.1306 4.8694 -3.1306 12.8694 0.5020 0.3341 0.5405 0.4852 0.6480 2.5097 1.9159 4.6857 
7.0000 29.0000 1.0000 3.9297 1.0000 -0.7893 8 1.0000 1.0000 2.4870 -2.0703 5.9297 13.9297 1.9297 9.9297 -6.0703 0.5000 0.5000 0.5000 0.5000 0.5000 2.5000 1.8046 4.5592 
7.0000 30.0000 1.0000 1.4254 0.0000 5.1349 2 -1.0000 1.0000 3.6960 -4.5746 3.4254 11.4254 -0.5746 7.4254 -8.5746 0.4393 0.4134 0.5564 0.6616 0.4234 2.4941 1.7677 4.5032 
7.0000 31.0000 1.0000 1.0247 0.0000 -1.9757 8 1.0000 1.0000 2.3740 11.0247 -0.9753 -8.9753 3.0247 -4.9753 7.0247 0.7511 0.4508 0.3893 0.3018 0.6059 2.4988 1.9513 4.6916 
7.0000 32.0000 1.0000 1.4553 1.0000 3.4541 2 -1.0000 1.0000 2.0640 -8.5447 -0.5447 7.4553 -4.5447 11.4553 3.4553 0.5000 0.5000 0.5000 0.5000 0.5000 2.5000 1.9707 4.7261 
7.0000 33.0000 1.0000 0.7532 1.0000 -1.3137 8 1.0000 1.0000 1.6980 6.7532 -5.2468 -9.2468 10.7532 -1.2468 2.7532 0.5000 0.5000 0.5000 0.5000 0.5000 2.5000 1.8736 4.6259 
7.0000 34.0000 1.0000 1.4432 0.0000 -4.0978 8 1.0000 1.0000 1.4010 -4.5568 3.4432 7.4432 -0.5568 11.4432 -8.5568 0.3044 0.3923 0.7634 0.4742 0.5613 2.4956 1.7969 4.5548 
7.0000 35.0000 1.0000 -2.0151 0.0000 -4.1291 8 1.0000 1.0000 1.2640 -8.0151 -0.0151 7.9849 -4.0151 3.9849 -12.0151 0.3768 0.4972 0.7086 0.5576 0.3672 2.5073 1.8219 4.5831 
7.0000 36.0000 1.0000 3.3912 1.0000 5.8137 2 -1.0000 1.0000 1.6840 -2.6088 5.3912 9.3912 1.3912 13.3912 -6.6088 0.5000 0.5000 0.5000 0.5000 0.5000 2.5000 1.8581 4.6091 
7.0000 37.0000 1.0000 -0.5979 0.0000 3.9426 2 -1.0000 1.0000 2.7630 9.4021 1.4021 -10.5979 5.4021 -6.5979 -2.5979 0.4426 0.6737 0.3321 0.4393 0.6104 2.4982 1.9220 4.6740 
7.0000 38.0000 1.0000 2.5365 0.0000 -1.0352 8 1.0000 1.0000 4.5270 -7.4635 4.5365 8.5365 0.5365 12.5365 -3.4635 0.3610 0.3334 0.7972 0.3471 0.6570 2.4958 1.9744 4.7217 
7.0000 39.0000 1.0000 2.8915 0.0000 5.8093 2 -1.0000 1.0000 1.9010 -7.1085 4.8915 8.8915 0.8915 12.8915 -3.1085 0.6473 0.3797 0.6434 0.3413 0.4810 2.4926 1.9492 4.6853 
7.0000 40.0000 1.0000 1.7369 0.0000 -3.6638 8 1.0000 1.0000 2.5050 -0.2631 7.7369 11.7369 -8.2631 3.7369 -4.2631 0.4814 0.5558 0.6116 0.5304 0.3292 2.5084 1.7624 4.5342 
7.0000 41.0000 1.0000 1.9044 0.0000 -4.5371 8 1.0000 1.0000 2.0510 -8.0956 -0.0956 7.9044 -4.0956 11.9044 3.9044 0.5304 0.6060 0.3358 0.4722 0.5581 2.5025 1.8706 4.6284 
7.0000 42.0000 1.0000 1.2978 1.0000 3.4634 2 -1.0000 1.0000 3.1760 7.2978 -0.7022 -8.7022 3.2978 -4.7022 11.2978 0.5000 0.5000 0.5000 0.5000 0.5000 2.5000 1.8101 4.5592 
7.0000 43.0000 1.0000 0.7771 1.0000 2.1672 8 1.0000 0.0000 4.5700 -1.2229 6.7771 10.7771 -9.2229 2.7771 -5.2229 0.5000 0.5000 0.5000 0.5000 0.5000 2.5000 1.8306 4.5760 
7.0000 44.0000 1.0000 -0.6213 1.0000 2.3671 2 -1.0000 1.0000 4.8250 5.3787 -2.6213 -10.6213 1.3787 -6.6213 9.3787 0.5000 0.5000 0.5000 0.5000 0.5000 2.5000 1.8605 4.6092 
7.0000 45.0000 1.0000 3.3810 0.0000 -6.7633 8 1.0000 1.0000 3.0550 -6.6190 1.3810 13.3810 -2.6190 9.3810 5.3810 0.4016 0.7738 0.4573 0.5674 0.3012 2.5012 1.9807 4.7271 
7.0000 46.0000 1.0000 -2.8435 0.0000 5.0954 8 1.0000 0.0000 4.0450 7.1565 -0.8435 -8.8435 3.1565 -12.8435 -4.8435 0.3357 0.6629 0.7262 0.4150 0.3684 2.5081 1.7908 4.5506 
7.0000 47.0000 1.0000 0.0418 0.0000 1.3067 2 -1.0000 1.0000 2.2300 -5.9582 2.0418 6.0418 -1.9582 10.0418 -9.9582 0.5713 0.5228 0.4060 0.6142 0.3805 2.4948 1.9279 4.6706 
7.0000 48.0000 1.0000 3.0571 1.0000 2.2864 2 -1.0000 1.0000 2.9230 1.0571 9.0571 13.0571 -6.9429 5.0571 -2.9429 0.5000 0.5000 0.5000 0.5000 0.5000 2.5000 1.8528 4.6091 
7.0000 49.0000 1.0000 -3.1768 0.0000 5.8929 2 -1.0000 1.0000 2.0480 -13.1768 -5.1768 6.8232 -9.1768 2.8232 -1.1768 0.3570 0.3064 0.5326 0.7808 0.5162 2.4929 1.9239 4.6688 
7.0000 50.0000 1.0000 0.7089 0.0000 6.0840 NR 0.0000 0.0000 0.0000 10.7089 2.7089 -5.2911 6.7089 -9.2911 -1.2911 0.4839 0.3541 0.6612 0.3028 0.7000 2.5021 1.9315 4.6781 
