subNo index block mean periodicity testLevel pressedKey answer isCorrect rt s1 s2 s3 s4 s5 s6 t1 t2 t3 t4 t5 seqDuration startInterval trialDuration 
8.0000 48.0000 1.0000 2.0000 1.0000 6.6000 8 -1.0000 1.0000 2.2040 -4.0000 4.0000 12.0000 0.0000 8.0000 -8.0000 0.5000 0.5000 0.5000 0.5000 0.5000 2.5000 1.9171 4.6760 
8.0000 3.0000 1.0000 -4.0000 1.0000 -3.3000 2 1.0000 1.0000 1.4120 -14.0000 -2.0000 2.0000 -6.0000 6.0000 -10.0000 0.5000 0.5000 0.5000 0.5000 0.5000 2.5000 1.8647 4.6092 
8.0000 7.0000 1.0000 -4.0000 1.0000 9.9000 8 -1.0000 1.0000 2.2040 -10.0000 -2.0000 6.0000 -6.0000 2.0000 -14.0000 0.5000 0.5000 0.5000 0.5000 0.5000 2.5000 1.7703 4.5259 
8.0000 18.0000 1.0000 -2.0000 1.0000 0.0000 8 -1.0000 0.0000 3.3540 4.0000 -8.0000 -12.0000 8.0000 -4.0000 0.0000 0.5000 0.5000 0.5000 0.5000 0.5000 2.5000 1.9201 4.6593 
8.0000 49.0000 1.0000 2.0000 1.0000 9.9000 8 -1.0000 1.0000 1.8570 8.0000 0.0000 -4.0000 4.0000 -8.0000 12.0000 0.5000 0.5000 0.5000 0.5000 0.5000 2.5000 1.9801 4.7260 
8.0000 43.0000 1.0000 2.0000 1.0000 -9.9000 2 1.0000 1.0000 1.8540 -4.0000 4.0000 12.0000 0.0000 8.0000 -8.0000 0.5000 0.5000 0.5000 0.5000 0.5000 2.5000 1.7884 4.5424 
8.0000 38.0000 1.0000 0.0000 0.0000 -3.3000 2 1.0000 1.0000 1.4480 -2.0000 6.0000 10.0000 -10.0000 2.0000 -6.0000 0.5700 0.3827 0.6922 0.4065 0.4583 2.5097 1.9726 4.7355 
8.0000 67.0000 1.0000 4.0000 0.0000 0.0000 8 -1.0000 0.0000 1.4410 -6.0000 6.0000 14.0000 2.0000 10.0000 -2.0000 0.5961 0.4643 0.3852 0.3452 0.7011 2.4918 1.8166 4.5676 
8.0000 8.0000 1.0000 -4.0000 0.0000 -9.9000 2 1.0000 1.0000 1.0440 -10.0000 2.0000 6.0000 -14.0000 -2.0000 -6.0000 0.4028 0.3546 0.6178 0.6852 0.4393 2.4996 1.8347 4.5922 
8.0000 6.0000 1.0000 -4.0000 1.0000 6.6000 8 -1.0000 1.0000 2.1320 -6.0000 2.0000 6.0000 -14.0000 -2.0000 -10.0000 0.5000 0.5000 0.5000 0.5000 0.5000 2.5000 1.8374 4.5926 
8.0000 55.0000 1.0000 2.0000 0.0000 6.6000 8 -1.0000 1.0000 2.0930 -8.0000 4.0000 8.0000 0.0000 12.0000 -4.0000 0.5595 0.4209 0.4639 0.6409 0.4246 2.5098 1.9681 4.7190 
8.0000 47.0000 1.0000 2.0000 1.0000 3.3000 8 -1.0000 1.0000 1.4330 -8.0000 0.0000 8.0000 -4.0000 12.0000 4.0000 0.5000 0.5000 0.5000 0.5000 0.5000 2.5000 1.9362 4.6760 
8.0000 50.0000 1.0000 2.0000 0.0000 -9.9000 2 1.0000 1.0000 1.1920 -4.0000 8.0000 12.0000 -8.0000 4.0000 0.0000 0.3620 0.5032 0.7027 0.5351 0.3979 2.5009 1.7626 4.5100 
8.0000 14.0000 1.0000 -4.0000 0.0000 9.9000 8 -1.0000 1.0000 3.7060 6.0000 -2.0000 -10.0000 2.0000 -14.0000 -6.0000 0.4257 0.7404 0.5355 0.4872 0.3016 2.4903 1.8841 4.6329 
8.0000 20.0000 1.0000 -2.0000 1.0000 6.6000 8 -1.0000 1.0000 1.9950 -12.0000 -4.0000 4.0000 -8.0000 8.0000 0.0000 0.5000 0.5000 0.5000 0.5000 0.5000 2.5000 1.7761 4.5259 
8.0000 53.0000 1.0000 2.0000 0.0000 0.0000 2 1.0000 0.0000 3.5520 12.0000 0.0000 -4.0000 4.0000 -8.0000 8.0000 0.4564 0.3552 0.7363 0.4284 0.5194 2.4957 1.7801 4.5215 
8.0000 40.0000 1.0000 0.0000 0.0000 3.3000 2 1.0000 0.0000 2.6130 2.0000 -6.0000 -10.0000 10.0000 -2.0000 6.0000 0.4680 0.3015 0.5605 0.4937 0.6810 2.5046 1.8084 4.5639 
8.0000 42.0000 1.0000 0.0000 0.0000 9.9000 8 -1.0000 1.0000 1.6910 10.0000 2.0000 -6.0000 6.0000 -10.0000 -2.0000 0.3274 0.5207 0.5669 0.6479 0.4293 2.4921 1.7531 4.5013 
8.0000 34.0000 1.0000 0.0000 1.0000 6.6000 8 -1.0000 1.0000 3.4300 6.0000 -2.0000 -6.0000 2.0000 -10.0000 10.0000 0.5000 0.5000 0.5000 0.5000 0.5000 2.5000 1.9775 4.7259 
8.0000 9.0000 1.0000 -4.0000 0.0000 -6.6000 2 1.0000 1.0000 1.1990 -14.0000 -2.0000 6.0000 -6.0000 2.0000 -10.0000 0.5941 0.3956 0.3280 0.6700 0.5109 2.4986 1.8953 4.6411 
8.0000 28.0000 1.0000 -2.0000 0.0000 9.9000 8 -1.0000 1.0000 1.4790 4.0000 -4.0000 -8.0000 0.0000 -12.0000 8.0000 0.7558 0.4954 0.4181 0.3520 0.4851 2.5064 1.8719 4.6324 
8.0000 12.0000 1.0000 -4.0000 0.0000 3.3000 8 -1.0000 1.0000 2.6580 -10.0000 -2.0000 6.0000 -6.0000 2.0000 -14.0000 0.7945 0.3368 0.4694 0.5909 0.3057 2.4972 1.8229 4.5730 
8.0000 1.0000 1.0000 -4.0000 1.0000 -9.9000 2 1.0000 1.0000 1.3120 6.0000 -2.0000 -10.0000 2.0000 -14.0000 -6.0000 0.5000 0.5000 0.5000 0.5000 0.5000 2.5000 1.8587 4.6092 
8.0000 65.0000 1.0000 4.0000 0.0000 -6.6000 2 1.0000 1.0000 2.2260 -2.0000 6.0000 10.0000 2.0000 14.0000 -6.0000 0.5948 0.4355 0.3271 0.3769 0.7681 2.5024 1.7508 4.5115 
8.0000 66.0000 1.0000 4.0000 0.0000 -3.3000 2 1.0000 1.0000 2.7210 -6.0000 6.0000 10.0000 2.0000 14.0000 -2.0000 0.3482 0.4042 0.6432 0.3828 0.7213 2.4996 1.9049 4.6590 
8.0000 44.0000 1.0000 2.0000 1.0000 -6.6000 2 1.0000 1.0000 1.2500 8.0000 0.0000 -8.0000 4.0000 -4.0000 12.0000 0.5000 0.5000 0.5000 0.5000 0.5000 2.5000 1.9946 4.7428 
8.0000 2.0000 1.0000 -4.0000 1.0000 -6.6000 2 1.0000 1.0000 1.8320 -14.0000 -2.0000 6.0000 -6.0000 2.0000 -10.0000 0.5000 0.5000 0.5000 0.5000 0.5000 2.5000 1.7677 4.5093 
8.0000 70.0000 1.0000 4.0000 0.0000 9.9000 8 -1.0000 1.0000 2.4280 -6.0000 2.0000 14.0000 -2.0000 10.0000 6.0000 0.6176 0.5556 0.4361 0.3411 0.5564 2.5068 1.9790 4.7327 
8.0000 68.0000 1.0000 4.0000 0.0000 3.3000 8 -1.0000 1.0000 1.9510 -6.0000 6.0000 14.0000 2.0000 10.0000 -2.0000 0.5232 0.4788 0.3286 0.6178 0.5512 2.4997 1.7719 4.5255 
8.0000 24.0000 1.0000 -2.0000 0.0000 -3.3000 2 1.0000 1.0000 2.8960 0.0000 -8.0000 -12.0000 8.0000 -4.0000 4.0000 0.3515 0.5749 0.3073 0.6561 0.6043 2.4941 1.9621 4.7199 
8.0000 69.0000 1.0000 4.0000 0.0000 6.6000 8 -1.0000 1.0000 3.3980 -2.0000 6.0000 10.0000 2.0000 14.0000 -6.0000 0.5574 0.4024 0.7972 0.4460 0.3068 2.5098 1.8297 4.5857 
8.0000 23.0000 1.0000 -2.0000 0.0000 -6.6000 2 1.0000 1.0000 2.5360 -12.0000 0.0000 8.0000 -4.0000 4.0000 -8.0000 0.5585 0.6577 0.3498 0.4374 0.4943 2.4977 1.8934 4.6403 
8.0000 22.0000 1.0000 -2.0000 0.0000 -9.9000 2 1.0000 1.0000 2.8310 -12.0000 -4.0000 8.0000 -8.0000 4.0000 0.0000 0.5060 0.6249 0.3516 0.3093 0.7074 2.4993 1.9730 4.7254 
8.0000 13.0000 1.0000 -4.0000 0.0000 6.6000 8 -1.0000 1.0000 1.9080 6.0000 -2.0000 -14.0000 2.0000 -10.0000 -6.0000 0.4229 0.5604 0.4643 0.5097 0.5494 2.5067 1.9459 4.6995 
8.0000 54.0000 1.0000 2.0000 0.0000 3.3000 8 -1.0000 1.0000 1.7430 8.0000 0.0000 -4.0000 4.0000 -8.0000 12.0000 0.5389 0.4117 0.3652 0.7081 0.4686 2.4925 1.9996 4.7350 
8.0000 31.0000 1.0000 0.0000 1.0000 -3.3000 2 1.0000 1.0000 1.8500 6.0000 -6.0000 -10.0000 10.0000 -2.0000 2.0000 0.5000 0.5000 0.5000 0.5000 0.5000 2.5000 1.9146 4.6591 
8.0000 16.0000 1.0000 -2.0000 1.0000 -6.6000 2 1.0000 1.0000 3.1260 4.0000 -4.0000 -12.0000 0.0000 -8.0000 8.0000 0.5000 0.5000 0.5000 0.5000 0.5000 2.5000 1.9276 4.6925 
8.0000 62.0000 1.0000 4.0000 1.0000 6.6000 8 -1.0000 1.0000 1.1250 -6.0000 2.0000 14.0000 -2.0000 10.0000 6.0000 0.5000 0.5000 0.5000 0.5000 0.5000 2.5000 1.8267 4.5758 
8.0000 11.0000 1.0000 -4.0000 0.0000 0.0000 NR 0.0000 0.0000 0.0000 2.0000 -6.0000 -10.0000 -2.0000 -14.0000 6.0000 0.5652 0.4624 0.4067 0.7467 0.3273 2.5083 1.8911 4.6508 
8.0000 41.0000 1.0000 0.0000 0.0000 6.6000 8 -1.0000 1.0000 1.0750 10.0000 2.0000 -10.0000 6.0000 -6.0000 -2.0000 0.6737 0.5794 0.4102 0.4401 0.3897 2.4931 1.7991 4.5357 
8.0000 56.0000 1.0000 2.0000 0.0000 9.9000 8 -1.0000 1.0000 0.8540 -4.0000 4.0000 12.0000 0.0000 8.0000 -8.0000 0.5299 0.3199 0.5256 0.3959 0.7192 2.4905 1.8211 4.5663 
8.0000 58.0000 1.0000 4.0000 1.0000 -6.6000 2 1.0000 1.0000 1.2310 10.0000 2.0000 -2.0000 6.0000 -6.0000 14.0000 0.5000 0.5000 0.5000 0.5000 0.5000 2.5000 1.9021 4.6426 
8.0000 32.0000 1.0000 0.0000 1.0000 0.0000 2 1.0000 0.0000 1.6490 6.0000 -6.0000 -10.0000 10.0000 -2.0000 2.0000 0.5000 0.5000 0.5000 0.5000 0.5000 2.5000 1.8544 4.5926 
8.0000 25.0000 1.0000 -2.0000 0.0000 0.0000 NR 0.0000 0.0000 0.0000 -12.0000 -4.0000 8.0000 -8.0000 4.0000 0.0000 0.3067 0.3421 0.6391 0.5912 0.6195 2.4987 1.9437 4.6913 
8.0000 59.0000 1.0000 4.0000 1.0000 -3.3000 2 1.0000 1.0000 1.3580 14.0000 6.0000 -6.0000 10.0000 -2.0000 2.0000 0.5000 0.5000 0.5000 0.5000 0.5000 2.5000 1.8547 4.6093 
8.0000 60.0000 1.0000 4.0000 1.0000 0.0000 2 1.0000 0.0000 1.2640 -6.0000 6.0000 10.0000 2.0000 14.0000 -2.0000 0.5000 0.5000 0.5000 0.5000 0.5000 2.5000 1.9143 4.6759 
8.0000 36.0000 1.0000 0.0000 0.0000 -9.9000 2 1.0000 1.0000 1.6960 10.0000 -2.0000 -10.0000 2.0000 -6.0000 6.0000 0.4218 0.5822 0.5116 0.3239 0.6686 2.5081 1.8626 4.6173 
8.0000 33.0000 1.0000 0.0000 1.0000 3.3000 NR 0.0000 0.0000 0.0000 10.0000 2.0000 -6.0000 6.0000 -10.0000 -2.0000 0.5000 0.5000 0.5000 0.5000 0.5000 2.5000 1.8104 4.5592 
8.0000 35.0000 1.0000 0.0000 1.0000 9.9000 8 -1.0000 1.0000 1.2320 2.0000 -6.0000 -10.0000 10.0000 -2.0000 6.0000 0.5000 0.5000 0.5000 0.5000 0.5000 2.5000 1.8973 4.6425 
8.0000 26.0000 1.0000 -2.0000 0.0000 3.3000 8 -1.0000 1.0000 3.1600 4.0000 -4.0000 -8.0000 0.0000 -12.0000 8.0000 0.4478 0.3103 0.7238 0.4275 0.5836 2.4930 1.9051 4.6521 
8.0000 5.0000 1.0000 -4.0000 1.0000 3.3000 2 1.0000 0.0000 1.4270 6.0000 -2.0000 -14.0000 2.0000 -10.0000 -6.0000 0.5000 0.5000 0.5000 0.5000 0.5000 2.5000 1.9331 4.6759 
8.0000 10.0000 1.0000 -4.0000 0.0000 -3.3000 2 1.0000 1.0000 2.6270 6.0000 -6.0000 -10.0000 -2.0000 -14.0000 2.0000 0.6213 0.4091 0.7304 0.3909 0.3456 2.4973 1.8369 4.5898 
8.0000 19.0000 1.0000 -2.0000 1.0000 3.3000 8 -1.0000 1.0000 3.8010 -12.0000 0.0000 4.0000 -4.0000 8.0000 -8.0000 0.5000 0.5000 0.5000 0.5000 0.5000 2.5000 1.7606 4.5092 
8.0000 57.0000 1.0000 4.0000 1.0000 -9.9000 2 1.0000 1.0000 1.2260 10.0000 2.0000 -6.0000 6.0000 -2.0000 14.0000 0.5000 0.5000 0.5000 0.5000 0.5000 2.5000 1.9085 4.6592 
8.0000 63.0000 1.0000 4.0000 1.0000 9.9000 8 -1.0000 1.0000 1.5500 -6.0000 6.0000 14.0000 2.0000 10.0000 -2.0000 0.5000 0.5000 0.5000 0.5000 0.5000 2.5000 1.9764 4.7260 
8.0000 4.0000 1.0000 -4.0000 1.0000 0.0000 2 1.0000 0.0000 1.4870 2.0000 -6.0000 -14.0000 -2.0000 -10.0000 6.0000 0.5000 0.5000 0.5000 0.5000 0.5000 2.5000 1.9811 4.7259 
8.0000 64.0000 1.0000 4.0000 0.0000 -9.9000 2 1.0000 1.0000 1.6850 -2.0000 6.0000 14.0000 2.0000 10.0000 -6.0000 0.3187 0.5530 0.6783 0.6155 0.3304 2.4958 1.8757 4.6218 
8.0000 39.0000 1.0000 0.0000 0.0000 0.0000 8 -1.0000 0.0000 1.5000 -6.0000 6.0000 10.0000 -10.0000 2.0000 -2.0000 0.3163 0.6061 0.5456 0.3547 0.6741 2.4969 1.8356 4.5727 
8.0000 45.0000 1.0000 2.0000 1.0000 -3.3000 2 1.0000 1.0000 1.0480 4.0000 -4.0000 -8.0000 12.0000 0.0000 8.0000 0.5000 0.5000 0.5000 0.5000 0.5000 2.5000 1.7922 4.5426 
8.0000 21.0000 1.0000 -2.0000 1.0000 9.9000 8 -1.0000 1.0000 1.0270 4.0000 -4.0000 -12.0000 0.0000 -8.0000 8.0000 0.5000 0.5000 0.5000 0.5000 0.5000 2.5000 1.7593 4.5091 
8.0000 17.0000 1.0000 -2.0000 1.0000 -3.3000 2 1.0000 1.0000 2.0280 -12.0000 0.0000 4.0000 -4.0000 8.0000 -8.0000 0.5000 0.5000 0.5000 0.5000 0.5000 2.5000 1.9027 4.6593 
8.0000 29.0000 1.0000 0.0000 1.0000 -9.9000 2 1.0000 1.0000 2.1820 10.0000 2.0000 -6.0000 6.0000 -10.0000 -2.0000 0.5000 0.5000 0.5000 0.5000 0.5000 2.5000 1.8560 4.6092 
8.0000 51.0000 1.0000 2.0000 0.0000 -6.6000 2 1.0000 1.0000 1.2970 12.0000 0.0000 -8.0000 4.0000 -4.0000 8.0000 0.5764 0.5356 0.5871 0.4561 0.3536 2.5088 1.9828 4.7514 
8.0000 52.0000 1.0000 2.0000 0.0000 -3.3000 2 1.0000 1.0000 2.4080 8.0000 0.0000 -4.0000 4.0000 -8.0000 12.0000 0.6110 0.4722 0.4338 0.4662 0.5233 2.5066 1.8650 4.6159 
8.0000 61.0000 1.0000 4.0000 1.0000 3.3000 NR 0.0000 0.0000 0.0000 6.0000 -2.0000 -6.0000 14.0000 2.0000 10.0000 0.5000 0.5000 0.5000 0.5000 0.5000 2.5000 1.8757 4.6259 
8.0000 27.0000 1.0000 -2.0000 0.0000 6.6000 8 -1.0000 1.0000 1.3660 -8.0000 4.0000 8.0000 -12.0000 0.0000 -4.0000 0.3911 0.4346 0.7382 0.5973 0.3348 2.4960 1.7841 4.5219 
8.0000 37.0000 1.0000 0.0000 0.0000 -6.6000 2 1.0000 1.0000 1.4480 -10.0000 2.0000 10.0000 -2.0000 6.0000 -6.0000 0.5230 0.7707 0.5345 0.3571 0.3189 2.5042 1.9397 4.6802 
8.0000 46.0000 1.0000 2.0000 1.0000 0.0000 2 1.0000 0.0000 1.3330 12.0000 4.0000 -8.0000 8.0000 -4.0000 0.0000 0.5000 0.5000 0.5000 0.5000 0.5000 2.5000 1.7600 4.5259 
8.0000 30.0000 1.0000 0.0000 1.0000 -6.6000 2 1.0000 1.0000 0.7980 10.0000 2.0000 -10.0000 6.0000 -6.0000 -2.0000 0.5000 0.5000 0.5000 0.5000 0.5000 2.5000 1.9784 4.7260 
8.0000 15.0000 1.0000 -2.0000 1.0000 -9.9000 2 1.0000 1.0000 1.3870 -12.0000 -4.0000 8.0000 -8.0000 4.0000 0.0000 0.5000 0.5000 0.5000 0.5000 0.5000 2.5000 1.9988 4.7592 
8.0000 11.0000 2.0000 -4.0000 0.0000 0.0000 2 1.0000 0.0000 1.9870 6.0000 -2.0000 -10.0000 2.0000 -14.0000 -6.0000 0.3401 0.4260 0.3826 0.7498 0.5938 2.4922 1.8522 4.5848 
8.0000 9.0000 2.0000 -4.0000 0.0000 -6.6000 2 1.0000 1.0000 1.1940 -10.0000 -2.0000 2.0000 -6.0000 6.0000 -14.0000 0.4342 0.5466 0.3195 0.4723 0.7189 2.4914 1.7503 4.5006 
8.0000 7.0000 2.0000 -4.0000 1.0000 9.9000 8 -1.0000 1.0000 1.3480 -14.0000 -6.0000 2.0000 -10.0000 6.0000 -2.0000 0.5000 0.5000 0.5000 0.5000 0.5000 2.5000 1.8982 4.6593 
8.0000 8.0000 2.0000 -4.0000 0.0000 -9.9000 2 1.0000 1.0000 1.1650 -14.0000 -2.0000 2.0000 -6.0000 6.0000 -10.0000 0.7825 0.6736 0.3252 0.4206 0.3064 2.5082 1.9040 4.6674 
8.0000 13.0000 2.0000 -4.0000 0.0000 6.6000 8 -1.0000 1.0000 1.1740 6.0000 -6.0000 -10.0000 -2.0000 -14.0000 2.0000 0.4033 0.5579 0.5287 0.6028 0.4154 2.5081 1.9416 4.7005 
8.0000 53.0000 2.0000 2.0000 0.0000 0.0000 8 -1.0000 0.0000 1.2770 12.0000 0.0000 -8.0000 4.0000 -4.0000 8.0000 0.4107 0.5590 0.6406 0.3032 0.5879 2.5012 1.7726 4.5271 
8.0000 63.0000 2.0000 4.0000 1.0000 9.9000 8 -1.0000 1.0000 1.1930 14.0000 2.0000 -2.0000 6.0000 -6.0000 10.0000 0.5000 0.5000 0.5000 0.5000 0.5000 2.5000 1.7857 4.5258 
8.0000 30.0000 2.0000 0.0000 1.0000 -6.6000 2 1.0000 1.0000 3.4710 -6.0000 6.0000 10.0000 -10.0000 2.0000 -2.0000 0.5000 0.5000 0.5000 0.5000 0.5000 2.5000 1.7927 4.5425 
8.0000 43.0000 2.0000 2.0000 1.0000 -9.9000 2 1.0000 1.0000 2.2180 -4.0000 8.0000 12.0000 -8.0000 4.0000 0.0000 0.5000 0.5000 0.5000 0.5000 0.5000 2.5000 1.9694 4.7091 
8.0000 32.0000 2.0000 0.0000 1.0000 0.0000 8 -1.0000 0.0000 2.8160 10.0000 2.0000 -6.0000 6.0000 -10.0000 -2.0000 0.5000 0.5000 0.5000 0.5000 0.5000 2.5000 1.9784 4.7425 
8.0000 20.0000 2.0000 -2.0000 1.0000 6.6000 8 -1.0000 1.0000 1.9470 -12.0000 0.0000 8.0000 -4.0000 4.0000 -8.0000 0.5000 0.5000 0.5000 0.5000 0.5000 2.5000 1.9646 4.7260 
8.0000 10.0000 2.0000 -4.0000 0.0000 -3.3000 2 1.0000 1.0000 3.8610 6.0000 -6.0000 -10.0000 -2.0000 -14.0000 2.0000 0.3696 0.6094 0.4300 0.3401 0.7454 2.4944 1.9181 4.6703 
8.0000 66.0000 2.0000 4.0000 0.0000 -3.3000 2 1.0000 1.0000 1.3300 14.0000 2.0000 -6.0000 6.0000 -2.0000 10.0000 0.4341 0.3234 0.4066 0.7363 0.5931 2.4936 1.9229 4.6694 
8.0000 21.0000 2.0000 -2.0000 1.0000 9.9000 8 -1.0000 1.0000 1.4340 -12.0000 -4.0000 4.0000 -8.0000 8.0000 0.0000 0.5000 0.5000 0.5000 0.5000 0.5000 2.5000 1.9527 4.7094 
8.0000 45.0000 2.0000 2.0000 1.0000 -3.3000 2 1.0000 1.0000 1.8400 -4.0000 8.0000 12.0000 -8.0000 4.0000 0.0000 0.5000 0.5000 0.5000 0.5000 0.5000 2.5000 1.9380 4.6926 
8.0000 23.0000 2.0000 -2.0000 0.0000 -6.6000 2 1.0000 1.0000 1.1260 -12.0000 0.0000 8.0000 -4.0000 4.0000 -8.0000 0.3641 0.6180 0.6597 0.5423 0.3063 2.4903 1.7879 4.5161 
8.0000 12.0000 2.0000 -4.0000 0.0000 3.3000 NR 0.0000 0.0000 0.0000 -14.0000 -6.0000 2.0000 -10.0000 6.0000 -2.0000 0.3022 0.6290 0.7557 0.3155 0.4927 2.4952 1.7690 4.5043 
8.0000 61.0000 2.0000 4.0000 1.0000 3.3000 8 -1.0000 1.0000 1.3220 -6.0000 6.0000 14.0000 2.0000 10.0000 -2.0000 0.5000 0.5000 0.5000 0.5000 0.5000 2.5000 1.8227 4.5757 
8.0000 17.0000 2.0000 -2.0000 1.0000 -3.3000 2 1.0000 1.0000 1.4960 -8.0000 4.0000 8.0000 -12.0000 0.0000 -4.0000 0.5000 0.5000 0.5000 0.5000 0.5000 2.5000 1.9094 4.6592 
8.0000 34.0000 2.0000 0.0000 1.0000 6.6000 8 -1.0000 1.0000 1.8590 -6.0000 2.0000 10.0000 -2.0000 6.0000 -10.0000 0.5000 0.5000 0.5000 0.5000 0.5000 2.5000 1.9257 4.6758 
8.0000 47.0000 2.0000 2.0000 1.0000 3.3000 8 -1.0000 1.0000 1.4990 0.0000 8.0000 12.0000 -8.0000 4.0000 -4.0000 0.5000 0.5000 0.5000 0.5000 0.5000 2.5000 1.8220 4.5759 
8.0000 28.0000 2.0000 -2.0000 0.0000 9.9000 8 -1.0000 1.0000 0.9340 -4.0000 4.0000 8.0000 -12.0000 0.0000 -8.0000 0.4438 0.3426 0.4098 0.7160 0.5818 2.4939 1.7964 4.5365 
8.0000 49.0000 2.0000 2.0000 1.0000 9.9000 8 -1.0000 1.0000 2.0880 -4.0000 4.0000 12.0000 0.0000 8.0000 -8.0000 0.5000 0.5000 0.5000 0.5000 0.5000 2.5000 1.9826 4.7261 
8.0000 15.0000 2.0000 -2.0000 1.0000 -9.9000 2 1.0000 1.0000 1.2730 -4.0000 4.0000 8.0000 -12.0000 0.0000 -8.0000 0.5000 0.5000 0.5000 0.5000 0.5000 2.5000 1.7754 4.5258 
8.0000 27.0000 2.0000 -2.0000 0.0000 6.6000 8 -1.0000 1.0000 1.6160 -4.0000 4.0000 8.0000 -12.0000 0.0000 -8.0000 0.4727 0.4324 0.3377 0.5363 0.7226 2.5018 1.8961 4.6442 
8.0000 22.0000 2.0000 -2.0000 0.0000 -9.9000 2 1.0000 1.0000 1.3740 4.0000 -4.0000 -12.0000 0.0000 -8.0000 8.0000 0.3183 0.3689 0.6090 0.4748 0.7341 2.5051 1.9024 4.6642 
8.0000 65.0000 2.0000 4.0000 0.0000 -6.6000 2 1.0000 1.0000 2.3970 14.0000 2.0000 -6.0000 6.0000 -2.0000 10.0000 0.4478 0.3829 0.7144 0.5674 0.3774 2.4900 1.8210 4.5658 
8.0000 33.0000 2.0000 0.0000 1.0000 3.3000 NR 0.0000 0.0000 0.0000 -6.0000 2.0000 6.0000 -2.0000 10.0000 -10.0000 0.5000 0.5000 0.5000 0.5000 0.5000 2.5000 1.8393 4.5926 
8.0000 62.0000 2.0000 4.0000 1.0000 6.6000 8 -1.0000 1.0000 1.2250 10.0000 2.0000 -6.0000 6.0000 -2.0000 14.0000 0.5000 0.5000 0.5000 0.5000 0.5000 2.5000 1.8191 4.5760 
8.0000 64.0000 2.0000 4.0000 0.0000 -9.9000 2 1.0000 1.0000 1.6830 6.0000 -2.0000 -6.0000 14.0000 2.0000 10.0000 0.4760 0.5221 0.4880 0.6883 0.3170 2.4914 1.8699 4.6174 
8.0000 31.0000 2.0000 0.0000 1.0000 -3.3000 2 1.0000 1.0000 3.8060 10.0000 2.0000 -6.0000 6.0000 -10.0000 -2.0000 0.5000 0.5000 0.5000 0.5000 0.5000 2.5000 1.7578 4.5092 
8.0000 70.0000 2.0000 4.0000 0.0000 9.9000 8 -1.0000 1.0000 1.7920 10.0000 2.0000 -6.0000 6.0000 -2.0000 14.0000 0.3001 0.6650 0.4003 0.6570 0.4828 2.5052 1.8994 4.6477 
8.0000 48.0000 2.0000 2.0000 1.0000 6.6000 8 -1.0000 1.0000 1.0620 12.0000 4.0000 -8.0000 8.0000 -4.0000 0.0000 0.5000 0.5000 0.5000 0.5000 0.5000 2.5000 1.7605 4.5259 
8.0000 16.0000 2.0000 -2.0000 1.0000 -6.6000 2 1.0000 1.0000 1.6170 -4.0000 4.0000 8.0000 -12.0000 0.0000 -8.0000 0.5000 0.5000 0.5000 0.5000 0.5000 2.5000 1.8069 4.5592 
8.0000 36.0000 2.0000 0.0000 0.0000 -9.9000 2 1.0000 1.0000 3.0830 6.0000 -6.0000 -10.0000 10.0000 -2.0000 2.0000 0.5018 0.7800 0.4397 0.3387 0.4421 2.5022 1.8433 4.5947 
8.0000 37.0000 2.0000 0.0000 0.0000 -6.6000 2 1.0000 1.0000 1.1500 -6.0000 2.0000 6.0000 -2.0000 10.0000 -10.0000 0.6065 0.6569 0.3664 0.5711 0.3029 2.5039 1.9757 4.7299 
8.0000 5.0000 2.0000 -4.0000 1.0000 3.3000 8 -1.0000 1.0000 4.3240 -6.0000 2.0000 6.0000 -14.0000 -2.0000 -10.0000 0.5000 0.5000 0.5000 0.5000 0.5000 2.5000 1.9899 4.7426 
8.0000 57.0000 2.0000 4.0000 1.0000 -9.9000 2 1.0000 1.0000 1.6780 6.0000 -2.0000 -6.0000 14.0000 2.0000 10.0000 0.5000 0.5000 0.5000 0.5000 0.5000 2.5000 1.9366 4.6926 
8.0000 51.0000 2.0000 2.0000 0.0000 -6.6000 2 1.0000 1.0000 1.5780 -8.0000 4.0000 12.0000 0.0000 8.0000 -4.0000 0.5231 0.7149 0.5504 0.4014 0.3123 2.5020 1.7527 4.4945 
8.0000 59.0000 2.0000 4.0000 1.0000 -3.3000 2 1.0000 1.0000 4.6080 14.0000 6.0000 -2.0000 10.0000 -6.0000 2.0000 0.5000 0.5000 0.5000 0.5000 0.5000 2.5000 1.8450 4.5925 
8.0000 26.0000 2.0000 -2.0000 0.0000 3.3000 8 -1.0000 1.0000 1.7080 4.0000 -8.0000 -12.0000 8.0000 -4.0000 0.0000 0.4218 0.6236 0.4125 0.4845 0.5506 2.4929 1.9260 4.6690 
8.0000 58.0000 2.0000 4.0000 1.0000 -6.6000 2 1.0000 1.0000 1.1160 14.0000 6.0000 -6.0000 10.0000 -2.0000 2.0000 0.5000 0.5000 0.5000 0.5000 0.5000 2.5000 1.8188 4.5759 
8.0000 1.0000 2.0000 -4.0000 1.0000 -9.9000 2 1.0000 1.0000 1.4610 6.0000 -6.0000 -14.0000 -2.0000 -10.0000 2.0000 0.5000 0.5000 0.5000 0.5000 0.5000 2.5000 1.8126 4.5593 
8.0000 35.0000 2.0000 0.0000 1.0000 9.9000 8 -1.0000 1.0000 1.3490 6.0000 -6.0000 -10.0000 10.0000 -2.0000 2.0000 0.5000 0.5000 0.5000 0.5000 0.5000 2.5000 1.8400 4.5925 
8.0000 40.0000 2.0000 0.0000 0.0000 3.3000 8 -1.0000 1.0000 2.6240 -10.0000 -2.0000 6.0000 -6.0000 10.0000 2.0000 0.4798 0.3668 0.5254 0.4162 0.7021 2.4903 1.9055 4.6496 
8.0000 56.0000 2.0000 2.0000 0.0000 9.9000 8 -1.0000 1.0000 1.1120 8.0000 0.0000 -4.0000 4.0000 -8.0000 12.0000 0.4969 0.5836 0.5229 0.3718 0.5283 2.5036 1.9167 4.6629 
8.0000 41.0000 2.0000 0.0000 0.0000 6.6000 8 -1.0000 1.0000 1.6640 10.0000 2.0000 -10.0000 6.0000 -6.0000 -2.0000 0.6432 0.4947 0.5553 0.4550 0.3557 2.5039 1.8331 4.5798 
8.0000 68.0000 2.0000 4.0000 0.0000 3.3000 8 -1.0000 1.0000 1.3090 -2.0000 10.0000 14.0000 -6.0000 6.0000 2.0000 0.3158 0.3594 0.7159 0.6165 0.4920 2.4996 1.8002 4.5421 
8.0000 69.0000 2.0000 4.0000 0.0000 6.6000 8 -1.0000 1.0000 2.0400 -2.0000 6.0000 10.0000 2.0000 14.0000 -6.0000 0.4477 0.6121 0.5540 0.5859 0.3032 2.5029 1.8781 4.6454 
8.0000 2.0000 2.0000 -4.0000 1.0000 -6.6000 2 1.0000 1.0000 1.1180 -10.0000 -2.0000 6.0000 -6.0000 2.0000 -14.0000 0.5000 0.5000 0.5000 0.5000 0.5000 2.5000 1.9584 4.7092 
8.0000 42.0000 2.0000 0.0000 0.0000 9.9000 8 -1.0000 1.0000 1.2290 -10.0000 -2.0000 10.0000 -6.0000 6.0000 2.0000 0.5765 0.6435 0.3554 0.5815 0.3343 2.4912 1.8250 4.5671 
8.0000 19.0000 2.0000 -2.0000 1.0000 3.3000 8 -1.0000 1.0000 2.4720 -4.0000 4.0000 8.0000 -12.0000 0.0000 -8.0000 0.5000 0.5000 0.5000 0.5000 0.5000 2.5000 1.8716 4.6258 
8.0000 39.0000 2.0000 0.0000 0.0000 0.0000 NR 0.0000 0.0000 0.0000 -10.0000 -2.0000 10.0000 -6.0000 6.0000 2.0000 0.3595 0.5144 0.6890 0.5210 0.4106 2.4944 1.9672 4.7038 
8.0000 52.0000 2.0000 2.0000 0.0000 -3.3000 2 1.0000 1.0000 1.0820 8.0000 0.0000 -4.0000 4.0000 -8.0000 12.0000 0.7670 0.4091 0.5099 0.3442 0.4609 2.4910 1.8894 4.6336 
8.0000 24.0000 2.0000 -2.0000 0.0000 -3.3000 2 1.0000 1.0000 1.0660 -8.0000 0.0000 4.0000 -4.0000 8.0000 -12.0000 0.3652 0.4989 0.3032 0.7976 0.5312 2.4961 1.8607 4.6053 
8.0000 46.0000 2.0000 2.0000 1.0000 0.0000 8 -1.0000 0.0000 4.0150 8.0000 0.0000 -8.0000 4.0000 -4.0000 12.0000 0.5000 0.5000 0.5000 0.5000 0.5000 2.5000 1.9703 4.7094 
8.0000 25.0000 2.0000 -2.0000 0.0000 0.0000 2 1.0000 0.0000 2.7500 -12.0000 -4.0000 4.0000 -8.0000 8.0000 0.0000 0.4951 0.3748 0.4367 0.5734 0.6197 2.4997 1.9016 4.6589 
8.0000 14.0000 2.0000 -4.0000 0.0000 9.9000 8 -1.0000 1.0000 1.1620 6.0000 -2.0000 -14.0000 2.0000 -10.0000 -6.0000 0.6305 0.4866 0.3860 0.5303 0.4758 2.5092 1.8765 4.6350 
8.0000 18.0000 2.0000 -2.0000 1.0000 0.0000 2 1.0000 0.0000 1.2160 -12.0000 0.0000 4.0000 -4.0000 8.0000 -8.0000 0.5000 0.5000 0.5000 0.5000 0.5000 2.5000 1.9900 4.7426 
8.0000 4.0000 2.0000 -4.0000 1.0000 0.0000 2 1.0000 0.0000 1.0530 -2.0000 -10.0000 -14.0000 6.0000 -6.0000 2.0000 0.5000 0.5000 0.5000 0.5000 0.5000 2.5000 1.9905 4.7426 
8.0000 3.0000 2.0000 -4.0000 1.0000 -3.3000 2 1.0000 1.0000 0.9520 -2.0000 -10.0000 -14.0000 6.0000 -6.0000 2.0000 0.5000 0.5000 0.5000 0.5000 0.5000 2.5000 1.8020 4.5593 
8.0000 50.0000 2.0000 2.0000 0.0000 -9.9000 2 1.0000 1.0000 1.0730 -4.0000 4.0000 12.0000 0.0000 8.0000 -8.0000 0.3242 0.6022 0.4814 0.5190 0.5762 2.5029 1.9336 4.6786 
8.0000 55.0000 2.0000 2.0000 0.0000 6.6000 8 -1.0000 1.0000 2.0640 12.0000 0.0000 -8.0000 4.0000 -4.0000 8.0000 0.4243 0.7217 0.5213 0.4360 0.3868 2.4901 1.9218 4.6661 
8.0000 54.0000 2.0000 2.0000 0.0000 3.3000 8 -1.0000 1.0000 2.0800 -4.0000 8.0000 12.0000 -8.0000 4.0000 0.0000 0.5308 0.4559 0.5490 0.4527 0.5151 2.5035 1.8712 4.6127 
8.0000 44.0000 2.0000 2.0000 1.0000 -6.6000 2 1.0000 1.0000 2.6810 -8.0000 4.0000 12.0000 0.0000 8.0000 -4.0000 0.5000 0.5000 0.5000 0.5000 0.5000 2.5000 1.8308 4.5926 
8.0000 6.0000 2.0000 -4.0000 1.0000 6.6000 8 -1.0000 1.0000 2.1660 -2.0000 -10.0000 -14.0000 6.0000 -6.0000 2.0000 0.5000 0.5000 0.5000 0.5000 0.5000 2.5000 1.9441 4.6925 
8.0000 60.0000 2.0000 4.0000 1.0000 0.0000 8 -1.0000 0.0000 1.8220 -2.0000 6.0000 10.0000 2.0000 14.0000 -6.0000 0.5000 0.5000 0.5000 0.5000 0.5000 2.5000 1.9542 4.7093 
8.0000 38.0000 2.0000 0.0000 0.0000 -3.3000 2 1.0000 1.0000 3.5190 6.0000 -2.0000 -10.0000 2.0000 -6.0000 10.0000 0.5023 0.4139 0.7050 0.5502 0.3367 2.5081 1.8171 4.5841 
8.0000 67.0000 2.0000 4.0000 0.0000 0.0000 NR 0.0000 0.0000 0.0000 14.0000 6.0000 -2.0000 10.0000 -6.0000 2.0000 0.3505 0.4048 0.7194 0.4891 0.5405 2.5044 1.8051 4.5635 
8.0000 29.0000 2.0000 0.0000 1.0000 -9.9000 2 1.0000 1.0000 1.4990 -10.0000 -2.0000 6.0000 -6.0000 10.0000 2.0000 0.5000 0.5000 0.5000 0.5000 0.5000 2.5000 1.9505 4.6925 
8.0000 32.0000 3.0000 0.0000 1.0000 0.0000 8 -1.0000 0.0000 1.4850 -6.0000 6.0000 10.0000 -10.0000 2.0000 -2.0000 0.5000 0.5000 0.5000 0.5000 0.5000 2.5000 1.9075 4.6593 
8.0000 67.0000 3.0000 4.0000 0.0000 0.0000 8 -1.0000 0.0000 4.4000 10.0000 2.0000 -6.0000 6.0000 -2.0000 14.0000 0.5402 0.4546 0.6327 0.5544 0.3238 2.5056 1.7832 4.5482 
8.0000 13.0000 3.0000 -4.0000 0.0000 6.6000 8 -1.0000 1.0000 1.2120 -14.0000 -2.0000 2.0000 -6.0000 6.0000 -10.0000 0.3774 0.7279 0.3292 0.5123 0.5558 2.5025 1.9579 4.7119 
8.0000 61.0000 3.0000 4.0000 1.0000 3.3000 8 -1.0000 1.0000 0.8830 2.0000 10.0000 14.0000 -6.0000 6.0000 -2.0000 0.5000 0.5000 0.5000 0.5000 0.5000 2.5000 1.9831 4.7260 
8.0000 10.0000 3.0000 -4.0000 0.0000 -3.3000 2 1.0000 1.0000 1.1770 2.0000 -6.0000 -10.0000 -2.0000 -14.0000 6.0000 0.7721 0.3181 0.4335 0.3987 0.5776 2.5000 1.8729 4.6258 
8.0000 46.0000 3.0000 2.0000 1.0000 0.0000 2 1.0000 0.0000 2.4960 -4.0000 8.0000 12.0000 -8.0000 4.0000 0.0000 0.5000 0.5000 0.5000 0.5000 0.5000 2.5000 1.9843 4.7259 
8.0000 44.0000 3.0000 2.0000 1.0000 -6.6000 2 1.0000 1.0000 1.9610 -8.0000 0.0000 12.0000 -4.0000 8.0000 4.0000 0.5000 0.5000 0.5000 0.5000 0.5000 2.5000 1.9885 4.7425 
8.0000 47.0000 3.0000 2.0000 1.0000 3.3000 8 -1.0000 1.0000 3.8500 12.0000 0.0000 -8.0000 4.0000 -4.0000 8.0000 0.5000 0.5000 0.5000 0.5000 0.5000 2.5000 1.7732 4.5259 
8.0000 2.0000 3.0000 -4.0000 1.0000 -6.6000 2 1.0000 1.0000 0.5380 2.0000 -10.0000 -14.0000 6.0000 -6.0000 -2.0000 0.5000 0.5000 0.5000 0.5000 0.5000 2.5000 1.9832 4.7425 
8.0000 39.0000 3.0000 0.0000 0.0000 0.0000 8 -1.0000 0.0000 1.4080 -6.0000 6.0000 10.0000 -10.0000 2.0000 -2.0000 0.5164 0.3736 0.3399 0.7484 0.5141 2.4925 1.8586 4.6018 
8.0000 1.0000 3.0000 -4.0000 1.0000 -9.9000 2 1.0000 1.0000 1.0840 -6.0000 2.0000 6.0000 -14.0000 -2.0000 -10.0000 0.5000 0.5000 0.5000 0.5000 0.5000 2.5000 1.8471 4.5925 
8.0000 34.0000 3.0000 0.0000 1.0000 6.6000 8 -1.0000 1.0000 1.0300 10.0000 -2.0000 -6.0000 2.0000 -10.0000 6.0000 0.5000 0.5000 0.5000 0.5000 0.5000 2.5000 1.8054 4.5591 
8.0000 21.0000 3.0000 -2.0000 1.0000 9.9000 8 -1.0000 1.0000 1.0230 0.0000 -8.0000 -12.0000 8.0000 -4.0000 4.0000 0.5000 0.5000 0.5000 0.5000 0.5000 2.5000 1.8887 4.6425 
8.0000 49.0000 3.0000 2.0000 1.0000 9.9000 8 -1.0000 1.0000 0.7100 12.0000 4.0000 -4.0000 8.0000 -8.0000 0.0000 0.5000 0.5000 0.5000 0.5000 0.5000 2.5000 1.9096 4.6593 
8.0000 4.0000 3.0000 -4.0000 1.0000 0.0000 2 1.0000 0.0000 2.7960 -2.0000 -10.0000 -14.0000 6.0000 -6.0000 2.0000 0.5000 0.5000 0.5000 0.5000 0.5000 2.5000 1.9031 4.6426 
8.0000 7.0000 3.0000 -4.0000 1.0000 9.9000 8 -1.0000 1.0000 2.8710 -14.0000 -6.0000 2.0000 -10.0000 6.0000 -2.0000 0.5000 0.5000 0.5000 0.5000 0.5000 2.5000 1.8175 4.5759 
8.0000 52.0000 3.0000 2.0000 0.0000 -3.3000 2 1.0000 1.0000 1.4730 12.0000 4.0000 -8.0000 8.0000 -4.0000 0.0000 0.5090 0.4773 0.3555 0.3993 0.7560 2.4971 1.7781 4.5230 
8.0000 18.0000 3.0000 -2.0000 1.0000 0.0000 2 1.0000 0.0000 4.1200 4.0000 -4.0000 -8.0000 0.0000 -12.0000 8.0000 0.5000 0.5000 0.5000 0.5000 0.5000 2.5000 1.8841 4.6427 
8.0000 41.0000 3.0000 0.0000 0.0000 6.6000 8 -1.0000 1.0000 1.5820 2.0000 -6.0000 -10.0000 10.0000 -2.0000 6.0000 0.5743 0.6548 0.4667 0.3502 0.4606 2.5065 1.8202 4.5823 
8.0000 28.0000 3.0000 -2.0000 0.0000 9.9000 8 -1.0000 1.0000 1.2220 -8.0000 0.0000 8.0000 -4.0000 4.0000 -12.0000 0.3251 0.4939 0.7643 0.3478 0.5719 2.5030 1.9452 4.6954 
8.0000 14.0000 3.0000 -4.0000 0.0000 9.9000 8 -1.0000 1.0000 2.1380 2.0000 -6.0000 -14.0000 -2.0000 -10.0000 6.0000 0.3278 0.6863 0.4428 0.5397 0.5035 2.5001 1.8869 4.6261 
8.0000 23.0000 3.0000 -2.0000 0.0000 -6.6000 2 1.0000 1.0000 1.1830 8.0000 0.0000 -12.0000 4.0000 -8.0000 -4.0000 0.5091 0.6332 0.3472 0.6448 0.3596 2.4939 1.8427 4.5863 
8.0000 51.0000 3.0000 2.0000 0.0000 -6.6000 2 1.0000 1.0000 1.6610 -8.0000 0.0000 12.0000 -4.0000 8.0000 4.0000 0.7369 0.4410 0.3421 0.6033 0.3716 2.4949 1.9818 4.7376 
8.0000 53.0000 3.0000 2.0000 0.0000 0.0000 2 1.0000 0.0000 1.0180 8.0000 0.0000 -8.0000 4.0000 -4.0000 12.0000 0.5238 0.5602 0.4616 0.6361 0.3159 2.4977 1.7574 4.5069 
8.0000 29.0000 3.0000 0.0000 1.0000 -9.9000 2 1.0000 1.0000 1.1130 2.0000 -6.0000 -10.0000 10.0000 -2.0000 6.0000 0.5000 0.5000 0.5000 0.5000 0.5000 2.5000 1.7609 4.5091 
8.0000 56.0000 3.0000 2.0000 0.0000 9.9000 8 -1.0000 1.0000 1.1930 -8.0000 4.0000 8.0000 0.0000 12.0000 -4.0000 0.3161 0.4862 0.5768 0.3284 0.7936 2.5012 1.9939 4.7438 
8.0000 16.0000 3.0000 -2.0000 1.0000 -6.6000 2 1.0000 1.0000 1.2540 0.0000 -8.0000 -12.0000 8.0000 -4.0000 4.0000 0.5000 0.5000 0.5000 0.5000 0.5000 2.5000 1.8270 4.5757 
8.0000 30.0000 3.0000 0.0000 1.0000 -6.6000 2 1.0000 1.0000 2.7640 2.0000 -6.0000 -10.0000 10.0000 -2.0000 6.0000 0.5000 0.5000 0.5000 0.5000 0.5000 2.5000 1.9447 4.6927 
8.0000 24.0000 3.0000 -2.0000 0.0000 -3.3000 2 1.0000 1.0000 1.3840 8.0000 -4.0000 -8.0000 0.0000 -12.0000 4.0000 0.3628 0.3268 0.7434 0.5494 0.5110 2.4935 1.8768 4.6194 
8.0000 36.0000 3.0000 0.0000 0.0000 -9.9000 2 1.0000 1.0000 0.7870 -10.0000 -2.0000 6.0000 -6.0000 10.0000 2.0000 0.6065 0.5305 0.3585 0.5814 0.4303 2.5071 1.8659 4.6163 
8.0000 15.0000 3.0000 -2.0000 1.0000 -9.9000 2 1.0000 1.0000 0.9260 -8.0000 0.0000 4.0000 -4.0000 8.0000 -12.0000 0.5000 0.5000 0.5000 0.5000 0.5000 2.5000 1.8531 4.5926 
8.0000 65.0000 3.0000 4.0000 0.0000 -6.6000 2 1.0000 1.0000 0.7600 14.0000 2.0000 -2.0000 6.0000 -6.0000 10.0000 0.3244 0.6551 0.6801 0.3907 0.4536 2.5039 1.7854 4.5464 
8.0000 25.0000 3.0000 -2.0000 0.0000 0.0000 2 1.0000 0.0000 0.6450 8.0000 0.0000 -12.0000 4.0000 -8.0000 -4.0000 0.3791 0.4234 0.3672 0.7581 0.5662 2.4940 1.8263 4.5699 
8.0000 42.0000 3.0000 0.0000 0.0000 9.9000 8 -1.0000 1.0000 1.4720 -6.0000 2.0000 10.0000 -2.0000 6.0000 -10.0000 0.3676 0.7984 0.4288 0.3591 0.5432 2.4970 1.9873 4.7396 
8.0000 63.0000 3.0000 4.0000 1.0000 9.9000 8 -1.0000 1.0000 0.9620 14.0000 2.0000 -6.0000 6.0000 -2.0000 10.0000 0.5000 0.5000 0.5000 0.5000 0.5000 2.5000 1.9937 4.7427 
8.0000 45.0000 3.0000 2.0000 1.0000 -3.3000 2 1.0000 1.0000 0.8800 8.0000 -4.0000 -8.0000 12.0000 0.0000 4.0000 0.5000 0.5000 0.5000 0.5000 0.5000 2.5000 1.8282 4.5759 
8.0000 20.0000 3.0000 -2.0000 1.0000 6.6000 8 -1.0000 1.0000 1.3740 8.0000 -4.0000 -8.0000 0.0000 -12.0000 4.0000 0.5000 0.5000 0.5000 0.5000 0.5000 2.5000 1.7517 4.4924 
8.0000 31.0000 3.0000 0.0000 1.0000 -3.3000 2 1.0000 1.0000 2.4710 6.0000 -6.0000 -10.0000 10.0000 -2.0000 2.0000 0.5000 0.5000 0.5000 0.5000 0.5000 2.5000 1.7513 4.4925 
8.0000 19.0000 3.0000 -2.0000 1.0000 3.3000 8 -1.0000 1.0000 2.7140 -8.0000 0.0000 8.0000 -4.0000 4.0000 -12.0000 0.5000 0.5000 0.5000 0.5000 0.5000 2.5000 1.9626 4.7091 
8.0000 69.0000 3.0000 4.0000 0.0000 6.6000 8 -1.0000 1.0000 2.1630 -2.0000 6.0000 10.0000 2.0000 14.0000 -6.0000 0.6112 0.3679 0.7780 0.4426 0.3017 2.5014 1.9533 4.6938 
8.0000 6.0000 3.0000 -4.0000 1.0000 6.6000 8 -1.0000 1.0000 3.8020 -10.0000 -2.0000 6.0000 -6.0000 2.0000 -14.0000 0.5000 0.5000 0.5000 0.5000 0.5000 2.5000 1.9889 4.7425 
8.0000 59.0000 3.0000 4.0000 1.0000 -3.3000 2 1.0000 1.0000 2.6300 10.0000 2.0000 -2.0000 6.0000 -6.0000 14.0000 0.5000 0.5000 0.5000 0.5000 0.5000 2.5000 1.8271 4.5759 
8.0000 27.0000 3.0000 -2.0000 0.0000 6.6000 8 -1.0000 1.0000 1.4500 -12.0000 -4.0000 4.0000 -8.0000 8.0000 0.0000 0.3991 0.5934 0.7199 0.4386 0.3544 2.5054 1.7501 4.5145 
8.0000 62.0000 3.0000 4.0000 1.0000 6.6000 8 -1.0000 1.0000 0.8220 2.0000 10.0000 14.0000 -6.0000 6.0000 -2.0000 0.5000 0.5000 0.5000 0.5000 0.5000 2.5000 1.9668 4.7093 
8.0000 17.0000 3.0000 -2.0000 1.0000 -3.3000 2 1.0000 1.0000 1.1130 8.0000 0.0000 -12.0000 4.0000 -8.0000 -4.0000 0.5000 0.5000 0.5000 0.5000 0.5000 2.5000 1.8666 4.6091 
8.0000 33.0000 3.0000 0.0000 1.0000 3.3000 2 1.0000 0.0000 3.3970 2.0000 -6.0000 -10.0000 10.0000 -2.0000 6.0000 0.5000 0.5000 0.5000 0.5000 0.5000 2.5000 1.9464 4.6925 
8.0000 37.0000 3.0000 0.0000 0.0000 -6.6000 2 1.0000 1.0000 0.6780 6.0000 -2.0000 -10.0000 2.0000 -6.0000 10.0000 0.4138 0.4903 0.3277 0.4910 0.7732 2.4960 1.9347 4.6720 
8.0000 8.0000 3.0000 -4.0000 0.0000 -9.9000 2 1.0000 1.0000 0.6650 6.0000 -6.0000 -14.0000 -2.0000 -10.0000 2.0000 0.5055 0.4561 0.5400 0.5688 0.4235 2.4939 1.7532 4.4864 
8.0000 68.0000 3.0000 4.0000 0.0000 3.3000 8 -1.0000 1.0000 0.8850 14.0000 2.0000 -6.0000 6.0000 -2.0000 10.0000 0.6877 0.4582 0.6647 0.3324 0.3655 2.5085 1.9837 4.7511 
8.0000 12.0000 3.0000 -4.0000 0.0000 3.3000 2 1.0000 0.0000 2.5800 -14.0000 -6.0000 2.0000 -10.0000 6.0000 -2.0000 0.3845 0.7056 0.6203 0.4183 0.3615 2.4902 1.8453 4.5994 
8.0000 38.0000 3.0000 0.0000 0.0000 -3.3000 2 1.0000 1.0000 0.9840 -10.0000 2.0000 10.0000 -2.0000 6.0000 -6.0000 0.3123 0.5702 0.3637 0.5601 0.6895 2.4958 1.8336 4.5883 
8.0000 5.0000 3.0000 -4.0000 1.0000 3.3000 2 1.0000 0.0000 1.7450 -14.0000 -2.0000 6.0000 -6.0000 2.0000 -10.0000 0.5000 0.5000 0.5000 0.5000 0.5000 2.5000 1.9029 4.6592 
8.0000 3.0000 3.0000 -4.0000 1.0000 -3.3000 2 1.0000 1.0000 0.6610 -14.0000 -6.0000 6.0000 -10.0000 2.0000 -2.0000 0.5000 0.5000 0.5000 0.5000 0.5000 2.5000 1.9064 4.6592 
8.0000 26.0000 3.0000 -2.0000 0.0000 3.3000 8 -1.0000 1.0000 4.6720 -4.0000 4.0000 8.0000 -12.0000 0.0000 -8.0000 0.7071 0.3368 0.5030 0.3727 0.5849 2.5046 1.9703 4.7305 
8.0000 60.0000 3.0000 4.0000 1.0000 0.0000 8 -1.0000 0.0000 0.8650 14.0000 6.0000 -6.0000 10.0000 -2.0000 2.0000 0.5000 0.5000 0.5000 0.5000 0.5000 2.5000 1.8326 4.5758 
8.0000 57.0000 3.0000 4.0000 1.0000 -9.9000 2 1.0000 1.0000 1.7140 10.0000 -2.0000 -6.0000 14.0000 2.0000 6.0000 0.5000 0.5000 0.5000 0.5000 0.5000 2.5000 1.9927 4.7427 
8.0000 9.0000 3.0000 -4.0000 0.0000 -6.6000 2 1.0000 1.0000 1.3160 2.0000 -10.0000 -14.0000 6.0000 -6.0000 -2.0000 0.3621 0.5870 0.3117 0.7687 0.4682 2.4978 1.9758 4.7238 
8.0000 70.0000 3.0000 4.0000 0.0000 9.9000 8 -1.0000 1.0000 1.4360 2.0000 10.0000 14.0000 -6.0000 6.0000 -2.0000 0.3486 0.3849 0.6890 0.5876 0.4984 2.5084 1.9887 4.7511 
8.0000 50.0000 3.0000 2.0000 0.0000 -9.9000 2 1.0000 1.0000 1.9930 -8.0000 4.0000 12.0000 0.0000 8.0000 -4.0000 0.4556 0.6568 0.5808 0.3884 0.4259 2.5075 1.7927 4.5501 
8.0000 43.0000 3.0000 2.0000 1.0000 -9.9000 2 1.0000 1.0000 0.8170 12.0000 0.0000 -8.0000 4.0000 -4.0000 8.0000 0.5000 0.5000 0.5000 0.5000 0.5000 2.5000 1.9185 4.6758 
8.0000 66.0000 3.0000 4.0000 0.0000 -3.3000 2 1.0000 1.0000 1.2780 10.0000 -2.0000 -6.0000 14.0000 2.0000 6.0000 0.5500 0.3099 0.6230 0.6960 0.3196 2.4985 1.7742 4.5243 
8.0000 64.0000 3.0000 4.0000 0.0000 -9.9000 2 1.0000 1.0000 0.9640 6.0000 -2.0000 -6.0000 14.0000 2.0000 10.0000 0.7003 0.5571 0.4781 0.3323 0.4333 2.5011 1.9056 4.6602 
8.0000 48.0000 3.0000 2.0000 1.0000 6.6000 8 -1.0000 1.0000 3.0260 0.0000 8.0000 12.0000 -8.0000 4.0000 -4.0000 0.5000 0.5000 0.5000 0.5000 0.5000 2.5000 1.8403 4.5925 
8.0000 58.0000 3.0000 4.0000 1.0000 -6.6000 2 1.0000 1.0000 0.8210 14.0000 2.0000 -6.0000 6.0000 -2.0000 10.0000 0.5000 0.5000 0.5000 0.5000 0.5000 2.5000 1.7826 4.5259 
8.0000 22.0000 3.0000 -2.0000 0.0000 -9.9000 2 1.0000 1.0000 0.6260 -12.0000 -4.0000 4.0000 -8.0000 8.0000 0.0000 0.4871 0.4177 0.3856 0.5052 0.7140 2.5096 1.9659 4.7356 
8.0000 55.0000 3.0000 2.0000 0.0000 6.6000 8 -1.0000 1.0000 0.8400 8.0000 -4.0000 -8.0000 12.0000 0.0000 4.0000 0.5345 0.3164 0.4083 0.7128 0.5256 2.4977 1.7664 4.5235 
8.0000 40.0000 3.0000 0.0000 0.0000 3.3000 8 -1.0000 1.0000 0.7150 6.0000 -2.0000 -6.0000 2.0000 -10.0000 10.0000 0.3011 0.7705 0.4520 0.5329 0.4418 2.4982 1.8245 4.5742 
8.0000 35.0000 3.0000 0.0000 1.0000 9.9000 8 -1.0000 1.0000 1.2150 -6.0000 2.0000 10.0000 -2.0000 6.0000 -10.0000 0.5000 0.5000 0.5000 0.5000 0.5000 2.5000 1.8891 4.6426 
8.0000 11.0000 3.0000 -4.0000 0.0000 0.0000 2 1.0000 0.0000 1.0620 6.0000 -6.0000 -14.0000 -2.0000 -10.0000 2.0000 0.6956 0.5916 0.3550 0.4632 0.3879 2.4932 1.9566 4.7024 
8.0000 54.0000 3.0000 2.0000 0.0000 3.3000 8 -1.0000 1.0000 0.9490 -8.0000 4.0000 8.0000 0.0000 12.0000 -4.0000 0.4254 0.6530 0.5508 0.5205 0.3563 2.5060 1.8955 4.6485 
8.0000 21.0000 4.0000 -2.0000 1.0000 9.9000 8 -1.0000 1.0000 0.6100 -12.0000 -4.0000 8.0000 -8.0000 4.0000 0.0000 0.5000 0.5000 0.5000 0.5000 0.5000 2.5000 1.8919 4.6425 
8.0000 54.0000 4.0000 2.0000 0.0000 3.3000 8 -1.0000 1.0000 1.8570 12.0000 0.0000 -8.0000 4.0000 -4.0000 8.0000 0.3498 0.6071 0.5591 0.4113 0.5775 2.5048 1.9592 4.7140 
8.0000 10.0000 4.0000 -4.0000 0.0000 -3.3000 2 1.0000 1.0000 1.3090 -14.0000 -2.0000 6.0000 -6.0000 2.0000 -10.0000 0.5792 0.3250 0.6610 0.6292 0.3050 2.4993 1.9616 4.7253 
8.0000 64.0000 4.0000 4.0000 0.0000 -9.9000 2 1.0000 1.0000 0.8020 -2.0000 6.0000 14.0000 2.0000 10.0000 -6.0000 0.3843 0.7730 0.3244 0.5285 0.4915 2.5016 1.8662 4.6274 
8.0000 70.0000 4.0000 4.0000 0.0000 9.9000 8 -1.0000 1.0000 1.5120 14.0000 2.0000 -2.0000 6.0000 -6.0000 10.0000 0.4909 0.5647 0.3218 0.5523 0.5796 2.5093 1.9610 4.7184 
8.0000 32.0000 4.0000 0.0000 1.0000 0.0000 2 1.0000 0.0000 0.9570 -10.0000 -2.0000 10.0000 -6.0000 6.0000 2.0000 0.5000 0.5000 0.5000 0.5000 0.5000 2.5000 1.8678 4.6260 
8.0000 22.0000 4.0000 -2.0000 0.0000 -9.9000 2 1.0000 1.0000 0.6480 -8.0000 4.0000 8.0000 -12.0000 0.0000 -4.0000 0.4569 0.3060 0.7071 0.5563 0.4738 2.5000 1.9348 4.6759 
8.0000 2.0000 4.0000 -4.0000 1.0000 -6.6000 2 1.0000 1.0000 0.4890 6.0000 -6.0000 -10.0000 -2.0000 -14.0000 2.0000 0.5000 0.5000 0.5000 0.5000 0.5000 2.5000 1.8611 4.6093 
8.0000 61.0000 4.0000 4.0000 1.0000 3.3000 8 -1.0000 1.0000 1.0620 10.0000 2.0000 -6.0000 6.0000 -2.0000 14.0000 0.5000 0.5000 0.5000 0.5000 0.5000 2.5000 1.9156 4.6592 
8.0000 14.0000 4.0000 -4.0000 0.0000 9.9000 8 -1.0000 1.0000 1.7510 6.0000 -2.0000 -14.0000 2.0000 -10.0000 -6.0000 0.7121 0.3033 0.5865 0.5072 0.3898 2.4988 1.8755 4.6247 
8.0000 15.0000 4.0000 -2.0000 1.0000 -9.9000 2 1.0000 1.0000 1.5450 8.0000 -4.0000 -8.0000 0.0000 -12.0000 4.0000 0.5000 0.5000 0.5000 0.5000 0.5000 2.5000 1.8823 4.6426 
8.0000 48.0000 4.0000 2.0000 1.0000 6.6000 8 -1.0000 1.0000 0.7460 -4.0000 8.0000 12.0000 -8.0000 4.0000 0.0000 0.5000 0.5000 0.5000 0.5000 0.5000 2.5000 1.7865 4.5425 
8.0000 8.0000 4.0000 -4.0000 0.0000 -9.9000 2 1.0000 1.0000 1.1620 -10.0000 -2.0000 6.0000 -6.0000 2.0000 -14.0000 0.7067 0.6406 0.4268 0.3302 0.3976 2.5019 1.9512 4.7111 
8.0000 33.0000 4.0000 0.0000 1.0000 3.3000 8 -1.0000 1.0000 1.0390 -10.0000 2.0000 10.0000 -2.0000 6.0000 -6.0000 0.5000 0.5000 0.5000 0.5000 0.5000 2.5000 1.8284 4.5758 
8.0000 24.0000 4.0000 -2.0000 0.0000 -3.3000 2 1.0000 1.0000 0.8650 -8.0000 4.0000 8.0000 -12.0000 0.0000 -4.0000 0.4707 0.6406 0.3045 0.4287 0.6591 2.5036 1.8414 4.5961 
8.0000 66.0000 4.0000 4.0000 0.0000 -3.3000 8 -1.0000 0.0000 2.1520 10.0000 2.0000 -6.0000 6.0000 -2.0000 14.0000 0.4982 0.5712 0.5973 0.3113 0.5167 2.4946 1.9316 4.6706 
8.0000 6.0000 4.0000 -4.0000 1.0000 6.6000 8 -1.0000 1.0000 1.2780 -10.0000 -2.0000 2.0000 -6.0000 6.0000 -14.0000 0.5000 0.5000 0.5000 0.5000 0.5000 2.5000 1.9910 4.7427 
8.0000 16.0000 4.0000 -2.0000 1.0000 -6.6000 2 1.0000 1.0000 1.2640 -12.0000 0.0000 8.0000 -4.0000 4.0000 -8.0000 0.5000 0.5000 0.5000 0.5000 0.5000 2.5000 1.8454 4.5925 
8.0000 36.0000 4.0000 0.0000 0.0000 -9.9000 2 1.0000 1.0000 1.8140 6.0000 -2.0000 -6.0000 2.0000 -10.0000 10.0000 0.3309 0.7186 0.5024 0.5283 0.4239 2.5042 1.9565 4.6968 
8.0000 42.0000 4.0000 0.0000 0.0000 9.9000 8 -1.0000 1.0000 0.8670 10.0000 -2.0000 -10.0000 2.0000 -6.0000 6.0000 0.7417 0.4990 0.3565 0.3231 0.5797 2.4998 1.7743 4.5256 
8.0000 35.0000 4.0000 0.0000 1.0000 9.9000 8 -1.0000 1.0000 1.1090 10.0000 -2.0000 -6.0000 2.0000 -10.0000 6.0000 0.5000 0.5000 0.5000 0.5000 0.5000 2.5000 1.7991 4.5593 
8.0000 68.0000 4.0000 4.0000 0.0000 3.3000 8 -1.0000 1.0000 1.7370 10.0000 -2.0000 -6.0000 14.0000 2.0000 6.0000 0.7400 0.3401 0.6565 0.4086 0.3489 2.4941 1.9545 4.7034 
8.0000 56.0000 4.0000 2.0000 0.0000 9.9000 8 -1.0000 1.0000 0.6680 12.0000 0.0000 -8.0000 4.0000 -4.0000 8.0000 0.5466 0.3901 0.6117 0.5304 0.4253 2.5041 1.8683 4.6300 
8.0000 46.0000 4.0000 2.0000 1.0000 0.0000 2 1.0000 0.0000 0.7580 0.0000 8.0000 12.0000 -8.0000 4.0000 -4.0000 0.5000 0.5000 0.5000 0.5000 0.5000 2.5000 1.8363 4.5925 
8.0000 63.0000 4.0000 4.0000 1.0000 9.9000 8 -1.0000 1.0000 0.7400 10.0000 2.0000 -2.0000 6.0000 -6.0000 14.0000 0.5000 0.5000 0.5000 0.5000 0.5000 2.5000 1.8485 4.5925 
8.0000 26.0000 4.0000 -2.0000 0.0000 3.3000 2 1.0000 0.0000 1.2610 -12.0000 -4.0000 8.0000 -8.0000 4.0000 0.0000 0.6557 0.3830 0.4232 0.5719 0.4661 2.4998 1.9833 4.7256 
8.0000 5.0000 4.0000 -4.0000 1.0000 3.3000 2 1.0000 0.0000 1.0940 2.0000 -6.0000 -14.0000 -2.0000 -10.0000 6.0000 0.5000 0.5000 0.5000 0.5000 0.5000 2.5000 1.8470 4.5925 
8.0000 4.0000 4.0000 -4.0000 1.0000 0.0000 NR 0.0000 0.0000 0.0000 2.0000 -6.0000 -14.0000 -2.0000 -10.0000 6.0000 0.5000 0.5000 0.5000 0.5000 0.5000 2.5000 1.9104 4.6592 
8.0000 37.0000 4.0000 0.0000 0.0000 -6.6000 2 1.0000 1.0000 1.0060 6.0000 -2.0000 -10.0000 2.0000 -6.0000 10.0000 0.4942 0.4657 0.3208 0.6516 0.5777 2.5100 1.8072 4.5693 
8.0000 19.0000 4.0000 -2.0000 1.0000 3.3000 8 -1.0000 1.0000 1.0030 4.0000 -4.0000 -8.0000 0.0000 -12.0000 8.0000 0.5000 0.5000 0.5000 0.5000 0.5000 2.5000 1.9791 4.7261 
8.0000 25.0000 4.0000 -2.0000 0.0000 0.0000 8 -1.0000 0.0000 2.1400 -12.0000 -4.0000 4.0000 -8.0000 8.0000 0.0000 0.7962 0.5600 0.4899 0.3499 0.3123 2.5082 1.9423 4.7008 
8.0000 23.0000 4.0000 -2.0000 0.0000 -6.6000 2 1.0000 1.0000 3.6040 4.0000 -4.0000 -8.0000 0.0000 -12.0000 8.0000 0.6748 0.5092 0.3835 0.6036 0.3279 2.4990 1.9484 4.6917 
8.0000 39.0000 4.0000 0.0000 0.0000 0.0000 2 1.0000 0.0000 1.3920 10.0000 -2.0000 -6.0000 2.0000 -10.0000 6.0000 0.3060 0.4851 0.5605 0.6280 0.5191 2.4988 1.8202 4.5747 
8.0000 18.0000 4.0000 -2.0000 1.0000 0.0000 2 1.0000 0.0000 0.5350 -8.0000 0.0000 4.0000 -4.0000 8.0000 -12.0000 0.5000 0.5000 0.5000 0.5000 0.5000 2.5000 1.9651 4.7093 
8.0000 17.0000 4.0000 -2.0000 1.0000 -3.3000 2 1.0000 1.0000 0.6090 8.0000 -4.0000 -12.0000 0.0000 -8.0000 4.0000 0.5000 0.5000 0.5000 0.5000 0.5000 2.5000 1.9883 4.7260 
8.0000 11.0000 4.0000 -4.0000 0.0000 0.0000 NR 0.0000 0.0000 0.0000 -2.0000 -10.0000 -14.0000 6.0000 -6.0000 2.0000 0.6718 0.4990 0.3359 0.6214 0.3791 2.5072 1.8219 4.5665 
8.0000 7.0000 4.0000 -4.0000 1.0000 9.9000 8 -1.0000 1.0000 1.7450 -2.0000 -10.0000 -14.0000 6.0000 -6.0000 2.0000 0.5000 0.5000 0.5000 0.5000 0.5000 2.5000 1.8208 4.5759 
8.0000 62.0000 4.0000 4.0000 1.0000 6.6000 8 -1.0000 1.0000 0.6560 2.0000 10.0000 14.0000 -6.0000 6.0000 -2.0000 0.5000 0.5000 0.5000 0.5000 0.5000 2.5000 1.7695 4.5259 
8.0000 49.0000 4.0000 2.0000 1.0000 9.9000 8 -1.0000 1.0000 0.8600 8.0000 0.0000 -8.0000 4.0000 -4.0000 12.0000 0.5000 0.5000 0.5000 0.5000 0.5000 2.5000 1.8191 4.5758 
8.0000 69.0000 4.0000 4.0000 0.0000 6.6000 8 -1.0000 1.0000 1.4380 14.0000 2.0000 -6.0000 6.0000 -2.0000 10.0000 0.3883 0.6349 0.6096 0.3977 0.4729 2.5034 1.7718 4.5293 
8.0000 53.0000 4.0000 2.0000 0.0000 0.0000 8 -1.0000 0.0000 2.1900 8.0000 0.0000 -4.0000 4.0000 -8.0000 12.0000 0.4080 0.6697 0.3899 0.6044 0.4208 2.4928 1.8958 4.6353 
8.0000 65.0000 4.0000 4.0000 0.0000 -6.6000 2 1.0000 1.0000 2.3150 -2.0000 6.0000 14.0000 2.0000 10.0000 -6.0000 0.6192 0.4269 0.3109 0.5305 0.6087 2.4961 1.8549 4.6053 
8.0000 67.0000 4.0000 4.0000 0.0000 0.0000 8 -1.0000 0.0000 1.5810 6.0000 -2.0000 -6.0000 14.0000 2.0000 10.0000 0.3364 0.4511 0.4811 0.4411 0.7847 2.4944 1.7596 4.5036 
8.0000 1.0000 4.0000 -4.0000 1.0000 -9.9000 2 1.0000 1.0000 0.9650 -10.0000 -2.0000 6.0000 -6.0000 2.0000 -14.0000 0.5000 0.5000 0.5000 0.5000 0.5000 2.5000 1.9645 4.7092 
8.0000 45.0000 4.0000 2.0000 1.0000 -3.3000 2 1.0000 1.0000 1.2460 -8.0000 4.0000 8.0000 0.0000 12.0000 -4.0000 0.5000 0.5000 0.5000 0.5000 0.5000 2.5000 1.7753 4.5258 
8.0000 44.0000 4.0000 2.0000 1.0000 -6.6000 2 1.0000 1.0000 1.0580 8.0000 -4.0000 -8.0000 12.0000 0.0000 4.0000 0.5000 0.5000 0.5000 0.5000 0.5000 2.5000 1.9199 4.6759 
8.0000 57.0000 4.0000 4.0000 1.0000 -9.9000 2 1.0000 1.0000 1.6820 10.0000 -2.0000 -6.0000 14.0000 2.0000 6.0000 0.5000 0.5000 0.5000 0.5000 0.5000 2.5000 1.9131 4.6592 
8.0000 59.0000 4.0000 4.0000 1.0000 -3.3000 2 1.0000 1.0000 2.8200 -6.0000 2.0000 10.0000 -2.0000 14.0000 6.0000 0.5000 0.5000 0.5000 0.5000 0.5000 2.5000 1.7706 4.5259 
8.0000 20.0000 4.0000 -2.0000 1.0000 6.6000 8 -1.0000 1.0000 2.2340 4.0000 -4.0000 -12.0000 0.0000 -8.0000 8.0000 0.5000 0.5000 0.5000 0.5000 0.5000 2.5000 1.9719 4.7259 
8.0000 9.0000 4.0000 -4.0000 0.0000 -6.6000 2 1.0000 1.0000 1.3660 6.0000 -2.0000 -10.0000 2.0000 -14.0000 -6.0000 0.7005 0.5792 0.4273 0.3308 0.4534 2.4911 1.7652 4.5003 
8.0000 29.0000 4.0000 0.0000 1.0000 -9.9000 2 1.0000 1.0000 0.6730 -10.0000 -2.0000 10.0000 -6.0000 6.0000 2.0000 0.5000 0.5000 0.5000 0.5000 0.5000 2.5000 1.8933 4.6426 
8.0000 55.0000 4.0000 2.0000 0.0000 6.6000 8 -1.0000 1.0000 1.4400 0.0000 8.0000 12.0000 -8.0000 4.0000 -4.0000 0.6699 0.3978 0.3428 0.4498 0.6367 2.4969 1.8962 4.6397 
8.0000 47.0000 4.0000 2.0000 1.0000 3.3000 8 -1.0000 1.0000 0.9670 4.0000 -4.0000 -8.0000 12.0000 0.0000 8.0000 0.5000 0.5000 0.5000 0.5000 0.5000 2.5000 1.9324 4.6927 
8.0000 38.0000 4.0000 0.0000 0.0000 -3.3000 2 1.0000 1.0000 0.9300 6.0000 -6.0000 -10.0000 10.0000 -2.0000 2.0000 0.3312 0.5346 0.3667 0.6717 0.6049 2.5091 1.8841 4.6518 
8.0000 50.0000 4.0000 2.0000 0.0000 -9.9000 2 1.0000 1.0000 0.7210 0.0000 8.0000 12.0000 -8.0000 4.0000 -4.0000 0.6895 0.3727 0.4816 0.5304 0.4325 2.5067 1.9774 4.7326 
8.0000 40.0000 4.0000 0.0000 0.0000 3.3000 2 1.0000 0.0000 1.7670 2.0000 -6.0000 -10.0000 10.0000 -2.0000 6.0000 0.5186 0.3123 0.6580 0.5754 0.4265 2.4908 1.8958 4.6334 
8.0000 43.0000 4.0000 2.0000 1.0000 -9.9000 2 1.0000 1.0000 0.6340 8.0000 -4.0000 -8.0000 12.0000 0.0000 4.0000 0.5000 0.5000 0.5000 0.5000 0.5000 2.5000 1.8393 4.5927 
8.0000 51.0000 4.0000 2.0000 0.0000 -6.6000 2 1.0000 1.0000 2.7840 12.0000 4.0000 -4.0000 8.0000 -8.0000 0.0000 0.4705 0.3616 0.3983 0.6679 0.6007 2.4990 1.7769 4.5249 
8.0000 30.0000 4.0000 0.0000 1.0000 -6.6000 2 1.0000 1.0000 1.0300 -10.0000 -2.0000 6.0000 -6.0000 10.0000 2.0000 0.5000 0.5000 0.5000 0.5000 0.5000 2.5000 1.7700 4.5093 
8.0000 60.0000 4.0000 4.0000 1.0000 0.0000 8 -1.0000 0.0000 2.5280 14.0000 2.0000 -6.0000 6.0000 -2.0000 10.0000 0.5000 0.5000 0.5000 0.5000 0.5000 2.5000 1.9170 4.6593 
8.0000 13.0000 4.0000 -4.0000 0.0000 6.6000 8 -1.0000 1.0000 1.4100 2.0000 -6.0000 -10.0000 -2.0000 -14.0000 6.0000 0.5324 0.4531 0.4166 0.5104 0.5776 2.4901 1.9349 4.6659 
8.0000 41.0000 4.0000 0.0000 0.0000 6.6000 8 -1.0000 1.0000 1.2390 10.0000 2.0000 -6.0000 6.0000 -10.0000 -2.0000 0.4118 0.6718 0.4912 0.4164 0.5052 2.4964 1.8246 4.5722 
8.0000 28.0000 4.0000 -2.0000 0.0000 9.9000 8 -1.0000 1.0000 1.3250 8.0000 0.0000 -12.0000 4.0000 -8.0000 -4.0000 0.4343 0.3026 0.5547 0.6350 0.5652 2.4917 1.9162 4.6675 
8.0000 34.0000 4.0000 0.0000 1.0000 6.6000 8 -1.0000 1.0000 0.8880 10.0000 2.0000 -10.0000 6.0000 -6.0000 -2.0000 0.5000 0.5000 0.5000 0.5000 0.5000 2.5000 1.8936 4.6426 
8.0000 27.0000 4.0000 -2.0000 0.0000 6.6000 8 -1.0000 1.0000 1.9390 0.0000 -8.0000 -12.0000 8.0000 -4.0000 4.0000 0.4426 0.4094 0.6479 0.5436 0.4598 2.5033 1.9498 4.7125 
8.0000 31.0000 4.0000 0.0000 1.0000 -3.3000 2 1.0000 1.0000 0.9100 6.0000 -2.0000 -6.0000 2.0000 -10.0000 10.0000 0.5000 0.5000 0.5000 0.5000 0.5000 2.5000 1.9213 4.6760 
8.0000 3.0000 4.0000 -4.0000 1.0000 -3.3000 2 1.0000 1.0000 0.6830 -10.0000 2.0000 6.0000 -14.0000 -2.0000 -6.0000 0.5000 0.5000 0.5000 0.5000 0.5000 2.5000 1.8740 4.6259 
8.0000 12.0000 4.0000 -4.0000 0.0000 3.3000 8 -1.0000 1.0000 2.1870 -6.0000 2.0000 6.0000 -14.0000 -2.0000 -10.0000 0.4072 0.5299 0.6576 0.3947 0.5048 2.4943 1.9338 4.6701 
8.0000 52.0000 4.0000 2.0000 0.0000 -3.3000 8 -1.0000 0.0000 3.2080 4.0000 -4.0000 -8.0000 12.0000 0.0000 8.0000 0.5128 0.3704 0.7512 0.4757 0.3921 2.5022 1.7927 4.5449 
8.0000 58.0000 4.0000 4.0000 1.0000 -6.6000 2 1.0000 1.0000 1.4820 -2.0000 6.0000 14.0000 2.0000 10.0000 -6.0000 0.5000 0.5000 0.5000 0.5000 0.5000 2.5000 1.8403 4.5758 
8.0000 25.0000 5.0000 -2.0000 0.0000 0.0000 2 1.0000 0.0000 1.1990 8.0000 -4.0000 -12.0000 0.0000 -8.0000 4.0000 0.4743 0.3175 0.4960 0.7825 0.4310 2.5013 1.7753 4.5271 
8.0000 51.0000 5.0000 2.0000 0.0000 -6.6000 2 1.0000 1.0000 1.0540 12.0000 0.0000 -4.0000 4.0000 -8.0000 8.0000 0.7721 0.4200 0.5278 0.3019 0.4816 2.5035 1.8932 4.6459 
8.0000 59.0000 5.0000 4.0000 1.0000 -3.3000 8 -1.0000 0.0000 1.8810 14.0000 2.0000 -2.0000 6.0000 -6.0000 10.0000 0.5000 0.5000 0.5000 0.5000 0.5000 2.5000 1.8107 4.5593 
8.0000 16.0000 5.0000 -2.0000 1.0000 -6.6000 2 1.0000 1.0000 1.3280 -8.0000 4.0000 8.0000 -12.0000 0.0000 -4.0000 0.5000 0.5000 0.5000 0.5000 0.5000 2.5000 1.8717 4.6258 
8.0000 64.0000 5.0000 4.0000 0.0000 -9.9000 2 1.0000 1.0000 1.7080 -2.0000 10.0000 14.0000 -6.0000 6.0000 2.0000 0.5193 0.7381 0.3360 0.4216 0.4759 2.4909 1.8675 4.6169 
8.0000 53.0000 5.0000 2.0000 0.0000 0.0000 2 1.0000 0.0000 1.8860 12.0000 0.0000 -4.0000 4.0000 -8.0000 8.0000 0.4781 0.5041 0.3407 0.4630 0.7218 2.5078 1.9922 4.7506 
8.0000 11.0000 5.0000 -4.0000 0.0000 0.0000 2 1.0000 0.0000 0.9060 2.0000 -6.0000 -10.0000 -2.0000 -14.0000 6.0000 0.4184 0.3707 0.7059 0.6533 0.3466 2.4949 1.7835 4.5207 
8.0000 5.0000 5.0000 -4.0000 1.0000 3.3000 8 -1.0000 1.0000 3.2850 -2.0000 -10.0000 -14.0000 6.0000 -6.0000 2.0000 0.5000 0.5000 0.5000 0.5000 0.5000 2.5000 1.9996 4.7426 
8.0000 17.0000 5.0000 -2.0000 1.0000 -3.3000 2 1.0000 1.0000 2.3500 4.0000 -8.0000 -12.0000 8.0000 -4.0000 0.0000 0.5000 0.5000 0.5000 0.5000 0.5000 2.5000 1.9399 4.6759 
8.0000 4.0000 5.0000 -4.0000 1.0000 0.0000 2 1.0000 0.0000 1.0750 2.0000 -6.0000 -10.0000 -2.0000 -14.0000 6.0000 0.5000 0.5000 0.5000 0.5000 0.5000 2.5000 1.8436 4.5926 
8.0000 18.0000 5.0000 -2.0000 1.0000 0.0000 8 -1.0000 0.0000 3.3200 -8.0000 0.0000 8.0000 -4.0000 4.0000 -12.0000 0.5000 0.5000 0.5000 0.5000 0.5000 2.5000 1.9082 4.6592 
8.0000 9.0000 5.0000 -4.0000 0.0000 -6.6000 2 1.0000 1.0000 1.8990 -14.0000 -2.0000 2.0000 -6.0000 6.0000 -10.0000 0.4878 0.4381 0.6588 0.3090 0.6006 2.4943 1.9364 4.6868 
8.0000 13.0000 5.0000 -4.0000 0.0000 6.6000 8 -1.0000 1.0000 1.5900 -14.0000 -2.0000 2.0000 -6.0000 6.0000 -10.0000 0.7000 0.3059 0.7175 0.4602 0.3150 2.4985 1.7622 4.5076 
8.0000 23.0000 5.0000 -2.0000 0.0000 -6.6000 2 1.0000 1.0000 1.4050 8.0000 -4.0000 -12.0000 0.0000 -8.0000 4.0000 0.7794 0.4134 0.6079 0.3753 0.3182 2.4942 1.9558 4.7034 
8.0000 26.0000 5.0000 -2.0000 0.0000 3.3000 2 1.0000 0.0000 2.2270 -12.0000 -4.0000 8.0000 -8.0000 4.0000 0.0000 0.3747 0.6801 0.5541 0.3990 0.4824 2.4904 1.8030 4.5329 
8.0000 27.0000 5.0000 -2.0000 0.0000 6.6000 8 -1.0000 1.0000 1.6520 8.0000 -4.0000 -8.0000 0.0000 -12.0000 4.0000 0.4942 0.4286 0.3891 0.4392 0.7421 2.4932 1.9393 4.6690 
8.0000 40.0000 5.0000 0.0000 0.0000 3.3000 2 1.0000 0.0000 1.3760 10.0000 -2.0000 -6.0000 2.0000 -10.0000 6.0000 0.5009 0.7617 0.4107 0.3557 0.4682 2.4972 1.9849 4.7232 
8.0000 1.0000 5.0000 -4.0000 1.0000 -9.9000 2 1.0000 1.0000 0.6770 -10.0000 -2.0000 6.0000 -6.0000 2.0000 -14.0000 0.5000 0.5000 0.5000 0.5000 0.5000 2.5000 1.7975 4.5593 
8.0000 34.0000 5.0000 0.0000 1.0000 6.6000 8 -1.0000 1.0000 0.8830 -10.0000 -2.0000 10.0000 -6.0000 6.0000 2.0000 0.5000 0.5000 0.5000 0.5000 0.5000 2.5000 1.8673 4.6259 
8.0000 50.0000 5.0000 2.0000 0.0000 -9.9000 2 1.0000 1.0000 0.9820 12.0000 4.0000 -8.0000 8.0000 -4.0000 0.0000 0.6610 0.3915 0.5158 0.3044 0.6357 2.5083 1.8047 4.5674 
8.0000 65.0000 5.0000 4.0000 0.0000 -6.6000 2 1.0000 1.0000 1.2430 6.0000 -2.0000 -6.0000 14.0000 2.0000 10.0000 0.4282 0.4590 0.3095 0.5723 0.7242 2.4932 1.8005 4.5524 
8.0000 31.0000 5.0000 0.0000 1.0000 -3.3000 2 1.0000 1.0000 1.4810 6.0000 -2.0000 -6.0000 2.0000 -10.0000 10.0000 0.5000 0.5000 0.5000 0.5000 0.5000 2.5000 1.9639 4.7094 
8.0000 14.0000 5.0000 -4.0000 0.0000 9.9000 8 -1.0000 1.0000 1.7270 6.0000 -2.0000 -14.0000 2.0000 -10.0000 -6.0000 0.3874 0.3367 0.4897 0.6694 0.6250 2.5083 1.8416 4.6008 
8.0000 10.0000 5.0000 -4.0000 0.0000 -3.3000 2 1.0000 1.0000 1.1700 2.0000 -6.0000 -10.0000 -2.0000 -14.0000 6.0000 0.6378 0.5222 0.3613 0.4490 0.5341 2.5045 1.9647 4.7137 
8.0000 52.0000 5.0000 2.0000 0.0000 -3.3000 2 1.0000 1.0000 0.8300 8.0000 0.0000 -4.0000 4.0000 -8.0000 12.0000 0.3241 0.4798 0.6952 0.5190 0.4763 2.4943 1.8742 4.6202 
8.0000 28.0000 5.0000 -2.0000 0.0000 9.9000 8 -1.0000 1.0000 1.4530 0.0000 -8.0000 -12.0000 8.0000 -4.0000 4.0000 0.3613 0.4178 0.5549 0.7822 0.3751 2.4913 1.9745 4.7005 
8.0000 6.0000 5.0000 -4.0000 1.0000 6.6000 8 -1.0000 1.0000 1.8520 -14.0000 -6.0000 6.0000 -10.0000 2.0000 -2.0000 0.5000 0.5000 0.5000 0.5000 0.5000 2.5000 1.8903 4.6425 
8.0000 12.0000 5.0000 -4.0000 0.0000 3.3000 2 1.0000 0.0000 3.8760 6.0000 -2.0000 -14.0000 2.0000 -10.0000 -6.0000 0.4627 0.4366 0.6273 0.5589 0.4160 2.5015 1.8949 4.6442 
8.0000 55.0000 5.0000 2.0000 0.0000 6.6000 8 -1.0000 1.0000 0.8210 -8.0000 0.0000 12.0000 -4.0000 8.0000 4.0000 0.5188 0.3641 0.4483 0.7598 0.4145 2.5054 1.9369 4.6979 
8.0000 54.0000 5.0000 2.0000 0.0000 3.3000 8 -1.0000 1.0000 0.5870 12.0000 0.0000 -4.0000 4.0000 -8.0000 8.0000 0.5599 0.4627 0.5327 0.5864 0.3520 2.4937 1.7848 4.5363 
8.0000 19.0000 5.0000 -2.0000 1.0000 3.3000 8 -1.0000 1.0000 1.3870 -12.0000 -4.0000 4.0000 -8.0000 8.0000 0.0000 0.5000 0.5000 0.5000 0.5000 0.5000 2.5000 1.9400 4.6926 
8.0000 37.0000 5.0000 0.0000 0.0000 -6.6000 2 1.0000 1.0000 1.6420 10.0000 2.0000 -10.0000 6.0000 -6.0000 -2.0000 0.4515 0.5741 0.5427 0.4314 0.5000 2.4997 1.7608 4.5089 
8.0000 41.0000 5.0000 0.0000 0.0000 6.6000 8 -1.0000 1.0000 2.2340 -10.0000 2.0000 6.0000 -2.0000 10.0000 -6.0000 0.4217 0.4504 0.3396 0.6102 0.6739 2.4958 1.9209 4.6549 
8.0000 48.0000 5.0000 2.0000 1.0000 6.6000 8 -1.0000 1.0000 1.0560 4.0000 -4.0000 -8.0000 12.0000 0.0000 8.0000 0.5000 0.5000 0.5000 0.5000 0.5000 2.5000 1.9626 4.7093 
8.0000 42.0000 5.0000 0.0000 0.0000 9.9000 8 -1.0000 1.0000 0.6060 -10.0000 2.0000 6.0000 -2.0000 10.0000 -6.0000 0.5539 0.6165 0.3620 0.6605 0.3085 2.5014 1.9495 4.7108 
8.0000 57.0000 5.0000 4.0000 1.0000 -9.9000 2 1.0000 1.0000 0.6680 14.0000 6.0000 -6.0000 10.0000 -2.0000 2.0000 0.5000 0.5000 0.5000 0.5000 0.5000 2.5000 1.9182 4.6759 
8.0000 38.0000 5.0000 0.0000 0.0000 -3.3000 2 1.0000 1.0000 0.7750 10.0000 -2.0000 -6.0000 2.0000 -10.0000 6.0000 0.4172 0.5778 0.3586 0.5042 0.6327 2.4905 1.9926 4.7333 
8.0000 30.0000 5.0000 0.0000 1.0000 -6.6000 2 1.0000 1.0000 0.6130 -2.0000 6.0000 10.0000 -10.0000 2.0000 -6.0000 0.5000 0.5000 0.5000 0.5000 0.5000 2.5000 1.9955 4.7426 
8.0000 45.0000 5.0000 2.0000 1.0000 -3.3000 2 1.0000 1.0000 1.1240 4.0000 -4.0000 -8.0000 12.0000 0.0000 8.0000 0.5000 0.5000 0.5000 0.5000 0.5000 2.5000 1.7841 4.5425 
8.0000 56.0000 5.0000 2.0000 0.0000 9.9000 8 -1.0000 1.0000 0.8780 8.0000 0.0000 -8.0000 4.0000 -4.0000 12.0000 0.5405 0.3801 0.3068 0.6939 0.5766 2.4980 1.7838 4.5237 
8.0000 60.0000 5.0000 4.0000 1.0000 0.0000 8 -1.0000 0.0000 1.8780 -6.0000 6.0000 14.0000 2.0000 10.0000 -2.0000 0.5000 0.5000 0.5000 0.5000 0.5000 2.5000 1.8318 4.5759 
8.0000 62.0000 5.0000 4.0000 1.0000 6.6000 8 -1.0000 1.0000 0.8510 2.0000 10.0000 14.0000 -6.0000 6.0000 -2.0000 0.5000 0.5000 0.5000 0.5000 0.5000 2.5000 1.7669 4.5092 
8.0000 2.0000 5.0000 -4.0000 1.0000 -6.6000 2 1.0000 1.0000 0.6700 2.0000 -6.0000 -14.0000 -2.0000 -10.0000 6.0000 0.5000 0.5000 0.5000 0.5000 0.5000 2.5000 1.8074 4.5424 
8.0000 43.0000 5.0000 2.0000 1.0000 -9.9000 2 1.0000 1.0000 0.6340 -8.0000 0.0000 8.0000 -4.0000 12.0000 4.0000 0.5000 0.5000 0.5000 0.5000 0.5000 2.5000 1.9512 4.7093 
8.0000 36.0000 5.0000 0.0000 0.0000 -9.9000 2 1.0000 1.0000 0.5830 -2.0000 6.0000 10.0000 -10.0000 2.0000 -6.0000 0.5720 0.7960 0.4437 0.3950 0.3029 2.5096 1.9805 4.7522 
8.0000 49.0000 5.0000 2.0000 1.0000 9.9000 8 -1.0000 1.0000 0.6440 -4.0000 4.0000 8.0000 0.0000 12.0000 -8.0000 0.5000 0.5000 0.5000 0.5000 0.5000 2.5000 1.8007 4.5592 
8.0000 24.0000 5.0000 -2.0000 0.0000 -3.3000 2 1.0000 1.0000 2.1950 -4.0000 4.0000 8.0000 -12.0000 0.0000 -8.0000 0.5777 0.4911 0.3005 0.4866 0.6473 2.5032 1.8863 4.6458 
8.0000 20.0000 5.0000 -2.0000 1.0000 6.6000 8 -1.0000 1.0000 0.8740 -12.0000 -4.0000 8.0000 -8.0000 4.0000 0.0000 0.5000 0.5000 0.5000 0.5000 0.5000 2.5000 1.7761 4.5259 
8.0000 33.0000 5.0000 0.0000 1.0000 3.3000 8 -1.0000 1.0000 1.1110 2.0000 -6.0000 -10.0000 10.0000 -2.0000 6.0000 0.5000 0.5000 0.5000 0.5000 0.5000 2.5000 1.9308 4.6760 
8.0000 70.0000 5.0000 4.0000 0.0000 9.9000 8 -1.0000 1.0000 1.1230 -6.0000 6.0000 14.0000 2.0000 10.0000 -2.0000 0.3802 0.5835 0.4090 0.6530 0.4657 2.4913 1.9447 4.6839 
8.0000 32.0000 5.0000 0.0000 1.0000 0.0000 2 1.0000 0.0000 1.0170 -10.0000 -2.0000 10.0000 -6.0000 6.0000 2.0000 0.5000 0.5000 0.5000 0.5000 0.5000 2.5000 1.8937 4.6425 
8.0000 7.0000 5.0000 -4.0000 1.0000 9.9000 8 -1.0000 1.0000 2.0650 -6.0000 2.0000 6.0000 -14.0000 -2.0000 -10.0000 0.5000 0.5000 0.5000 0.5000 0.5000 2.5000 1.9184 4.6592 
8.0000 47.0000 5.0000 2.0000 1.0000 3.3000 8 -1.0000 1.0000 1.0450 -4.0000 4.0000 12.0000 0.0000 8.0000 -8.0000 0.5000 0.5000 0.5000 0.5000 0.5000 2.5000 1.9317 4.6926 
8.0000 39.0000 5.0000 0.0000 0.0000 0.0000 2 1.0000 0.0000 0.7430 6.0000 -2.0000 -6.0000 2.0000 -10.0000 10.0000 0.4298 0.3634 0.5116 0.6923 0.4941 2.4912 1.8768 4.6172 
8.0000 29.0000 5.0000 0.0000 1.0000 -9.9000 2 1.0000 1.0000 0.5250 -6.0000 2.0000 6.0000 -2.0000 10.0000 -10.0000 0.5000 0.5000 0.5000 0.5000 0.5000 2.5000 1.9703 4.7260 
8.0000 3.0000 5.0000 -4.0000 1.0000 -3.3000 2 1.0000 1.0000 0.9560 2.0000 -6.0000 -10.0000 -2.0000 -14.0000 6.0000 0.5000 0.5000 0.5000 0.5000 0.5000 2.5000 1.8588 4.6091 
8.0000 44.0000 5.0000 2.0000 1.0000 -6.6000 2 1.0000 1.0000 1.3550 8.0000 -4.0000 -8.0000 12.0000 0.0000 4.0000 0.5000 0.5000 0.5000 0.5000 0.5000 2.5000 1.9987 4.7426 
8.0000 61.0000 5.0000 4.0000 1.0000 3.3000 8 -1.0000 1.0000 1.0020 -2.0000 10.0000 14.0000 -6.0000 6.0000 2.0000 0.5000 0.5000 0.5000 0.5000 0.5000 2.5000 1.8510 4.5925 
8.0000 22.0000 5.0000 -2.0000 0.0000 -9.9000 2 1.0000 1.0000 1.3980 4.0000 -4.0000 -8.0000 0.0000 -12.0000 8.0000 0.5036 0.6087 0.4188 0.5380 0.4254 2.4946 1.8364 4.5704 
8.0000 58.0000 5.0000 4.0000 1.0000 -6.6000 2 1.0000 1.0000 0.6760 -2.0000 6.0000 10.0000 2.0000 14.0000 -6.0000 0.5000 0.5000 0.5000 0.5000 0.5000 2.5000 1.7580 4.5092 
8.0000 66.0000 5.0000 4.0000 0.0000 -3.3000 2 1.0000 1.0000 3.7830 14.0000 6.0000 -2.0000 10.0000 -6.0000 2.0000 0.5506 0.3508 0.7655 0.3453 0.4936 2.5059 1.9983 4.7484 
8.0000 69.0000 5.0000 4.0000 0.0000 6.6000 8 -1.0000 1.0000 1.0710 6.0000 -2.0000 -6.0000 14.0000 2.0000 10.0000 0.3934 0.5690 0.3031 0.4637 0.7675 2.4968 1.9598 4.7060 
8.0000 15.0000 5.0000 -2.0000 1.0000 -9.9000 2 1.0000 1.0000 0.6320 4.0000 -8.0000 -12.0000 8.0000 -4.0000 0.0000 0.5000 0.5000 0.5000 0.5000 0.5000 2.5000 1.7976 4.5591 
8.0000 35.0000 5.0000 0.0000 1.0000 9.9000 8 -1.0000 1.0000 0.9730 10.0000 -2.0000 -10.0000 2.0000 -6.0000 6.0000 0.5000 0.5000 0.5000 0.5000 0.5000 2.5000 1.9548 4.7091 
8.0000 68.0000 5.0000 4.0000 0.0000 3.3000 8 -1.0000 1.0000 0.6610 14.0000 6.0000 -2.0000 10.0000 -6.0000 2.0000 0.4611 0.7298 0.3856 0.3418 0.5779 2.4962 1.9796 4.7220 
8.0000 67.0000 5.0000 4.0000 0.0000 0.0000 8 -1.0000 0.0000 1.9770 -6.0000 6.0000 10.0000 2.0000 14.0000 -2.0000 0.4887 0.7042 0.3157 0.4046 0.5959 2.5092 1.7710 4.5351 
8.0000 63.0000 5.0000 4.0000 1.0000 9.9000 8 -1.0000 1.0000 0.6010 -6.0000 6.0000 14.0000 2.0000 10.0000 -2.0000 0.5000 0.5000 0.5000 0.5000 0.5000 2.5000 1.7673 4.5091 
8.0000 8.0000 5.0000 -4.0000 0.0000 -9.9000 2 1.0000 1.0000 0.8240 -10.0000 -2.0000 6.0000 -6.0000 2.0000 -14.0000 0.3959 0.4441 0.5613 0.5240 0.5715 2.4969 1.9649 4.7062 
8.0000 46.0000 5.0000 2.0000 1.0000 0.0000 2 1.0000 0.0000 2.2060 4.0000 -4.0000 -8.0000 12.0000 0.0000 8.0000 0.5000 0.5000 0.5000 0.5000 0.5000 2.5000 1.7556 4.4925 
8.0000 21.0000 5.0000 -2.0000 1.0000 9.9000 8 -1.0000 1.0000 1.2930 -8.0000 0.0000 4.0000 -4.0000 8.0000 -12.0000 0.5000 0.5000 0.5000 0.5000 0.5000 2.5000 1.9413 4.6759 
8.0000 42.0000 6.0000 0.0000 0.0000 9.9000 8 -1.0000 1.0000 1.3700 -6.0000 2.0000 6.0000 -2.0000 10.0000 -10.0000 0.4363 0.6407 0.3901 0.3129 0.7146 2.4946 1.9803 4.7206 
8.0000 66.0000 6.0000 4.0000 0.0000 -3.3000 2 1.0000 1.0000 3.2690 14.0000 6.0000 -2.0000 10.0000 -6.0000 2.0000 0.4142 0.5108 0.4595 0.6175 0.4951 2.4970 1.8869 4.6396 
8.0000 27.0000 6.0000 -2.0000 0.0000 6.6000 2 1.0000 0.0000 0.8300 4.0000 -8.0000 -12.0000 8.0000 -4.0000 0.0000 0.3761 0.5230 0.6033 0.4452 0.5445 2.4921 1.8732 4.6179 
8.0000 45.0000 6.0000 2.0000 1.0000 -3.3000 2 1.0000 1.0000 0.7150 -4.0000 8.0000 12.0000 -8.0000 4.0000 0.0000 0.5000 0.5000 0.5000 0.5000 0.5000 2.5000 1.9336 4.6761 
8.0000 25.0000 6.0000 -2.0000 0.0000 0.0000 2 1.0000 0.0000 1.1180 8.0000 -4.0000 -12.0000 0.0000 -8.0000 4.0000 0.6338 0.6917 0.4172 0.4499 0.3048 2.4975 1.7559 4.5066 
8.0000 57.0000 6.0000 4.0000 1.0000 -9.9000 2 1.0000 1.0000 0.5330 14.0000 6.0000 -2.0000 10.0000 -6.0000 2.0000 0.5000 0.5000 0.5000 0.5000 0.5000 2.5000 1.8149 4.5591 
8.0000 22.0000 6.0000 -2.0000 0.0000 -9.9000 2 1.0000 1.0000 1.8080 -8.0000 0.0000 8.0000 -4.0000 4.0000 -12.0000 0.4879 0.5753 0.4433 0.3763 0.6198 2.5026 1.9770 4.7454 
8.0000 53.0000 6.0000 2.0000 0.0000 0.0000 2 1.0000 0.0000 1.6580 -4.0000 4.0000 8.0000 0.0000 12.0000 -8.0000 0.5609 0.4195 0.5154 0.3119 0.6953 2.5029 1.7832 4.5455 
8.0000 70.0000 6.0000 4.0000 0.0000 9.9000 8 -1.0000 1.0000 0.9960 14.0000 2.0000 -6.0000 6.0000 -2.0000 10.0000 0.6529 0.4096 0.6388 0.3008 0.4997 2.5018 1.9903 4.7444 
8.0000 11.0000 6.0000 -4.0000 0.0000 0.0000 2 1.0000 0.0000 0.7640 -10.0000 -2.0000 2.0000 -6.0000 6.0000 -14.0000 0.5384 0.6412 0.3448 0.6250 0.3452 2.4945 1.9969 4.7371 
8.0000 59.0000 6.0000 4.0000 1.0000 -3.3000 2 1.0000 1.0000 0.8280 14.0000 6.0000 -2.0000 10.0000 -6.0000 2.0000 0.5000 0.5000 0.5000 0.5000 0.5000 2.5000 1.9237 4.6759 
8.0000 28.0000 6.0000 -2.0000 0.0000 9.9000 8 -1.0000 1.0000 1.0090 8.0000 -4.0000 -12.0000 0.0000 -8.0000 4.0000 0.3119 0.5896 0.4616 0.4970 0.6498 2.5099 1.7885 4.5524 
8.0000 41.0000 6.0000 0.0000 0.0000 6.6000 8 -1.0000 1.0000 1.2160 10.0000 2.0000 -6.0000 6.0000 -10.0000 -2.0000 0.7783 0.4305 0.6628 0.3001 0.3383 2.5099 1.9181 4.6690 
8.0000 43.0000 6.0000 2.0000 1.0000 -9.9000 2 1.0000 1.0000 0.7280 0.0000 8.0000 12.0000 -8.0000 4.0000 -4.0000 0.5000 0.5000 0.5000 0.5000 0.5000 2.5000 1.9628 4.7092 
8.0000 20.0000 6.0000 -2.0000 1.0000 6.6000 8 -1.0000 1.0000 1.9000 -8.0000 4.0000 8.0000 -12.0000 0.0000 -4.0000 0.5000 0.5000 0.5000 0.5000 0.5000 2.5000 1.9260 4.6758 
8.0000 6.0000 6.0000 -4.0000 1.0000 6.6000 8 -1.0000 1.0000 1.2530 6.0000 -6.0000 -10.0000 -2.0000 -14.0000 2.0000 0.5000 0.5000 0.5000 0.5000 0.5000 2.5000 1.9728 4.7261 
8.0000 1.0000 6.0000 -4.0000 1.0000 -9.9000 2 1.0000 1.0000 1.6420 -2.0000 -10.0000 -14.0000 6.0000 -6.0000 2.0000 0.5000 0.5000 0.5000 0.5000 0.5000 2.5000 1.9544 4.7093 
8.0000 52.0000 6.0000 2.0000 0.0000 -3.3000 2 1.0000 1.0000 1.7240 -4.0000 4.0000 12.0000 0.0000 8.0000 -8.0000 0.5774 0.4725 0.5791 0.3314 0.5451 2.5055 1.8112 4.5646 
8.0000 50.0000 6.0000 2.0000 0.0000 -9.9000 2 1.0000 1.0000 0.7730 12.0000 4.0000 -4.0000 8.0000 -8.0000 0.0000 0.3119 0.4977 0.6402 0.4834 0.5731 2.5063 1.7556 4.5154 
8.0000 47.0000 6.0000 2.0000 1.0000 3.3000 8 -1.0000 1.0000 1.2890 -8.0000 0.0000 12.0000 -4.0000 8.0000 4.0000 0.5000 0.5000 0.5000 0.5000 0.5000 2.5000 1.8566 4.6091 
8.0000 58.0000 6.0000 4.0000 1.0000 -6.6000 2 1.0000 1.0000 1.0560 14.0000 6.0000 -2.0000 10.0000 -6.0000 2.0000 0.5000 0.5000 0.5000 0.5000 0.5000 2.5000 1.8536 4.6092 
8.0000 69.0000 6.0000 4.0000 0.0000 6.6000 8 -1.0000 1.0000 1.1760 6.0000 -2.0000 -6.0000 14.0000 2.0000 10.0000 0.3932 0.4990 0.7588 0.5359 0.3174 2.5043 1.8732 4.6302 
8.0000 51.0000 6.0000 2.0000 0.0000 -6.6000 2 1.0000 1.0000 0.9870 12.0000 0.0000 -4.0000 4.0000 -8.0000 8.0000 0.5402 0.6353 0.4043 0.5470 0.3747 2.5015 1.9162 4.6607 
8.0000 8.0000 6.0000 -4.0000 0.0000 -9.9000 2 1.0000 1.0000 0.9260 6.0000 -2.0000 -14.0000 2.0000 -10.0000 -6.0000 0.6808 0.3176 0.3532 0.6834 0.4704 2.5054 1.8768 4.6313 
8.0000 46.0000 6.0000 2.0000 1.0000 0.0000 8 -1.0000 0.0000 2.2630 4.0000 -4.0000 -8.0000 12.0000 0.0000 8.0000 0.5000 0.5000 0.5000 0.5000 0.5000 2.5000 1.9875 4.7426 
8.0000 26.0000 6.0000 -2.0000 0.0000 3.3000 2 1.0000 0.0000 1.0250 4.0000 -4.0000 -8.0000 0.0000 -12.0000 8.0000 0.3789 0.6332 0.3511 0.4932 0.6466 2.5029 1.7745 4.5289 
8.0000 61.0000 6.0000 4.0000 1.0000 3.3000 8 -1.0000 1.0000 1.0450 -2.0000 10.0000 14.0000 -6.0000 6.0000 2.0000 0.5000 0.5000 0.5000 0.5000 0.5000 2.5000 1.9712 4.7260 
8.0000 24.0000 6.0000 -2.0000 0.0000 -3.3000 2 1.0000 1.0000 1.4540 4.0000 -4.0000 -8.0000 0.0000 -12.0000 8.0000 0.3008 0.6400 0.5324 0.6717 0.3560 2.5008 1.8560 4.6100 
8.0000 13.0000 6.0000 -4.0000 0.0000 6.6000 8 -1.0000 1.0000 1.3960 6.0000 -6.0000 -10.0000 -2.0000 -14.0000 2.0000 0.6074 0.5347 0.4012 0.6161 0.3456 2.5050 1.7669 4.5143 
8.0000 65.0000 6.0000 4.0000 0.0000 -6.6000 2 1.0000 1.0000 1.7230 -2.0000 10.0000 14.0000 -6.0000 6.0000 2.0000 0.4706 0.3897 0.7256 0.6150 0.3060 2.5068 1.9618 4.7162 
8.0000 9.0000 6.0000 -4.0000 0.0000 -6.6000 2 1.0000 1.0000 1.2930 6.0000 -2.0000 -10.0000 2.0000 -14.0000 -6.0000 0.6273 0.3777 0.5509 0.4121 0.5381 2.5061 1.9489 4.6986 
8.0000 35.0000 6.0000 0.0000 1.0000 9.9000 8 -1.0000 1.0000 1.0560 10.0000 -2.0000 -10.0000 2.0000 -6.0000 6.0000 0.5000 0.5000 0.5000 0.5000 0.5000 2.5000 1.7664 4.5092 
8.0000 37.0000 6.0000 0.0000 0.0000 -6.6000 2 1.0000 1.0000 0.7270 -2.0000 6.0000 10.0000 -10.0000 2.0000 -6.0000 0.6634 0.5898 0.5119 0.3334 0.3942 2.4927 1.9097 4.6520 
8.0000 32.0000 6.0000 0.0000 1.0000 0.0000 8 -1.0000 0.0000 1.8880 -2.0000 6.0000 10.0000 -10.0000 2.0000 -6.0000 0.5000 0.5000 0.5000 0.5000 0.5000 2.5000 1.8087 4.5592 
8.0000 34.0000 6.0000 0.0000 1.0000 6.6000 8 -1.0000 1.0000 1.8050 10.0000 -2.0000 -6.0000 2.0000 -10.0000 6.0000 0.5000 0.5000 0.5000 0.5000 0.5000 2.5000 1.9078 4.6592 
8.0000 64.0000 6.0000 4.0000 0.0000 -9.9000 2 1.0000 1.0000 0.7840 6.0000 -2.0000 -6.0000 14.0000 2.0000 10.0000 0.4728 0.3654 0.5263 0.7051 0.4220 2.4916 1.7917 4.5341 
8.0000 49.0000 6.0000 2.0000 1.0000 9.9000 8 -1.0000 1.0000 0.9480 4.0000 -4.0000 -8.0000 12.0000 0.0000 8.0000 0.5000 0.5000 0.5000 0.5000 0.5000 2.5000 1.8457 4.5925 
8.0000 12.0000 6.0000 -4.0000 0.0000 3.3000 2 1.0000 0.0000 0.8920 6.0000 -2.0000 -10.0000 2.0000 -14.0000 -6.0000 0.4200 0.6228 0.4629 0.5406 0.4487 2.4949 1.8179 4.5708 
8.0000 38.0000 6.0000 0.0000 0.0000 -3.3000 2 1.0000 1.0000 1.2190 -10.0000 2.0000 10.0000 -2.0000 6.0000 -6.0000 0.3748 0.4933 0.6930 0.4445 0.5044 2.5100 1.8075 4.5692 
8.0000 5.0000 6.0000 -4.0000 1.0000 3.3000 2 1.0000 0.0000 1.2760 2.0000 -6.0000 -14.0000 -2.0000 -10.0000 6.0000 0.5000 0.5000 0.5000 0.5000 0.5000 2.5000 1.8879 4.6426 
8.0000 16.0000 6.0000 -2.0000 1.0000 -6.6000 2 1.0000 1.0000 1.8110 8.0000 0.0000 -12.0000 4.0000 -8.0000 -4.0000 0.5000 0.5000 0.5000 0.5000 0.5000 2.5000 1.8968 4.6427 
8.0000 56.0000 6.0000 2.0000 0.0000 9.9000 8 -1.0000 1.0000 1.1620 -8.0000 0.0000 8.0000 -4.0000 12.0000 4.0000 0.7110 0.4233 0.5658 0.4148 0.3834 2.4982 1.7649 4.5075 
8.0000 21.0000 6.0000 -2.0000 1.0000 9.9000 8 -1.0000 1.0000 1.0910 8.0000 -4.0000 -8.0000 0.0000 -12.0000 4.0000 0.5000 0.5000 0.5000 0.5000 0.5000 2.5000 1.9284 4.6926 
8.0000 48.0000 6.0000 2.0000 1.0000 6.6000 8 -1.0000 1.0000 2.0670 -8.0000 0.0000 12.0000 -4.0000 8.0000 4.0000 0.5000 0.5000 0.5000 0.5000 0.5000 2.5000 1.8337 4.5924 
8.0000 17.0000 6.0000 -2.0000 1.0000 -3.3000 2 1.0000 1.0000 1.9180 8.0000 0.0000 -12.0000 4.0000 -8.0000 -4.0000 0.5000 0.5000 0.5000 0.5000 0.5000 2.5000 1.9578 4.7091 
8.0000 18.0000 6.0000 -2.0000 1.0000 0.0000 2 1.0000 0.0000 0.9900 8.0000 0.0000 -8.0000 4.0000 -12.0000 -4.0000 0.5000 0.5000 0.5000 0.5000 0.5000 2.5000 1.8378 4.5926 
8.0000 33.0000 6.0000 0.0000 1.0000 3.3000 8 -1.0000 1.0000 1.5330 -6.0000 2.0000 6.0000 -2.0000 10.0000 -10.0000 0.5000 0.5000 0.5000 0.5000 0.5000 2.5000 1.9604 4.7093 
8.0000 40.0000 6.0000 0.0000 0.0000 3.3000 2 1.0000 0.0000 0.9620 -10.0000 2.0000 10.0000 -2.0000 6.0000 -6.0000 0.4925 0.3047 0.7117 0.4774 0.5206 2.5068 1.8476 4.5993 
8.0000 23.0000 6.0000 -2.0000 0.0000 -6.6000 2 1.0000 1.0000 0.9910 -8.0000 4.0000 8.0000 -12.0000 0.0000 -4.0000 0.4840 0.7199 0.3109 0.4611 0.5174 2.4934 1.8963 4.6358 
8.0000 4.0000 6.0000 -4.0000 1.0000 0.0000 2 1.0000 0.0000 2.6050 6.0000 -2.0000 -14.0000 2.0000 -10.0000 -6.0000 0.5000 0.5000 0.5000 0.5000 0.5000 2.5000 1.7907 4.5426 
8.0000 60.0000 6.0000 4.0000 1.0000 0.0000 8 -1.0000 0.0000 1.0830 14.0000 2.0000 -2.0000 6.0000 -6.0000 10.0000 0.5000 0.5000 0.5000 0.5000 0.5000 2.5000 1.9427 4.6927 
8.0000 29.0000 6.0000 0.0000 1.0000 -9.9000 2 1.0000 1.0000 1.1150 -10.0000 2.0000 10.0000 -2.0000 6.0000 -6.0000 0.5000 0.5000 0.5000 0.5000 0.5000 2.5000 1.8570 4.6093 
8.0000 15.0000 6.0000 -2.0000 1.0000 -9.9000 2 1.0000 1.0000 1.5380 -8.0000 0.0000 4.0000 -4.0000 8.0000 -12.0000 0.5000 0.5000 0.5000 0.5000 0.5000 2.5000 1.8452 4.5926 
8.0000 7.0000 6.0000 -4.0000 1.0000 9.9000 8 -1.0000 1.0000 1.5570 6.0000 -6.0000 -14.0000 -2.0000 -10.0000 2.0000 0.5000 0.5000 0.5000 0.5000 0.5000 2.5000 1.9155 4.6758 
8.0000 54.0000 6.0000 2.0000 0.0000 3.3000 8 -1.0000 1.0000 2.5100 0.0000 8.0000 12.0000 -8.0000 4.0000 -4.0000 0.5500 0.3215 0.5798 0.6825 0.3708 2.5046 1.9502 4.6971 
8.0000 36.0000 6.0000 0.0000 0.0000 -9.9000 2 1.0000 1.0000 1.3600 2.0000 -6.0000 -10.0000 10.0000 -2.0000 6.0000 0.5035 0.3387 0.5754 0.7386 0.3455 2.5016 1.7977 4.5441 
8.0000 31.0000 6.0000 0.0000 1.0000 -3.3000 2 1.0000 1.0000 0.9770 6.0000 -2.0000 -6.0000 2.0000 -10.0000 10.0000 0.5000 0.5000 0.5000 0.5000 0.5000 2.5000 1.7708 4.5091 
8.0000 62.0000 6.0000 4.0000 1.0000 6.6000 8 -1.0000 1.0000 1.3210 10.0000 -2.0000 -6.0000 14.0000 2.0000 6.0000 0.5000 0.5000 0.5000 0.5000 0.5000 2.5000 1.7889 4.5259 
8.0000 3.0000 6.0000 -4.0000 1.0000 -3.3000 2 1.0000 1.0000 0.9230 -10.0000 2.0000 6.0000 -14.0000 -2.0000 -6.0000 0.5000 0.5000 0.5000 0.5000 0.5000 2.5000 1.9514 4.6925 
8.0000 44.0000 6.0000 2.0000 1.0000 -6.6000 2 1.0000 1.0000 0.9020 12.0000 4.0000 -8.0000 8.0000 -4.0000 0.0000 0.5000 0.5000 0.5000 0.5000 0.5000 2.5000 1.8829 4.6426 
8.0000 30.0000 6.0000 0.0000 1.0000 -6.6000 2 1.0000 1.0000 1.4430 6.0000 -6.0000 -10.0000 10.0000 -2.0000 2.0000 0.5000 0.5000 0.5000 0.5000 0.5000 2.5000 1.8980 4.6594 
8.0000 67.0000 6.0000 4.0000 0.0000 0.0000 8 -1.0000 0.0000 1.4720 10.0000 -2.0000 -6.0000 14.0000 2.0000 6.0000 0.4660 0.5514 0.5012 0.5999 0.3756 2.4941 1.7782 4.5200 
8.0000 68.0000 6.0000 4.0000 0.0000 3.3000 8 -1.0000 1.0000 1.3410 14.0000 2.0000 -2.0000 6.0000 -6.0000 10.0000 0.7283 0.5637 0.4818 0.3047 0.4212 2.4997 1.7547 4.5088 
8.0000 10.0000 6.0000 -4.0000 0.0000 -3.3000 2 1.0000 1.0000 1.0700 -10.0000 2.0000 6.0000 -14.0000 -2.0000 -6.0000 0.4253 0.5922 0.3708 0.7320 0.3837 2.5040 1.9592 4.7132 
8.0000 39.0000 6.0000 0.0000 0.0000 0.0000 8 -1.0000 0.0000 0.8730 10.0000 2.0000 -6.0000 6.0000 -10.0000 -2.0000 0.5253 0.4313 0.6066 0.4113 0.5351 2.5095 1.7535 4.5187 
8.0000 19.0000 6.0000 -2.0000 1.0000 3.3000 8 -1.0000 1.0000 0.8120 8.0000 0.0000 -12.0000 4.0000 -8.0000 -4.0000 0.5000 0.5000 0.5000 0.5000 0.5000 2.5000 1.8370 4.5759 
8.0000 14.0000 6.0000 -4.0000 0.0000 9.9000 8 -1.0000 1.0000 0.6290 6.0000 -2.0000 -14.0000 2.0000 -10.0000 -6.0000 0.4845 0.6631 0.4875 0.3058 0.5636 2.5045 1.8891 4.6304 
8.0000 55.0000 6.0000 2.0000 0.0000 6.6000 8 -1.0000 1.0000 1.4040 8.0000 0.0000 -4.0000 4.0000 -8.0000 12.0000 0.5005 0.3617 0.4220 0.7114 0.5143 2.5099 1.7717 4.5192 
8.0000 2.0000 6.0000 -4.0000 1.0000 -6.6000 2 1.0000 1.0000 1.0710 6.0000 -6.0000 -14.0000 -2.0000 -10.0000 2.0000 0.5000 0.5000 0.5000 0.5000 0.5000 2.5000 1.8368 4.5926 
8.0000 63.0000 6.0000 4.0000 1.0000 9.9000 8 -1.0000 1.0000 0.9380 2.0000 10.0000 14.0000 -6.0000 6.0000 -2.0000 0.5000 0.5000 0.5000 0.5000 0.5000 2.5000 1.7765 4.5259 
