subNo index block mean periodicity testLevel pressedKey answer isCorrect rt s1 s2 s3 s4 s5 s6 t1 t2 t3 t4 t5 seqDuration startInterval trialDuration 
13.0000 44.0000 1.0000 2.0000 1.0000 -2.8133 8 1.0000 1.0000 1.1770 12.0000 0.0000 -4.0000 4.0000 -8.0000 8.0000 0.5000 0.5000 0.5000 0.5000 0.5000 2.5000 1.8599 4.6092 
13.0000 18.0000 1.0000 -2.0000 1.0000 0.0000 2 -1.0000 0.0000 1.7110 0.0000 -8.0000 -12.0000 8.0000 -4.0000 4.0000 0.5000 0.5000 0.5000 0.5000 0.5000 2.5000 1.8475 4.5927 
13.0000 16.0000 1.0000 -2.0000 1.0000 -2.8133 8 1.0000 1.0000 1.1780 -8.0000 0.0000 4.0000 -4.0000 8.0000 -12.0000 0.5000 0.5000 0.5000 0.5000 0.5000 2.5000 1.7530 4.4926 
13.0000 61.0000 1.0000 4.0000 1.0000 1.4067 2 -1.0000 1.0000 1.3730 14.0000 6.0000 -6.0000 10.0000 -2.0000 2.0000 0.5000 0.5000 0.5000 0.5000 0.5000 2.5000 1.8525 4.5924 
13.0000 5.0000 1.0000 -4.0000 1.0000 1.4067 2 -1.0000 1.0000 1.1070 6.0000 -2.0000 -14.0000 2.0000 -10.0000 -6.0000 0.5000 0.5000 0.5000 0.5000 0.5000 2.5000 1.7979 4.5591 
13.0000 32.0000 1.0000 0.0000 1.0000 0.0000 2 -1.0000 0.0000 0.9810 -6.0000 2.0000 10.0000 -2.0000 6.0000 -10.0000 0.5000 0.5000 0.5000 0.5000 0.5000 2.5000 1.7586 4.5092 
13.0000 33.0000 1.0000 0.0000 1.0000 1.4067 2 -1.0000 1.0000 0.9130 -10.0000 -2.0000 6.0000 -6.0000 10.0000 2.0000 0.5000 0.5000 0.5000 0.5000 0.5000 2.5000 1.8623 4.6092 
13.0000 64.0000 1.0000 4.0000 0.0000 -4.2200 8 1.0000 1.0000 1.0320 10.0000 -2.0000 -6.0000 14.0000 2.0000 6.0000 0.6862 0.4373 0.5809 0.3221 0.4664 2.4928 1.8936 4.6353 
13.0000 9.0000 1.0000 -4.0000 0.0000 -2.8133 8 1.0000 1.0000 1.1100 -14.0000 -6.0000 6.0000 -10.0000 2.0000 -2.0000 0.4370 0.6492 0.4565 0.5040 0.4571 2.5038 1.9164 4.6630 
13.0000 49.0000 1.0000 2.0000 1.0000 4.2200 2 -1.0000 1.0000 1.1590 -8.0000 4.0000 8.0000 0.0000 12.0000 -4.0000 0.5000 0.5000 0.5000 0.5000 0.5000 2.5000 1.9802 4.7259 
13.0000 51.0000 1.0000 2.0000 0.0000 -2.8133 8 1.0000 1.0000 1.0870 -8.0000 0.0000 8.0000 -4.0000 12.0000 4.0000 0.4017 0.4955 0.6325 0.3685 0.6011 2.4993 1.9561 4.7086 
13.0000 4.0000 1.0000 -4.0000 1.0000 0.0000 8 1.0000 0.0000 1.4150 2.0000 -6.0000 -14.0000 -2.0000 -10.0000 6.0000 0.5000 0.5000 0.5000 0.5000 0.5000 2.5000 1.8681 4.6093 
13.0000 48.0000 1.0000 2.0000 1.0000 2.8133 2 -1.0000 1.0000 1.3010 12.0000 0.0000 -8.0000 4.0000 -4.0000 8.0000 0.5000 0.5000 0.5000 0.5000 0.5000 2.5000 1.9932 4.7427 
13.0000 24.0000 1.0000 -2.0000 0.0000 -1.4067 8 1.0000 1.0000 1.1980 4.0000 -4.0000 -8.0000 0.0000 -12.0000 8.0000 0.5467 0.4663 0.3118 0.5483 0.6298 2.5028 1.7605 4.5286 
13.0000 3.0000 1.0000 -4.0000 1.0000 -1.4067 8 1.0000 1.0000 1.6900 6.0000 -6.0000 -14.0000 -2.0000 -10.0000 2.0000 0.5000 0.5000 0.5000 0.5000 0.5000 2.5000 1.8143 4.5759 
13.0000 40.0000 1.0000 0.0000 0.0000 1.4067 2 -1.0000 1.0000 1.2100 -10.0000 2.0000 10.0000 -2.0000 6.0000 -6.0000 0.4940 0.7162 0.3542 0.5599 0.3841 2.5084 1.8487 4.6175 
13.0000 27.0000 1.0000 -2.0000 0.0000 2.8133 2 -1.0000 1.0000 1.7500 8.0000 -4.0000 -12.0000 0.0000 -8.0000 4.0000 0.4293 0.3526 0.5575 0.6411 0.5101 2.4907 1.9662 4.7165 
13.0000 50.0000 1.0000 2.0000 0.0000 -4.2200 8 1.0000 1.0000 1.0420 0.0000 8.0000 12.0000 -8.0000 4.0000 -4.0000 0.3311 0.5604 0.7046 0.4275 0.4684 2.4920 1.8507 4.6012 
13.0000 70.0000 1.0000 4.0000 0.0000 4.2200 2 -1.0000 1.0000 1.0620 -2.0000 10.0000 14.0000 -6.0000 6.0000 2.0000 0.3401 0.5920 0.6857 0.3261 0.5489 2.4928 1.8158 4.5520 
13.0000 60.0000 1.0000 4.0000 1.0000 0.0000 2 -1.0000 0.0000 0.9870 -6.0000 2.0000 14.0000 -2.0000 10.0000 6.0000 0.5000 0.5000 0.5000 0.5000 0.5000 2.5000 1.7689 4.5091 
13.0000 36.0000 1.0000 0.0000 0.0000 -4.2200 2 -1.0000 0.0000 1.7600 10.0000 2.0000 -6.0000 6.0000 -10.0000 -2.0000 0.3554 0.4404 0.5402 0.4863 0.6837 2.5061 1.8475 4.5985 
13.0000 21.0000 1.0000 -2.0000 1.0000 4.2200 2 -1.0000 1.0000 1.0390 -8.0000 0.0000 4.0000 -4.0000 8.0000 -12.0000 0.5000 0.5000 0.5000 0.5000 0.5000 2.5000 1.7796 4.5258 
13.0000 29.0000 1.0000 0.0000 1.0000 -4.2200 8 1.0000 1.0000 1.4300 -10.0000 2.0000 6.0000 -2.0000 10.0000 -6.0000 0.5000 0.5000 0.5000 0.5000 0.5000 2.5000 1.8724 4.6259 
13.0000 19.0000 1.0000 -2.0000 1.0000 1.4067 2 -1.0000 1.0000 1.7390 -12.0000 0.0000 8.0000 -4.0000 4.0000 -8.0000 0.5000 0.5000 0.5000 0.5000 0.5000 2.5000 1.8247 4.5760 
13.0000 53.0000 1.0000 2.0000 0.0000 0.0000 2 -1.0000 0.0000 0.9930 -8.0000 4.0000 12.0000 0.0000 8.0000 -4.0000 0.4644 0.3184 0.3697 0.7005 0.6503 2.5032 1.8109 4.5625 
13.0000 63.0000 1.0000 4.0000 1.0000 4.2200 2 -1.0000 1.0000 1.2870 10.0000 2.0000 -6.0000 6.0000 -2.0000 14.0000 0.5000 0.5000 0.5000 0.5000 0.5000 2.5000 1.9425 4.6925 
13.0000 8.0000 1.0000 -4.0000 0.0000 -4.2200 8 1.0000 1.0000 1.2830 -6.0000 2.0000 6.0000 -14.0000 -2.0000 -10.0000 0.3568 0.4504 0.3243 0.5978 0.7636 2.4930 1.7853 4.5355 
13.0000 35.0000 1.0000 0.0000 1.0000 4.2200 2 -1.0000 1.0000 1.0500 10.0000 2.0000 -10.0000 6.0000 -6.0000 -2.0000 0.5000 0.5000 0.5000 0.5000 0.5000 2.5000 1.8838 4.6259 
13.0000 54.0000 1.0000 2.0000 0.0000 1.4067 8 1.0000 0.0000 1.6450 12.0000 4.0000 -4.0000 8.0000 -8.0000 0.0000 0.3995 0.5164 0.3322 0.7740 0.4837 2.5059 1.9826 4.7319 
13.0000 46.0000 1.0000 2.0000 1.0000 0.0000 8 1.0000 0.0000 1.7510 -4.0000 4.0000 8.0000 0.0000 12.0000 -8.0000 0.5000 0.5000 0.5000 0.5000 0.5000 2.5000 1.8342 4.5759 
13.0000 37.0000 1.0000 0.0000 0.0000 -2.8133 8 1.0000 1.0000 1.4990 -10.0000 2.0000 10.0000 -2.0000 6.0000 -6.0000 0.4224 0.7524 0.3143 0.3484 0.6569 2.4945 1.9355 4.6704 
13.0000 69.0000 1.0000 4.0000 0.0000 2.8133 2 -1.0000 1.0000 1.3670 14.0000 6.0000 -2.0000 10.0000 -6.0000 2.0000 0.6981 0.3461 0.3184 0.6761 0.4538 2.4925 1.9335 4.6850 
13.0000 25.0000 1.0000 -2.0000 0.0000 0.0000 2 -1.0000 0.0000 2.0740 -8.0000 4.0000 8.0000 -12.0000 0.0000 -4.0000 0.5370 0.4571 0.3192 0.5261 0.6704 2.5098 1.8526 4.6190 
13.0000 66.0000 1.0000 4.0000 0.0000 -1.4067 8 1.0000 1.0000 1.1180 14.0000 6.0000 -6.0000 10.0000 -2.0000 2.0000 0.4942 0.6306 0.4572 0.4316 0.4875 2.5011 1.9441 4.6938 
13.0000 42.0000 1.0000 0.0000 0.0000 4.2200 2 -1.0000 1.0000 1.1300 -10.0000 2.0000 10.0000 -2.0000 6.0000 -6.0000 0.3873 0.7082 0.5747 0.4396 0.3892 2.4991 1.9229 4.6750 
13.0000 2.0000 1.0000 -4.0000 1.0000 -2.8133 8 1.0000 1.0000 1.1170 -14.0000 -6.0000 2.0000 -10.0000 6.0000 -2.0000 0.5000 0.5000 0.5000 0.5000 0.5000 2.5000 1.9016 4.6425 
13.0000 6.0000 1.0000 -4.0000 1.0000 2.8133 2 -1.0000 1.0000 1.3200 6.0000 -6.0000 -10.0000 -2.0000 -14.0000 2.0000 0.5000 0.5000 0.5000 0.5000 0.5000 2.5000 1.9550 4.7093 
13.0000 45.0000 1.0000 2.0000 1.0000 -1.4067 8 1.0000 1.0000 1.6860 -8.0000 4.0000 12.0000 0.0000 8.0000 -4.0000 0.5000 0.5000 0.5000 0.5000 0.5000 2.5000 1.8599 4.6093 
13.0000 11.0000 1.0000 -4.0000 0.0000 0.0000 8 1.0000 0.0000 1.0170 2.0000 -6.0000 -10.0000 -2.0000 -14.0000 6.0000 0.3946 0.7273 0.6138 0.4536 0.3145 2.5038 1.9683 4.7132 
13.0000 62.0000 1.0000 4.0000 1.0000 2.8133 2 -1.0000 1.0000 0.8940 -6.0000 2.0000 10.0000 -2.0000 14.0000 6.0000 0.5000 0.5000 0.5000 0.5000 0.5000 2.5000 1.9846 4.7427 
13.0000 12.0000 1.0000 -4.0000 0.0000 1.4067 8 1.0000 0.0000 0.9410 2.0000 -10.0000 -14.0000 6.0000 -6.0000 -2.0000 0.5538 0.3863 0.3574 0.6577 0.5386 2.4938 1.8986 4.6530 
13.0000 23.0000 1.0000 -2.0000 0.0000 -2.8133 8 1.0000 1.0000 1.0340 0.0000 -8.0000 -12.0000 8.0000 -4.0000 4.0000 0.7728 0.3997 0.4453 0.3263 0.5589 2.5031 1.8021 4.5623 
13.0000 39.0000 1.0000 0.0000 0.0000 0.0000 8 1.0000 0.0000 2.2310 10.0000 2.0000 -6.0000 6.0000 -10.0000 -2.0000 0.3315 0.7453 0.4546 0.3318 0.6355 2.4986 1.8036 4.5578 
13.0000 26.0000 1.0000 -2.0000 0.0000 1.4067 2 -1.0000 1.0000 0.9960 -12.0000 -4.0000 4.0000 -8.0000 8.0000 0.0000 0.5288 0.3327 0.5518 0.5088 0.5824 2.5045 1.9663 4.7138 
13.0000 47.0000 1.0000 2.0000 1.0000 1.4067 2 -1.0000 1.0000 0.8220 8.0000 0.0000 -4.0000 4.0000 -8.0000 12.0000 0.5000 0.5000 0.5000 0.5000 0.5000 2.5000 1.8863 4.6426 
13.0000 20.0000 1.0000 -2.0000 1.0000 2.8133 2 -1.0000 1.0000 1.2840 -12.0000 -4.0000 8.0000 -8.0000 4.0000 0.0000 0.5000 0.5000 0.5000 0.5000 0.5000 2.5000 1.9407 4.6925 
13.0000 13.0000 1.0000 -4.0000 0.0000 2.8133 2 -1.0000 1.0000 1.9670 -2.0000 -10.0000 -14.0000 6.0000 -6.0000 2.0000 0.4623 0.3588 0.5422 0.6871 0.4468 2.4973 1.7773 4.5232 
13.0000 7.0000 1.0000 -4.0000 1.0000 4.2200 2 -1.0000 1.0000 0.8440 6.0000 -2.0000 -10.0000 2.0000 -14.0000 -6.0000 0.5000 0.5000 0.5000 0.5000 0.5000 2.5000 1.8354 4.5759 
13.0000 28.0000 1.0000 -2.0000 0.0000 4.2200 2 -1.0000 1.0000 0.7730 8.0000 -4.0000 -12.0000 0.0000 -8.0000 4.0000 0.3771 0.7028 0.5898 0.4764 0.3466 2.4927 1.8895 4.6353 
13.0000 34.0000 1.0000 0.0000 1.0000 2.8133 2 -1.0000 1.0000 1.3070 -6.0000 2.0000 10.0000 -2.0000 6.0000 -10.0000 0.5000 0.5000 0.5000 0.5000 0.5000 2.5000 1.7501 4.5092 
13.0000 31.0000 1.0000 0.0000 1.0000 -1.4067 8 1.0000 1.0000 0.9210 6.0000 -2.0000 -10.0000 2.0000 -6.0000 10.0000 0.5000 0.5000 0.5000 0.5000 0.5000 2.5000 1.8758 4.6260 
13.0000 55.0000 1.0000 2.0000 0.0000 2.8133 2 -1.0000 1.0000 0.8520 -8.0000 4.0000 12.0000 0.0000 8.0000 -4.0000 0.3702 0.5020 0.5835 0.3348 0.7143 2.5049 1.9778 4.7308 
13.0000 67.0000 1.0000 4.0000 0.0000 0.0000 2 -1.0000 0.0000 2.2960 14.0000 6.0000 -6.0000 10.0000 -2.0000 2.0000 0.5737 0.6528 0.3514 0.5078 0.4199 2.5056 1.9470 4.6981 
13.0000 68.0000 1.0000 4.0000 0.0000 1.4067 8 1.0000 0.0000 1.7660 14.0000 6.0000 -2.0000 10.0000 -6.0000 2.0000 0.3810 0.5524 0.6188 0.5207 0.4257 2.4987 1.8873 4.6413 
13.0000 30.0000 1.0000 0.0000 1.0000 -2.8133 8 1.0000 1.0000 1.6870 6.0000 -2.0000 -10.0000 2.0000 -6.0000 10.0000 0.5000 0.5000 0.5000 0.5000 0.5000 2.5000 1.9272 4.6759 
13.0000 52.0000 1.0000 2.0000 0.0000 -1.4067 8 1.0000 1.0000 2.9400 12.0000 0.0000 -8.0000 4.0000 -4.0000 8.0000 0.5462 0.4575 0.3082 0.4364 0.7444 2.4927 1.7702 4.5018 
13.0000 58.0000 1.0000 4.0000 1.0000 -2.8133 2 -1.0000 0.0000 1.4090 -6.0000 2.0000 10.0000 -2.0000 14.0000 6.0000 0.5000 0.5000 0.5000 0.5000 0.5000 2.5000 1.8348 4.5758 
13.0000 38.0000 1.0000 0.0000 0.0000 -1.4067 2 -1.0000 0.0000 1.5030 -10.0000 2.0000 10.0000 -2.0000 6.0000 -6.0000 0.3976 0.6820 0.6561 0.4132 0.3559 2.5048 1.9217 4.6807 
13.0000 57.0000 1.0000 4.0000 1.0000 -4.2200 8 1.0000 1.0000 1.0160 14.0000 2.0000 -2.0000 6.0000 -6.0000 10.0000 0.5000 0.5000 0.5000 0.5000 0.5000 2.5000 1.7847 4.5427 
13.0000 14.0000 1.0000 -4.0000 0.0000 4.2200 2 -1.0000 1.0000 1.2590 -14.0000 -2.0000 2.0000 -6.0000 6.0000 -10.0000 0.4384 0.5660 0.5307 0.4204 0.5475 2.5030 1.8589 4.6122 
13.0000 22.0000 1.0000 -2.0000 0.0000 -4.2200 8 1.0000 1.0000 1.0340 -8.0000 4.0000 8.0000 -12.0000 0.0000 -4.0000 0.4218 0.3672 0.6002 0.3866 0.7251 2.5009 1.8781 4.6267 
13.0000 43.0000 1.0000 2.0000 1.0000 -4.2200 8 1.0000 1.0000 1.0560 -8.0000 0.0000 12.0000 -4.0000 8.0000 4.0000 0.5000 0.5000 0.5000 0.5000 0.5000 2.5000 1.7835 4.5259 
13.0000 56.0000 1.0000 2.0000 0.0000 4.2200 2 -1.0000 1.0000 1.1160 -8.0000 0.0000 12.0000 -4.0000 8.0000 4.0000 0.5774 0.4523 0.4983 0.3546 0.6079 2.4905 1.9875 4.7331 
13.0000 65.0000 1.0000 4.0000 0.0000 -2.8133 8 1.0000 1.0000 1.4290 10.0000 2.0000 -6.0000 6.0000 -2.0000 14.0000 0.4409 0.5613 0.3395 0.4150 0.7446 2.5012 1.8207 4.5604 
13.0000 15.0000 1.0000 -2.0000 1.0000 -4.2200 8 1.0000 1.0000 1.9150 -12.0000 -4.0000 8.0000 -8.0000 4.0000 0.0000 0.5000 0.5000 0.5000 0.5000 0.5000 2.5000 1.7573 4.5091 
13.0000 17.0000 1.0000 -2.0000 1.0000 -1.4067 8 1.0000 1.0000 0.9010 -12.0000 0.0000 4.0000 -4.0000 8.0000 -8.0000 0.5000 0.5000 0.5000 0.5000 0.5000 2.5000 1.7561 4.5092 
13.0000 10.0000 1.0000 -4.0000 0.0000 -1.4067 8 1.0000 1.0000 1.0990 -2.0000 -10.0000 -14.0000 6.0000 -6.0000 2.0000 0.3022 0.5219 0.4961 0.7279 0.4550 2.5032 1.8742 4.6291 
13.0000 1.0000 1.0000 -4.0000 1.0000 -4.2200 8 1.0000 1.0000 1.0150 6.0000 -2.0000 -14.0000 2.0000 -10.0000 -6.0000 0.5000 0.5000 0.5000 0.5000 0.5000 2.5000 1.9094 4.6593 
13.0000 59.0000 1.0000 4.0000 1.0000 -1.4067 2 -1.0000 0.0000 1.2090 -6.0000 2.0000 10.0000 -2.0000 14.0000 6.0000 0.5000 0.5000 0.5000 0.5000 0.5000 2.5000 1.8440 4.5926 
13.0000 41.0000 1.0000 0.0000 0.0000 2.8133 2 -1.0000 1.0000 1.1450 10.0000 2.0000 -10.0000 6.0000 -6.0000 -2.0000 0.4319 0.6530 0.3310 0.7521 0.3399 2.5079 1.9415 4.7005 
13.0000 43.0000 2.0000 2.0000 1.0000 -4.2200 8 1.0000 1.0000 1.4900 12.0000 0.0000 -4.0000 4.0000 -8.0000 8.0000 0.5000 0.5000 0.5000 0.5000 0.5000 2.5000 1.7889 4.5258 
13.0000 57.0000 2.0000 4.0000 1.0000 -4.2200 8 1.0000 1.0000 1.7570 -6.0000 2.0000 10.0000 -2.0000 14.0000 6.0000 0.5000 0.5000 0.5000 0.5000 0.5000 2.5000 1.7600 4.5091 
13.0000 67.0000 2.0000 4.0000 0.0000 0.0000 8 1.0000 0.0000 1.7530 14.0000 6.0000 -6.0000 10.0000 -2.0000 2.0000 0.4119 0.5325 0.7813 0.3241 0.4403 2.4902 1.8565 4.5995 
13.0000 53.0000 2.0000 2.0000 0.0000 0.0000 8 1.0000 0.0000 2.4140 12.0000 0.0000 -8.0000 4.0000 -4.0000 8.0000 0.5856 0.3911 0.3489 0.4448 0.7341 2.5045 1.8276 4.5804 
13.0000 59.0000 2.0000 4.0000 1.0000 -1.4067 8 1.0000 1.0000 2.3890 14.0000 2.0000 -6.0000 6.0000 -2.0000 10.0000 0.5000 0.5000 0.5000 0.5000 0.5000 2.5000 1.7645 4.5091 
13.0000 17.0000 2.0000 -2.0000 1.0000 -1.4067 2 -1.0000 0.0000 1.7870 -8.0000 0.0000 4.0000 -4.0000 8.0000 -12.0000 0.5000 0.5000 0.5000 0.5000 0.5000 2.5000 1.9427 4.6925 
13.0000 58.0000 2.0000 4.0000 1.0000 -2.8133 2 -1.0000 0.0000 1.3320 10.0000 2.0000 -6.0000 6.0000 -2.0000 14.0000 0.5000 0.5000 0.5000 0.5000 0.5000 2.5000 1.9642 4.7092 
13.0000 6.0000 2.0000 -4.0000 1.0000 2.8133 2 -1.0000 1.0000 0.9150 -14.0000 -2.0000 6.0000 -6.0000 2.0000 -10.0000 0.5000 0.5000 0.5000 0.5000 0.5000 2.5000 1.8031 4.5426 
13.0000 37.0000 2.0000 0.0000 0.0000 -2.8133 2 -1.0000 0.0000 1.6220 6.0000 -6.0000 -10.0000 10.0000 -2.0000 2.0000 0.7276 0.3010 0.4844 0.5732 0.4174 2.5036 1.7632 4.5127 
13.0000 3.0000 2.0000 -4.0000 1.0000 -1.4067 8 1.0000 1.0000 2.4640 6.0000 -2.0000 -14.0000 2.0000 -10.0000 -6.0000 0.5000 0.5000 0.5000 0.5000 0.5000 2.5000 1.8237 4.5759 
13.0000 54.0000 2.0000 2.0000 0.0000 1.4067 2 -1.0000 1.0000 1.3070 12.0000 0.0000 -8.0000 4.0000 -4.0000 8.0000 0.4662 0.3002 0.5358 0.6376 0.5653 2.5051 1.7879 4.5475 
13.0000 61.0000 2.0000 4.0000 1.0000 1.4067 2 -1.0000 1.0000 1.6420 -6.0000 2.0000 14.0000 -2.0000 10.0000 6.0000 0.5000 0.5000 0.5000 0.5000 0.5000 2.5000 1.8546 4.6092 
13.0000 5.0000 2.0000 -4.0000 1.0000 1.4067 2 -1.0000 1.0000 0.9180 -10.0000 -2.0000 2.0000 -6.0000 6.0000 -14.0000 0.5000 0.5000 0.5000 0.5000 0.5000 2.5000 1.7930 4.5425 
13.0000 28.0000 2.0000 -2.0000 0.0000 4.2200 2 -1.0000 1.0000 0.8160 -12.0000 -4.0000 4.0000 -8.0000 8.0000 0.0000 0.3425 0.4719 0.6359 0.3159 0.7398 2.5060 1.9152 4.6652 
13.0000 36.0000 2.0000 0.0000 0.0000 -4.2200 8 1.0000 1.0000 1.0460 -10.0000 2.0000 6.0000 -2.0000 10.0000 -6.0000 0.5565 0.5225 0.6433 0.4386 0.3303 2.4913 1.9993 4.7339 
13.0000 69.0000 2.0000 4.0000 0.0000 2.8133 2 -1.0000 1.0000 1.3240 -6.0000 6.0000 10.0000 2.0000 14.0000 -2.0000 0.6574 0.5887 0.3512 0.5535 0.3455 2.4962 1.9715 4.7222 
13.0000 47.0000 2.0000 2.0000 1.0000 1.4067 2 -1.0000 1.0000 1.0000 8.0000 0.0000 -4.0000 4.0000 -8.0000 12.0000 0.5000 0.5000 0.5000 0.5000 0.5000 2.5000 1.9062 4.6425 
13.0000 10.0000 2.0000 -4.0000 0.0000 -1.4067 8 1.0000 1.0000 1.2760 6.0000 -2.0000 -10.0000 2.0000 -14.0000 -6.0000 0.6017 0.3335 0.7291 0.5308 0.3121 2.5071 1.8030 4.5496 
13.0000 8.0000 2.0000 -4.0000 0.0000 -4.2200 8 1.0000 1.0000 0.9350 -2.0000 -10.0000 -14.0000 6.0000 -6.0000 2.0000 0.4548 0.7525 0.4175 0.4658 0.4190 2.5096 1.9876 4.7520 
13.0000 18.0000 2.0000 -2.0000 1.0000 0.0000 2 -1.0000 0.0000 1.7300 0.0000 -8.0000 -12.0000 8.0000 -4.0000 4.0000 0.5000 0.5000 0.5000 0.5000 0.5000 2.5000 1.9161 4.6759 
13.0000 63.0000 2.0000 4.0000 1.0000 4.2200 2 -1.0000 1.0000 1.5310 14.0000 6.0000 -2.0000 10.0000 -6.0000 2.0000 0.5000 0.5000 0.5000 0.5000 0.5000 2.5000 1.9481 4.7093 
13.0000 9.0000 2.0000 -4.0000 0.0000 -2.8133 8 1.0000 1.0000 0.9160 -2.0000 -10.0000 -14.0000 6.0000 -6.0000 2.0000 0.7474 0.4084 0.6470 0.3223 0.3823 2.5074 1.7508 4.5166 
13.0000 1.0000 2.0000 -4.0000 1.0000 -4.2200 8 1.0000 1.0000 0.9230 2.0000 -10.0000 -14.0000 6.0000 -6.0000 -2.0000 0.5000 0.5000 0.5000 0.5000 0.5000 2.5000 1.8193 4.5758 
13.0000 11.0000 2.0000 -4.0000 0.0000 0.0000 8 1.0000 0.0000 1.1090 -14.0000 -6.0000 6.0000 -10.0000 2.0000 -2.0000 0.5555 0.6698 0.3694 0.4014 0.5126 2.5087 1.7696 4.5346 
13.0000 68.0000 2.0000 4.0000 0.0000 1.4067 2 -1.0000 1.0000 2.6620 14.0000 6.0000 -6.0000 10.0000 -2.0000 2.0000 0.5150 0.7499 0.4350 0.4839 0.3099 2.4936 1.8245 4.5696 
13.0000 55.0000 2.0000 2.0000 0.0000 2.8133 8 1.0000 0.0000 1.7720 0.0000 8.0000 12.0000 -8.0000 4.0000 -4.0000 0.6696 0.3133 0.5763 0.5360 0.3989 2.4942 1.9462 4.6867 
13.0000 40.0000 2.0000 0.0000 0.0000 1.4067 8 1.0000 0.0000 1.6770 -6.0000 2.0000 10.0000 -2.0000 6.0000 -10.0000 0.6864 0.3432 0.4291 0.5807 0.4516 2.4910 1.9254 4.6670 
13.0000 66.0000 2.0000 4.0000 0.0000 -1.4067 8 1.0000 1.0000 1.2390 2.0000 10.0000 14.0000 -6.0000 6.0000 -2.0000 0.3327 0.7227 0.4876 0.3631 0.6015 2.5076 1.9530 4.7168 
13.0000 56.0000 2.0000 2.0000 0.0000 4.2200 2 -1.0000 1.0000 0.8850 -4.0000 4.0000 12.0000 0.0000 8.0000 -8.0000 0.4877 0.5683 0.3405 0.5808 0.5268 2.5042 1.7608 4.5133 
13.0000 22.0000 2.0000 -2.0000 0.0000 -4.2200 8 1.0000 1.0000 1.1990 -12.0000 -4.0000 8.0000 -8.0000 4.0000 0.0000 0.6579 0.4276 0.6962 0.3021 0.4250 2.5087 1.7644 4.5179 
13.0000 44.0000 2.0000 2.0000 1.0000 -2.8133 8 1.0000 1.0000 1.7700 12.0000 4.0000 -8.0000 8.0000 -4.0000 0.0000 0.5000 0.5000 0.5000 0.5000 0.5000 2.5000 1.8937 4.6426 
13.0000 27.0000 2.0000 -2.0000 0.0000 2.8133 8 1.0000 0.0000 1.4390 4.0000 -4.0000 -8.0000 0.0000 -12.0000 8.0000 0.5025 0.4747 0.7318 0.3701 0.4175 2.4967 1.9905 4.7392 
13.0000 25.0000 2.0000 -2.0000 0.0000 0.0000 2 -1.0000 0.0000 1.8900 4.0000 -8.0000 -12.0000 8.0000 -4.0000 0.0000 0.4651 0.5690 0.3421 0.7821 0.3474 2.5057 1.8538 4.6149 
13.0000 23.0000 2.0000 -2.0000 0.0000 -2.8133 8 1.0000 1.0000 1.0520 8.0000 -4.0000 -8.0000 0.0000 -12.0000 4.0000 0.5937 0.3018 0.4665 0.4094 0.7239 2.4953 1.7996 4.5379 
13.0000 32.0000 2.0000 0.0000 1.0000 0.0000 8 1.0000 0.0000 1.3530 2.0000 -6.0000 -10.0000 10.0000 -2.0000 6.0000 0.5000 0.5000 0.5000 0.5000 0.5000 2.5000 1.9432 4.6926 
13.0000 16.0000 2.0000 -2.0000 1.0000 -2.8133 8 1.0000 1.0000 0.8640 -12.0000 -4.0000 4.0000 -8.0000 8.0000 0.0000 0.5000 0.5000 0.5000 0.5000 0.5000 2.5000 1.7527 4.5091 
13.0000 41.0000 2.0000 0.0000 0.0000 2.8133 2 -1.0000 1.0000 1.4110 -10.0000 2.0000 10.0000 -2.0000 6.0000 -6.0000 0.6694 0.4026 0.3410 0.6126 0.4709 2.4966 1.8560 4.6058 
13.0000 49.0000 2.0000 2.0000 1.0000 4.2200 2 -1.0000 1.0000 1.9940 -8.0000 4.0000 8.0000 0.0000 12.0000 -4.0000 0.5000 0.5000 0.5000 0.5000 0.5000 2.5000 1.9013 4.6594 
13.0000 21.0000 2.0000 -2.0000 1.0000 4.2200 2 -1.0000 1.0000 1.2170 -8.0000 0.0000 4.0000 -4.0000 8.0000 -12.0000 0.5000 0.5000 0.5000 0.5000 0.5000 2.5000 1.7668 4.5259 
13.0000 26.0000 2.0000 -2.0000 0.0000 1.4067 8 1.0000 0.0000 1.2540 8.0000 0.0000 -12.0000 4.0000 -8.0000 -4.0000 0.5147 0.3827 0.5742 0.3020 0.7342 2.5078 1.9488 4.7004 
13.0000 15.0000 2.0000 -2.0000 1.0000 -4.2200 8 1.0000 1.0000 0.9610 -12.0000 0.0000 8.0000 -4.0000 4.0000 -8.0000 0.5000 0.5000 0.5000 0.5000 0.5000 2.5000 1.9886 4.7427 
13.0000 50.0000 2.0000 2.0000 0.0000 -4.2200 8 1.0000 1.0000 0.9310 12.0000 4.0000 -4.0000 8.0000 -8.0000 0.0000 0.5505 0.6377 0.3832 0.3548 0.5648 2.4909 1.7922 4.5334 
13.0000 29.0000 2.0000 0.0000 1.0000 -4.2200 8 1.0000 1.0000 0.9080 -6.0000 6.0000 10.0000 -10.0000 2.0000 -2.0000 0.5000 0.5000 0.5000 0.5000 0.5000 2.5000 1.9837 4.7258 
13.0000 14.0000 2.0000 -4.0000 0.0000 4.2200 2 -1.0000 1.0000 1.0420 2.0000 -6.0000 -10.0000 -2.0000 -14.0000 6.0000 0.3918 0.5911 0.6188 0.5624 0.3302 2.4943 1.9051 4.6369 
13.0000 13.0000 2.0000 -4.0000 0.0000 2.8133 2 -1.0000 1.0000 0.9380 -10.0000 2.0000 6.0000 -14.0000 -2.0000 -6.0000 0.5766 0.7668 0.3464 0.4959 0.3232 2.5090 1.8348 4.6014 
13.0000 65.0000 2.0000 4.0000 0.0000 -2.8133 8 1.0000 1.0000 0.9810 -6.0000 2.0000 14.0000 -2.0000 10.0000 6.0000 0.3442 0.7156 0.4742 0.6355 0.3386 2.5081 1.8755 4.6340 
13.0000 31.0000 2.0000 0.0000 1.0000 -1.4067 8 1.0000 1.0000 1.4560 10.0000 2.0000 -6.0000 6.0000 -10.0000 -2.0000 0.5000 0.5000 0.5000 0.5000 0.5000 2.5000 1.8682 4.6259 
13.0000 12.0000 2.0000 -4.0000 0.0000 1.4067 8 1.0000 0.0000 0.8840 6.0000 -6.0000 -10.0000 -2.0000 -14.0000 2.0000 0.3492 0.4002 0.6286 0.7349 0.3947 2.5076 1.9678 4.7334 
13.0000 60.0000 2.0000 4.0000 1.0000 0.0000 2 -1.0000 0.0000 0.8130 -6.0000 2.0000 10.0000 -2.0000 14.0000 6.0000 0.5000 0.5000 0.5000 0.5000 0.5000 2.5000 1.9939 4.7426 
13.0000 33.0000 2.0000 0.0000 1.0000 1.4067 2 -1.0000 1.0000 0.7440 6.0000 -6.0000 -10.0000 10.0000 -2.0000 2.0000 0.5000 0.5000 0.5000 0.5000 0.5000 2.5000 1.8682 4.6092 
13.0000 24.0000 2.0000 -2.0000 0.0000 -1.4067 8 1.0000 1.0000 0.9070 -8.0000 0.0000 4.0000 -4.0000 8.0000 -12.0000 0.3758 0.4648 0.7383 0.5864 0.3316 2.4969 1.9430 4.6893 
13.0000 46.0000 2.0000 2.0000 1.0000 0.0000 8 1.0000 0.0000 0.9060 -4.0000 4.0000 12.0000 0.0000 8.0000 -8.0000 0.5000 0.5000 0.5000 0.5000 0.5000 2.5000 1.8526 4.5926 
13.0000 38.0000 2.0000 0.0000 0.0000 -1.4067 8 1.0000 1.0000 1.3970 10.0000 -2.0000 -6.0000 2.0000 -10.0000 6.0000 0.6450 0.4266 0.4643 0.4335 0.5335 2.5029 1.7616 4.5121 
13.0000 39.0000 2.0000 0.0000 0.0000 0.0000 2 -1.0000 0.0000 2.9570 10.0000 -2.0000 -10.0000 2.0000 -6.0000 6.0000 0.3533 0.6114 0.5426 0.3604 0.6348 2.5026 1.7630 4.5285 
13.0000 70.0000 2.0000 4.0000 0.0000 4.2200 2 -1.0000 1.0000 0.9170 -6.0000 2.0000 14.0000 -2.0000 10.0000 6.0000 0.3342 0.7112 0.4889 0.5212 0.4462 2.5017 1.8909 4.6443 
13.0000 42.0000 2.0000 0.0000 0.0000 4.2200 2 -1.0000 1.0000 1.1510 10.0000 -2.0000 -6.0000 2.0000 -10.0000 6.0000 0.5068 0.7083 0.4353 0.3871 0.4543 2.4918 1.9858 4.7345 
13.0000 64.0000 2.0000 4.0000 0.0000 -4.2200 8 1.0000 1.0000 1.0680 10.0000 2.0000 -6.0000 6.0000 -2.0000 14.0000 0.5300 0.6854 0.5504 0.3070 0.4216 2.4945 1.8262 4.5703 
13.0000 2.0000 2.0000 -4.0000 1.0000 -2.8133 8 1.0000 1.0000 0.9110 -14.0000 -2.0000 6.0000 -6.0000 2.0000 -10.0000 0.5000 0.5000 0.5000 0.5000 0.5000 2.5000 1.8052 4.5592 
13.0000 35.0000 2.0000 0.0000 1.0000 4.2200 2 -1.0000 1.0000 1.0930 -2.0000 6.0000 10.0000 -10.0000 2.0000 -6.0000 0.5000 0.5000 0.5000 0.5000 0.5000 2.5000 1.8673 4.6092 
13.0000 30.0000 2.0000 0.0000 1.0000 -2.8133 8 1.0000 1.0000 0.9750 -6.0000 2.0000 6.0000 -2.0000 10.0000 -10.0000 0.5000 0.5000 0.5000 0.5000 0.5000 2.5000 1.7974 4.5424 
13.0000 19.0000 2.0000 -2.0000 1.0000 1.4067 2 -1.0000 1.0000 1.5920 4.0000 -4.0000 -8.0000 0.0000 -12.0000 8.0000 0.5000 0.5000 0.5000 0.5000 0.5000 2.5000 1.9927 4.7426 
13.0000 52.0000 2.0000 2.0000 0.0000 -1.4067 8 1.0000 1.0000 1.3700 12.0000 4.0000 -8.0000 8.0000 -4.0000 0.0000 0.6208 0.6692 0.5062 0.3052 0.4017 2.5031 1.8963 4.6457 
13.0000 62.0000 2.0000 4.0000 1.0000 2.8133 2 -1.0000 1.0000 1.4150 14.0000 2.0000 -2.0000 6.0000 -6.0000 10.0000 0.5000 0.5000 0.5000 0.5000 0.5000 2.5000 1.7807 4.5425 
13.0000 4.0000 2.0000 -4.0000 1.0000 0.0000 8 1.0000 0.0000 1.0430 2.0000 -6.0000 -14.0000 -2.0000 -10.0000 6.0000 0.5000 0.5000 0.5000 0.5000 0.5000 2.5000 1.9884 4.7426 
13.0000 48.0000 2.0000 2.0000 1.0000 2.8133 2 -1.0000 1.0000 1.5930 -8.0000 4.0000 12.0000 0.0000 8.0000 -4.0000 0.5000 0.5000 0.5000 0.5000 0.5000 2.5000 1.9275 4.6759 
13.0000 45.0000 2.0000 2.0000 1.0000 -1.4067 2 -1.0000 0.0000 0.8910 -4.0000 8.0000 12.0000 -8.0000 4.0000 0.0000 0.5000 0.5000 0.5000 0.5000 0.5000 2.5000 1.8757 4.6260 
13.0000 51.0000 2.0000 2.0000 0.0000 -2.8133 8 1.0000 1.0000 2.8580 -4.0000 4.0000 12.0000 0.0000 8.0000 -8.0000 0.3582 0.5212 0.7634 0.4634 0.3851 2.4912 1.8861 4.6339 
13.0000 34.0000 2.0000 0.0000 1.0000 2.8133 8 1.0000 0.0000 2.0680 6.0000 -2.0000 -6.0000 2.0000 -10.0000 10.0000 0.5000 0.5000 0.5000 0.5000 0.5000 2.5000 1.8187 4.5592 
13.0000 7.0000 2.0000 -4.0000 1.0000 4.2200 2 -1.0000 1.0000 2.1760 -14.0000 -6.0000 6.0000 -10.0000 2.0000 -2.0000 0.5000 0.5000 0.5000 0.5000 0.5000 2.5000 1.7748 4.5258 
13.0000 20.0000 2.0000 -2.0000 1.0000 2.8133 2 -1.0000 1.0000 1.4340 -12.0000 0.0000 4.0000 -4.0000 8.0000 -8.0000 0.5000 0.5000 0.5000 0.5000 0.5000 2.5000 1.9123 4.6594 
13.0000 64.0000 3.0000 4.0000 0.0000 -4.2200 8 1.0000 1.0000 1.3100 10.0000 2.0000 -2.0000 6.0000 -6.0000 14.0000 0.5030 0.6678 0.5212 0.4511 0.3576 2.5006 1.9602 4.7098 
13.0000 6.0000 3.0000 -4.0000 1.0000 2.8133 2 -1.0000 1.0000 0.8640 -10.0000 -2.0000 6.0000 -6.0000 2.0000 -14.0000 0.5000 0.5000 0.5000 0.5000 0.5000 2.5000 1.7734 4.5259 
13.0000 68.0000 3.0000 4.0000 0.0000 1.4067 2 -1.0000 1.0000 0.8750 14.0000 6.0000 -6.0000 10.0000 -2.0000 2.0000 0.3213 0.6505 0.5712 0.3404 0.6231 2.5065 1.7628 4.5156 
13.0000 22.0000 3.0000 -2.0000 0.0000 -4.2200 8 1.0000 1.0000 1.0100 8.0000 -4.0000 -8.0000 0.0000 -12.0000 4.0000 0.3368 0.4089 0.7960 0.4241 0.5315 2.4974 1.8748 4.6232 
13.0000 35.0000 3.0000 0.0000 1.0000 4.2200 2 -1.0000 1.0000 0.9450 -6.0000 2.0000 6.0000 -2.0000 10.0000 -10.0000 0.5000 0.5000 0.5000 0.5000 0.5000 2.5000 1.7680 4.5092 
13.0000 36.0000 3.0000 0.0000 0.0000 -4.2200 8 1.0000 1.0000 0.8480 -10.0000 2.0000 6.0000 -2.0000 10.0000 -6.0000 0.4434 0.3566 0.5138 0.4449 0.7510 2.5096 1.7999 4.5521 
13.0000 50.0000 3.0000 2.0000 0.0000 -4.2200 8 1.0000 1.0000 0.8860 -4.0000 8.0000 12.0000 -8.0000 4.0000 0.0000 0.6622 0.3735 0.3044 0.5579 0.6043 2.5023 1.7675 4.5114 
13.0000 38.0000 3.0000 0.0000 0.0000 -1.4067 8 1.0000 1.0000 1.5530 -6.0000 2.0000 10.0000 -2.0000 6.0000 -10.0000 0.6389 0.4169 0.7735 0.3586 0.3170 2.5049 1.8017 4.5473 
13.0000 59.0000 3.0000 4.0000 1.0000 -1.4067 2 -1.0000 0.0000 1.0400 -2.0000 6.0000 10.0000 2.0000 14.0000 -6.0000 0.5000 0.5000 0.5000 0.5000 0.5000 2.5000 1.9664 4.7092 
13.0000 4.0000 3.0000 -4.0000 1.0000 0.0000 8 1.0000 0.0000 1.0360 6.0000 -6.0000 -14.0000 -2.0000 -10.0000 2.0000 0.5000 0.5000 0.5000 0.5000 0.5000 2.5000 1.7848 4.5425 
13.0000 21.0000 3.0000 -2.0000 1.0000 4.2200 2 -1.0000 1.0000 1.3120 4.0000 -8.0000 -12.0000 8.0000 -4.0000 0.0000 0.5000 0.5000 0.5000 0.5000 0.5000 2.5000 1.7814 4.5426 
13.0000 46.0000 3.0000 2.0000 1.0000 0.0000 2 -1.0000 0.0000 0.9650 -8.0000 0.0000 12.0000 -4.0000 8.0000 4.0000 0.5000 0.5000 0.5000 0.5000 0.5000 2.5000 1.8813 4.6425 
13.0000 61.0000 3.0000 4.0000 1.0000 1.4067 2 -1.0000 1.0000 0.9240 6.0000 -2.0000 -6.0000 14.0000 2.0000 10.0000 0.5000 0.5000 0.5000 0.5000 0.5000 2.5000 1.8160 4.5592 
13.0000 31.0000 3.0000 0.0000 1.0000 -1.4067 2 -1.0000 0.0000 1.4330 -10.0000 -2.0000 10.0000 -6.0000 6.0000 2.0000 0.5000 0.5000 0.5000 0.5000 0.5000 2.5000 1.9158 4.6593 
13.0000 28.0000 3.0000 -2.0000 0.0000 4.2200 2 -1.0000 1.0000 0.8660 0.0000 -8.0000 -12.0000 8.0000 -4.0000 4.0000 0.5902 0.4619 0.7141 0.3439 0.3943 2.5043 1.8817 4.6303 
13.0000 5.0000 3.0000 -4.0000 1.0000 1.4067 8 1.0000 0.0000 1.2220 -14.0000 -6.0000 2.0000 -10.0000 6.0000 -2.0000 0.5000 0.5000 0.5000 0.5000 0.5000 2.5000 1.7520 4.4925 
13.0000 37.0000 3.0000 0.0000 0.0000 -2.8133 8 1.0000 1.0000 1.6360 10.0000 2.0000 -6.0000 6.0000 -10.0000 -2.0000 0.3076 0.4477 0.6045 0.5493 0.5828 2.4919 1.9739 4.7180 
13.0000 11.0000 3.0000 -4.0000 0.0000 0.0000 8 1.0000 0.0000 1.8440 6.0000 -2.0000 -10.0000 2.0000 -14.0000 -6.0000 0.6276 0.4476 0.3313 0.4429 0.6417 2.4911 1.9089 4.6502 
13.0000 49.0000 3.0000 2.0000 1.0000 4.2200 2 -1.0000 1.0000 1.3090 -4.0000 8.0000 12.0000 -8.0000 4.0000 0.0000 0.5000 0.5000 0.5000 0.5000 0.5000 2.5000 1.8301 4.5926 
13.0000 30.0000 3.0000 0.0000 1.0000 -2.8133 8 1.0000 1.0000 1.3030 -10.0000 -2.0000 10.0000 -6.0000 6.0000 2.0000 0.5000 0.5000 0.5000 0.5000 0.5000 2.5000 1.9754 4.7259 
13.0000 40.0000 3.0000 0.0000 0.0000 1.4067 2 -1.0000 1.0000 1.6410 6.0000 -2.0000 -10.0000 2.0000 -6.0000 10.0000 0.3495 0.6687 0.3835 0.7854 0.3183 2.5054 1.9442 4.6981 
13.0000 48.0000 3.0000 2.0000 1.0000 2.8133 2 -1.0000 1.0000 1.9680 8.0000 0.0000 -4.0000 4.0000 -8.0000 12.0000 0.5000 0.5000 0.5000 0.5000 0.5000 2.5000 1.9151 4.6592 
13.0000 65.0000 3.0000 4.0000 0.0000 -2.8133 8 1.0000 1.0000 1.0200 6.0000 -2.0000 -6.0000 14.0000 2.0000 10.0000 0.3525 0.4444 0.6658 0.3246 0.7199 2.5072 1.8818 4.6332 
13.0000 51.0000 3.0000 2.0000 0.0000 -2.8133 8 1.0000 1.0000 1.1450 -4.0000 4.0000 12.0000 0.0000 8.0000 -8.0000 0.5618 0.3356 0.4783 0.3663 0.7580 2.4999 1.8144 4.5591 
13.0000 24.0000 3.0000 -2.0000 0.0000 -1.4067 8 1.0000 1.0000 1.9970 8.0000 0.0000 -8.0000 4.0000 -12.0000 -4.0000 0.3007 0.5036 0.5763 0.6433 0.4854 2.5094 1.9030 4.6519 
13.0000 12.0000 3.0000 -4.0000 0.0000 1.4067 8 1.0000 0.0000 1.7080 -14.0000 -2.0000 2.0000 -6.0000 6.0000 -10.0000 0.6269 0.4377 0.6130 0.4721 0.3594 2.5091 1.7640 4.5183 
13.0000 9.0000 3.0000 -4.0000 0.0000 -2.8133 8 1.0000 1.0000 1.6960 -2.0000 -10.0000 -14.0000 6.0000 -6.0000 2.0000 0.6738 0.5017 0.3814 0.5415 0.4087 2.5072 1.8784 4.6497 
13.0000 55.0000 3.0000 2.0000 0.0000 2.8133 2 -1.0000 1.0000 0.8450 -4.0000 4.0000 12.0000 0.0000 8.0000 -8.0000 0.3889 0.5684 0.3693 0.6441 0.5268 2.4974 1.8924 4.6400 
13.0000 57.0000 3.0000 4.0000 1.0000 -4.2200 8 1.0000 1.0000 1.0810 -6.0000 6.0000 10.0000 2.0000 14.0000 -2.0000 0.5000 0.5000 0.5000 0.5000 0.5000 2.5000 1.7968 4.5424 
13.0000 70.0000 3.0000 4.0000 0.0000 4.2200 2 -1.0000 1.0000 1.0370 6.0000 -2.0000 -6.0000 14.0000 2.0000 10.0000 0.3835 0.6604 0.3110 0.7900 0.3502 2.4952 1.7622 4.5044 
13.0000 14.0000 3.0000 -4.0000 0.0000 4.2200 2 -1.0000 1.0000 0.8180 -10.0000 -2.0000 6.0000 -6.0000 2.0000 -14.0000 0.3946 0.6956 0.3707 0.6618 0.3755 2.4982 1.7816 4.5240 
13.0000 60.0000 3.0000 4.0000 1.0000 0.0000 2 -1.0000 0.0000 0.9390 -6.0000 2.0000 14.0000 -2.0000 10.0000 6.0000 0.5000 0.5000 0.5000 0.5000 0.5000 2.5000 1.8847 4.6258 
13.0000 66.0000 3.0000 4.0000 0.0000 -1.4067 2 -1.0000 0.0000 1.0980 14.0000 6.0000 -2.0000 10.0000 -6.0000 2.0000 0.4448 0.3688 0.7516 0.3107 0.6266 2.5024 1.8286 4.5783 
13.0000 15.0000 3.0000 -2.0000 1.0000 -4.2200 8 1.0000 1.0000 0.9010 -12.0000 -4.0000 4.0000 -8.0000 8.0000 0.0000 0.5000 0.5000 0.5000 0.5000 0.5000 2.5000 1.9908 4.7426 
13.0000 13.0000 3.0000 -4.0000 0.0000 2.8133 2 -1.0000 1.0000 1.1300 6.0000 -2.0000 -10.0000 2.0000 -14.0000 -6.0000 0.3718 0.5247 0.7269 0.3354 0.5322 2.4909 1.9408 4.6669 
13.0000 1.0000 3.0000 -4.0000 1.0000 -4.2200 8 1.0000 1.0000 0.8410 -14.0000 -2.0000 6.0000 -6.0000 2.0000 -10.0000 0.5000 0.5000 0.5000 0.5000 0.5000 2.5000 1.9992 4.7593 
13.0000 39.0000 3.0000 0.0000 0.0000 0.0000 8 1.0000 0.0000 1.6830 -10.0000 2.0000 10.0000 -2.0000 6.0000 -6.0000 0.3893 0.6775 0.5147 0.3028 0.6201 2.5044 1.9913 4.7472 
13.0000 56.0000 3.0000 2.0000 0.0000 4.2200 2 -1.0000 1.0000 0.8100 12.0000 0.0000 -8.0000 4.0000 -4.0000 8.0000 0.4280 0.4966 0.7695 0.4931 0.3183 2.5055 1.8580 4.6148 
13.0000 20.0000 3.0000 -2.0000 1.0000 2.8133 8 1.0000 0.0000 1.3850 4.0000 -8.0000 -12.0000 8.0000 -4.0000 0.0000 0.5000 0.5000 0.5000 0.5000 0.5000 2.5000 1.9465 4.6926 
13.0000 53.0000 3.0000 2.0000 0.0000 0.0000 8 1.0000 0.0000 1.4800 -4.0000 8.0000 12.0000 -8.0000 4.0000 0.0000 0.3149 0.7268 0.5240 0.3291 0.5988 2.4936 1.7677 4.5194 
13.0000 7.0000 3.0000 -4.0000 1.0000 4.2200 2 -1.0000 1.0000 0.7650 -14.0000 -2.0000 2.0000 -6.0000 6.0000 -10.0000 0.5000 0.5000 0.5000 0.5000 0.5000 2.5000 1.9108 4.6592 
13.0000 52.0000 3.0000 2.0000 0.0000 -1.4067 8 1.0000 1.0000 1.4630 -8.0000 4.0000 8.0000 0.0000 12.0000 -4.0000 0.4076 0.6204 0.3306 0.6999 0.4500 2.5085 1.9482 4.7010 
13.0000 58.0000 3.0000 4.0000 1.0000 -2.8133 2 -1.0000 0.0000 1.1040 14.0000 6.0000 -6.0000 10.0000 -2.0000 2.0000 0.5000 0.5000 0.5000 0.5000 0.5000 2.5000 1.8519 4.5926 
13.0000 67.0000 3.0000 4.0000 0.0000 0.0000 2 -1.0000 0.0000 0.8170 2.0000 10.0000 14.0000 -6.0000 6.0000 -2.0000 0.6103 0.3868 0.6914 0.3005 0.5054 2.4944 1.8276 4.5703 
13.0000 25.0000 3.0000 -2.0000 0.0000 0.0000 8 1.0000 0.0000 1.0620 8.0000 -4.0000 -8.0000 0.0000 -12.0000 4.0000 0.6908 0.6046 0.3745 0.5221 0.3045 2.4965 1.7693 4.5223 
13.0000 33.0000 3.0000 0.0000 1.0000 1.4067 2 -1.0000 1.0000 0.9670 10.0000 2.0000 -6.0000 6.0000 -10.0000 -2.0000 0.5000 0.5000 0.5000 0.5000 0.5000 2.5000 1.8282 4.5758 
13.0000 44.0000 3.0000 2.0000 1.0000 -2.8133 8 1.0000 1.0000 1.0150 12.0000 4.0000 -4.0000 8.0000 -8.0000 0.0000 0.5000 0.5000 0.5000 0.5000 0.5000 2.5000 1.8034 4.5592 
13.0000 8.0000 3.0000 -4.0000 0.0000 -4.2200 8 1.0000 1.0000 1.2510 2.0000 -6.0000 -10.0000 -2.0000 -14.0000 6.0000 0.3240 0.6790 0.4377 0.5597 0.5023 2.5027 1.7841 4.5452 
13.0000 27.0000 3.0000 -2.0000 0.0000 2.8133 2 -1.0000 1.0000 1.2890 -4.0000 4.0000 8.0000 -12.0000 0.0000 -8.0000 0.5238 0.4155 0.5194 0.6872 0.3452 2.4911 1.9142 4.6505 
13.0000 3.0000 3.0000 -4.0000 1.0000 -1.4067 8 1.0000 1.0000 1.1950 -10.0000 2.0000 6.0000 -14.0000 -2.0000 -6.0000 0.5000 0.5000 0.5000 0.5000 0.5000 2.5000 1.8046 4.5591 
13.0000 54.0000 3.0000 2.0000 0.0000 1.4067 2 -1.0000 1.0000 1.6890 8.0000 -4.0000 -8.0000 12.0000 0.0000 4.0000 0.6642 0.7043 0.3339 0.4848 0.3199 2.5072 1.8273 4.5831 
13.0000 10.0000 3.0000 -4.0000 0.0000 -1.4067 8 1.0000 1.0000 1.0340 -2.0000 -10.0000 -14.0000 6.0000 -6.0000 2.0000 0.4006 0.6578 0.4223 0.6749 0.3539 2.5093 1.9743 4.7353 
13.0000 69.0000 3.0000 4.0000 0.0000 2.8133 2 -1.0000 1.0000 1.0430 14.0000 2.0000 -2.0000 6.0000 -6.0000 10.0000 0.7434 0.4958 0.4471 0.4873 0.3342 2.5078 1.8739 4.6171 
13.0000 26.0000 3.0000 -2.0000 0.0000 1.4067 8 1.0000 0.0000 1.3680 -8.0000 4.0000 8.0000 -12.0000 0.0000 -4.0000 0.5142 0.6802 0.3464 0.5960 0.3702 2.5071 1.7553 4.5163 
13.0000 19.0000 3.0000 -2.0000 1.0000 1.4067 2 -1.0000 1.0000 0.8030 8.0000 -4.0000 -8.0000 0.0000 -12.0000 4.0000 0.5000 0.5000 0.5000 0.5000 0.5000 2.5000 1.9031 4.6592 
13.0000 2.0000 3.0000 -4.0000 1.0000 -2.8133 8 1.0000 1.0000 0.9930 6.0000 -6.0000 -14.0000 -2.0000 -10.0000 2.0000 0.5000 0.5000 0.5000 0.5000 0.5000 2.5000 1.9419 4.6926 
13.0000 18.0000 3.0000 -2.0000 1.0000 0.0000 8 1.0000 0.0000 1.1700 8.0000 0.0000 -12.0000 4.0000 -8.0000 -4.0000 0.5000 0.5000 0.5000 0.5000 0.5000 2.5000 1.7607 4.5092 
13.0000 34.0000 3.0000 0.0000 1.0000 2.8133 2 -1.0000 1.0000 0.9390 6.0000 -2.0000 -10.0000 2.0000 -6.0000 10.0000 0.5000 0.5000 0.5000 0.5000 0.5000 2.5000 1.8888 4.6425 
13.0000 32.0000 3.0000 0.0000 1.0000 0.0000 2 -1.0000 0.0000 1.8780 6.0000 -6.0000 -10.0000 10.0000 -2.0000 2.0000 0.5000 0.5000 0.5000 0.5000 0.5000 2.5000 1.7814 4.5258 
13.0000 45.0000 3.0000 2.0000 1.0000 -1.4067 2 -1.0000 0.0000 2.3130 0.0000 8.0000 12.0000 -8.0000 4.0000 -4.0000 0.5000 0.5000 0.5000 0.5000 0.5000 2.5000 1.9578 4.7091 
13.0000 29.0000 3.0000 0.0000 1.0000 -4.2200 8 1.0000 1.0000 0.9940 2.0000 -6.0000 -10.0000 10.0000 -2.0000 6.0000 0.5000 0.5000 0.5000 0.5000 0.5000 2.5000 1.8088 4.5593 
13.0000 47.0000 3.0000 2.0000 1.0000 1.4067 2 -1.0000 1.0000 0.7540 -8.0000 0.0000 12.0000 -4.0000 8.0000 4.0000 0.5000 0.5000 0.5000 0.5000 0.5000 2.5000 1.9499 4.6927 
13.0000 42.0000 3.0000 0.0000 0.0000 4.2200 2 -1.0000 1.0000 1.0190 -6.0000 2.0000 10.0000 -2.0000 6.0000 -10.0000 0.3299 0.3799 0.6229 0.7890 0.3720 2.4936 1.9130 4.6697 
13.0000 63.0000 3.0000 4.0000 1.0000 4.2200 2 -1.0000 1.0000 0.9860 10.0000 -2.0000 -6.0000 14.0000 2.0000 6.0000 0.5000 0.5000 0.5000 0.5000 0.5000 2.5000 1.9288 4.6926 
13.0000 17.0000 3.0000 -2.0000 1.0000 -1.4067 2 -1.0000 0.0000 2.4600 -12.0000 0.0000 4.0000 -4.0000 8.0000 -8.0000 0.5000 0.5000 0.5000 0.5000 0.5000 2.5000 1.9128 4.6592 
13.0000 43.0000 3.0000 2.0000 1.0000 -4.2200 8 1.0000 1.0000 0.8120 -4.0000 4.0000 8.0000 0.0000 12.0000 -8.0000 0.5000 0.5000 0.5000 0.5000 0.5000 2.5000 1.8520 4.6092 
13.0000 62.0000 3.0000 4.0000 1.0000 2.8133 2 -1.0000 1.0000 0.8730 -6.0000 6.0000 10.0000 2.0000 14.0000 -2.0000 0.5000 0.5000 0.5000 0.5000 0.5000 2.5000 1.9581 4.7092 
13.0000 41.0000 3.0000 0.0000 0.0000 2.8133 8 1.0000 0.0000 3.1320 -2.0000 6.0000 10.0000 -10.0000 2.0000 -6.0000 0.7429 0.3197 0.7749 0.3616 0.3067 2.5059 1.8248 4.5817 
13.0000 23.0000 3.0000 -2.0000 0.0000 -2.8133 8 1.0000 1.0000 1.0510 -8.0000 0.0000 4.0000 -4.0000 8.0000 -12.0000 0.3265 0.7424 0.3294 0.4250 0.6812 2.5046 1.9859 4.7305 
13.0000 16.0000 3.0000 -2.0000 1.0000 -2.8133 8 1.0000 1.0000 0.9890 -12.0000 -4.0000 4.0000 -8.0000 8.0000 0.0000 0.5000 0.5000 0.5000 0.5000 0.5000 2.5000 1.8676 4.6092 
13.0000 36.0000 4.0000 0.0000 0.0000 -4.2200 8 1.0000 1.0000 0.7790 6.0000 -2.0000 -6.0000 2.0000 -10.0000 10.0000 0.4327 0.5516 0.6776 0.4753 0.3693 2.5066 1.9331 4.6993 
13.0000 2.0000 4.0000 -4.0000 1.0000 -2.8133 8 1.0000 1.0000 0.8270 -14.0000 -6.0000 6.0000 -10.0000 2.0000 -2.0000 0.5000 0.5000 0.5000 0.5000 0.5000 2.5000 1.7789 4.5258 
13.0000 35.0000 4.0000 0.0000 1.0000 4.2200 2 -1.0000 1.0000 0.7290 -10.0000 2.0000 6.0000 -2.0000 10.0000 -6.0000 0.5000 0.5000 0.5000 0.5000 0.5000 2.5000 1.9450 4.6927 
13.0000 8.0000 4.0000 -4.0000 0.0000 -4.2200 8 1.0000 1.0000 0.8270 -10.0000 2.0000 6.0000 -14.0000 -2.0000 -6.0000 0.6105 0.3810 0.4148 0.6301 0.4585 2.4949 1.7874 4.5209 
13.0000 38.0000 4.0000 0.0000 0.0000 -1.4067 2 -1.0000 0.0000 0.8140 -6.0000 6.0000 10.0000 -10.0000 2.0000 -2.0000 0.6413 0.5294 0.3038 0.5321 0.4989 2.5055 1.8609 4.6147 
13.0000 22.0000 4.0000 -2.0000 0.0000 -4.2200 8 1.0000 1.0000 1.0370 -12.0000 0.0000 8.0000 -4.0000 4.0000 -8.0000 0.3482 0.5814 0.4225 0.3750 0.7650 2.4922 1.7999 4.5346 
13.0000 30.0000 4.0000 0.0000 1.0000 -2.8133 8 1.0000 1.0000 1.1210 6.0000 -2.0000 -10.0000 2.0000 -6.0000 10.0000 0.5000 0.5000 0.5000 0.5000 0.5000 2.5000 1.7664 4.5259 
13.0000 1.0000 4.0000 -4.0000 1.0000 -4.2200 8 1.0000 1.0000 0.7710 -10.0000 -2.0000 2.0000 -6.0000 6.0000 -14.0000 0.5000 0.5000 0.5000 0.5000 0.5000 2.5000 1.8956 4.6591 
13.0000 19.0000 4.0000 -2.0000 1.0000 1.4067 2 -1.0000 1.0000 0.8490 4.0000 -4.0000 -8.0000 0.0000 -12.0000 8.0000 0.5000 0.5000 0.5000 0.5000 0.5000 2.5000 1.8104 4.5593 
13.0000 13.0000 4.0000 -4.0000 0.0000 2.8133 2 -1.0000 1.0000 1.9650 -10.0000 2.0000 6.0000 -14.0000 -2.0000 -6.0000 0.3407 0.6929 0.4336 0.4777 0.5576 2.5024 1.8222 4.5784 
13.0000 58.0000 4.0000 4.0000 1.0000 -2.8133 8 1.0000 1.0000 2.0740 14.0000 6.0000 -6.0000 10.0000 -2.0000 2.0000 0.5000 0.5000 0.5000 0.5000 0.5000 2.5000 1.7965 4.5425 
13.0000 47.0000 4.0000 2.0000 1.0000 1.4067 2 -1.0000 1.0000 1.0520 -4.0000 4.0000 8.0000 0.0000 12.0000 -8.0000 0.5000 0.5000 0.5000 0.5000 0.5000 2.5000 1.8611 4.6092 
13.0000 24.0000 4.0000 -2.0000 0.0000 -1.4067 8 1.0000 1.0000 0.9710 8.0000 0.0000 -8.0000 4.0000 -12.0000 -4.0000 0.7883 0.5203 0.3925 0.3414 0.4653 2.5079 1.8561 4.6171 
13.0000 56.0000 4.0000 2.0000 0.0000 4.2200 2 -1.0000 1.0000 0.9120 12.0000 0.0000 -8.0000 4.0000 -4.0000 8.0000 0.6137 0.5209 0.3956 0.5070 0.4577 2.4949 1.9245 4.6706 
13.0000 45.0000 4.0000 2.0000 1.0000 -1.4067 2 -1.0000 0.0000 1.1930 -4.0000 8.0000 12.0000 -8.0000 4.0000 0.0000 0.5000 0.5000 0.5000 0.5000 0.5000 2.5000 1.9611 4.7093 
13.0000 61.0000 4.0000 4.0000 1.0000 1.4067 2 -1.0000 1.0000 0.8560 -6.0000 2.0000 10.0000 -2.0000 14.0000 6.0000 0.5000 0.5000 0.5000 0.5000 0.5000 2.5000 1.9653 4.7259 
13.0000 37.0000 4.0000 0.0000 0.0000 -2.8133 8 1.0000 1.0000 0.8870 -2.0000 6.0000 10.0000 -10.0000 2.0000 -6.0000 0.4310 0.3382 0.4269 0.7383 0.5749 2.5093 1.8314 4.6019 
13.0000 65.0000 4.0000 4.0000 0.0000 -2.8133 8 1.0000 1.0000 1.4370 14.0000 2.0000 -6.0000 6.0000 -2.0000 10.0000 0.3762 0.6574 0.6052 0.4011 0.4563 2.4963 1.8897 4.6388 
13.0000 16.0000 4.0000 -2.0000 1.0000 -2.8133 8 1.0000 1.0000 2.0170 -8.0000 4.0000 8.0000 -12.0000 0.0000 -4.0000 0.5000 0.5000 0.5000 0.5000 0.5000 2.5000 1.8462 4.5926 
13.0000 50.0000 4.0000 2.0000 0.0000 -4.2200 8 1.0000 1.0000 1.6670 12.0000 4.0000 -4.0000 8.0000 -8.0000 0.0000 0.3829 0.6041 0.7810 0.3119 0.4112 2.4911 1.8435 4.5837 
13.0000 32.0000 4.0000 0.0000 1.0000 0.0000 2 -1.0000 0.0000 1.7490 -10.0000 2.0000 6.0000 -2.0000 10.0000 -6.0000 0.5000 0.5000 0.5000 0.5000 0.5000 2.5000 1.7786 4.5259 
13.0000 25.0000 4.0000 -2.0000 0.0000 0.0000 8 1.0000 0.0000 1.7980 8.0000 -4.0000 -8.0000 0.0000 -12.0000 4.0000 0.5413 0.4881 0.7319 0.4379 0.3103 2.5095 1.7830 4.5354 
13.0000 54.0000 4.0000 2.0000 0.0000 1.4067 2 -1.0000 1.0000 0.9340 8.0000 -4.0000 -8.0000 12.0000 0.0000 4.0000 0.3007 0.4778 0.6285 0.7159 0.3723 2.4952 1.7898 4.5209 
13.0000 53.0000 4.0000 2.0000 0.0000 0.0000 2 -1.0000 0.0000 0.9670 -4.0000 4.0000 12.0000 0.0000 8.0000 -8.0000 0.5294 0.6010 0.6320 0.3042 0.4308 2.4975 1.9995 4.7402 
13.0000 70.0000 4.0000 4.0000 0.0000 4.2200 2 -1.0000 1.0000 0.9190 -2.0000 6.0000 10.0000 2.0000 14.0000 -6.0000 0.5815 0.3449 0.5267 0.4515 0.5992 2.5038 1.9106 4.6797 
13.0000 18.0000 4.0000 -2.0000 1.0000 0.0000 2 -1.0000 0.0000 1.8010 8.0000 0.0000 -8.0000 4.0000 -12.0000 -4.0000 0.5000 0.5000 0.5000 0.5000 0.5000 2.5000 1.7747 4.5258 
13.0000 12.0000 4.0000 -4.0000 0.0000 1.4067 8 1.0000 0.0000 0.8780 -2.0000 -10.0000 -14.0000 6.0000 -6.0000 2.0000 0.3705 0.6294 0.4813 0.5475 0.4717 2.5005 1.9975 4.7431 
13.0000 15.0000 4.0000 -2.0000 1.0000 -4.2200 8 1.0000 1.0000 0.8120 4.0000 -4.0000 -12.0000 0.0000 -8.0000 8.0000 0.5000 0.5000 0.5000 0.5000 0.5000 2.5000 1.9119 4.6592 
13.0000 55.0000 4.0000 2.0000 0.0000 2.8133 2 -1.0000 1.0000 1.0050 8.0000 -4.0000 -8.0000 12.0000 0.0000 4.0000 0.4806 0.6895 0.4829 0.3080 0.5431 2.5041 1.8823 4.6300 
13.0000 9.0000 4.0000 -4.0000 0.0000 -2.8133 8 1.0000 1.0000 0.8370 -14.0000 -2.0000 2.0000 -6.0000 6.0000 -10.0000 0.7680 0.3414 0.3672 0.4356 0.5854 2.4975 1.9297 4.6735 
13.0000 63.0000 4.0000 4.0000 1.0000 4.2200 2 -1.0000 1.0000 0.9350 2.0000 10.0000 14.0000 -6.0000 6.0000 -2.0000 0.5000 0.5000 0.5000 0.5000 0.5000 2.5000 1.8448 4.5926 
13.0000 42.0000 4.0000 0.0000 0.0000 4.2200 2 -1.0000 1.0000 0.8220 6.0000 -2.0000 -6.0000 2.0000 -10.0000 10.0000 0.4574 0.3445 0.7369 0.6406 0.3177 2.4971 1.8915 4.6398 
13.0000 28.0000 4.0000 -2.0000 0.0000 4.2200 2 -1.0000 1.0000 1.3960 -8.0000 0.0000 4.0000 -4.0000 8.0000 -12.0000 0.5687 0.6697 0.3497 0.5410 0.3685 2.4977 1.9169 4.6568 
13.0000 10.0000 4.0000 -4.0000 0.0000 -1.4067 8 1.0000 1.0000 0.7870 6.0000 -2.0000 -10.0000 2.0000 -14.0000 -6.0000 0.3415 0.4683 0.7136 0.6439 0.3315 2.4988 1.7810 4.5412 
13.0000 68.0000 4.0000 4.0000 0.0000 1.4067 2 -1.0000 1.0000 0.8940 14.0000 6.0000 -6.0000 10.0000 -2.0000 2.0000 0.3769 0.5548 0.4043 0.7134 0.4518 2.5013 1.8784 4.6273 
13.0000 69.0000 4.0000 4.0000 0.0000 2.8133 8 1.0000 0.0000 0.9300 10.0000 2.0000 -6.0000 6.0000 -2.0000 14.0000 0.5445 0.3903 0.6379 0.5904 0.3468 2.5099 1.9065 4.6691 
13.0000 66.0000 4.0000 4.0000 0.0000 -1.4067 8 1.0000 1.0000 1.0470 -2.0000 10.0000 14.0000 -6.0000 6.0000 2.0000 0.6548 0.5705 0.3781 0.4102 0.4862 2.4998 1.8425 4.5923 
13.0000 4.0000 4.0000 -4.0000 1.0000 0.0000 8 1.0000 0.0000 1.5350 -10.0000 2.0000 6.0000 -14.0000 -2.0000 -6.0000 0.5000 0.5000 0.5000 0.5000 0.5000 2.5000 1.8557 4.6092 
13.0000 41.0000 4.0000 0.0000 0.0000 2.8133 2 -1.0000 1.0000 1.2980 10.0000 2.0000 -6.0000 6.0000 -10.0000 -2.0000 0.4449 0.6784 0.5535 0.3808 0.4469 2.5045 1.9277 4.6805 
13.0000 39.0000 4.0000 0.0000 0.0000 0.0000 8 1.0000 0.0000 1.4090 -2.0000 6.0000 10.0000 -10.0000 2.0000 -6.0000 0.3444 0.7794 0.4151 0.5434 0.4146 2.4969 1.9066 4.6561 
13.0000 64.0000 4.0000 4.0000 0.0000 -4.2200 8 1.0000 1.0000 1.1840 -2.0000 6.0000 10.0000 2.0000 14.0000 -6.0000 0.4952 0.7964 0.4315 0.4655 0.3028 2.4914 1.9587 4.7006 
13.0000 26.0000 4.0000 -2.0000 0.0000 1.4067 2 -1.0000 1.0000 1.3930 -12.0000 0.0000 4.0000 -4.0000 8.0000 -8.0000 0.6342 0.4907 0.3443 0.5350 0.5022 2.5064 1.8881 4.6323 
13.0000 46.0000 4.0000 2.0000 1.0000 0.0000 2 -1.0000 0.0000 2.6160 -8.0000 4.0000 8.0000 0.0000 12.0000 -4.0000 0.5000 0.5000 0.5000 0.5000 0.5000 2.5000 1.8035 4.5594 
13.0000 48.0000 4.0000 2.0000 1.0000 2.8133 2 -1.0000 1.0000 0.8740 12.0000 4.0000 -4.0000 8.0000 -8.0000 0.0000 0.5000 0.5000 0.5000 0.5000 0.5000 2.5000 1.8096 4.5592 
13.0000 59.0000 4.0000 4.0000 1.0000 -1.4067 8 1.0000 1.0000 0.9020 -6.0000 2.0000 14.0000 -2.0000 10.0000 6.0000 0.5000 0.5000 0.5000 0.5000 0.5000 2.5000 1.7897 4.5425 
13.0000 21.0000 4.0000 -2.0000 1.0000 4.2200 8 1.0000 0.0000 1.3210 8.0000 -4.0000 -8.0000 0.0000 -12.0000 4.0000 0.5000 0.5000 0.5000 0.5000 0.5000 2.5000 1.7658 4.5091 
13.0000 5.0000 4.0000 -4.0000 1.0000 1.4067 8 1.0000 0.0000 0.9740 2.0000 -10.0000 -14.0000 6.0000 -6.0000 -2.0000 0.5000 0.5000 0.5000 0.5000 0.5000 2.5000 1.8840 4.6257 
13.0000 3.0000 4.0000 -4.0000 1.0000 -1.4067 8 1.0000 1.0000 1.0150 2.0000 -6.0000 -10.0000 -2.0000 -14.0000 6.0000 0.5000 0.5000 0.5000 0.5000 0.5000 2.5000 1.7656 4.5091 
13.0000 52.0000 4.0000 2.0000 0.0000 -1.4067 2 -1.0000 0.0000 2.3500 8.0000 -4.0000 -8.0000 12.0000 0.0000 4.0000 0.3663 0.6809 0.3825 0.3307 0.7484 2.5088 1.9512 4.7014 
13.0000 7.0000 4.0000 -4.0000 1.0000 4.2200 8 1.0000 0.0000 1.8110 -14.0000 -6.0000 6.0000 -10.0000 2.0000 -2.0000 0.5000 0.5000 0.5000 0.5000 0.5000 2.5000 1.8104 4.5591 
13.0000 6.0000 4.0000 -4.0000 1.0000 2.8133 2 -1.0000 1.0000 1.1140 -6.0000 2.0000 6.0000 -14.0000 -2.0000 -10.0000 0.5000 0.5000 0.5000 0.5000 0.5000 2.5000 1.7560 4.5092 
13.0000 14.0000 4.0000 -4.0000 0.0000 4.2200 8 1.0000 0.0000 1.5870 -14.0000 -2.0000 2.0000 -6.0000 6.0000 -10.0000 0.3530 0.7457 0.3586 0.6488 0.3858 2.4919 1.7835 4.5344 
13.0000 51.0000 4.0000 2.0000 0.0000 -2.8133 8 1.0000 1.0000 0.8420 0.0000 8.0000 12.0000 -8.0000 4.0000 -4.0000 0.3572 0.5759 0.6300 0.4041 0.5356 2.5028 1.9758 4.7287 
13.0000 43.0000 4.0000 2.0000 1.0000 -4.2200 8 1.0000 1.0000 0.9380 -8.0000 4.0000 8.0000 0.0000 12.0000 -4.0000 0.5000 0.5000 0.5000 0.5000 0.5000 2.5000 1.8953 4.6426 
13.0000 11.0000 4.0000 -4.0000 0.0000 0.0000 8 1.0000 0.0000 0.7460 2.0000 -6.0000 -10.0000 -2.0000 -14.0000 6.0000 0.4771 0.5996 0.7338 0.3217 0.3675 2.4997 1.7726 4.5254 
13.0000 62.0000 4.0000 4.0000 1.0000 2.8133 2 -1.0000 1.0000 1.2280 14.0000 2.0000 -2.0000 6.0000 -6.0000 10.0000 0.5000 0.5000 0.5000 0.5000 0.5000 2.5000 1.9195 4.6758 
13.0000 44.0000 4.0000 2.0000 1.0000 -2.8133 8 1.0000 1.0000 0.9130 -4.0000 4.0000 12.0000 0.0000 8.0000 -8.0000 0.5000 0.5000 0.5000 0.5000 0.5000 2.5000 1.7670 4.5092 
13.0000 34.0000 4.0000 0.0000 1.0000 2.8133 2 -1.0000 1.0000 1.0270 6.0000 -2.0000 -6.0000 2.0000 -10.0000 10.0000 0.5000 0.5000 0.5000 0.5000 0.5000 2.5000 1.8430 4.5927 
13.0000 67.0000 4.0000 4.0000 0.0000 0.0000 2 -1.0000 0.0000 2.7220 14.0000 6.0000 -6.0000 10.0000 -2.0000 2.0000 0.5088 0.7311 0.4229 0.3884 0.4519 2.5030 1.9174 4.6622 
13.0000 23.0000 4.0000 -2.0000 0.0000 -2.8133 8 1.0000 1.0000 1.0400 -12.0000 0.0000 4.0000 -4.0000 8.0000 -8.0000 0.7756 0.6718 0.4074 0.3372 0.3107 2.5028 1.9614 4.7286 
13.0000 20.0000 4.0000 -2.0000 1.0000 2.8133 8 1.0000 0.0000 1.6100 -12.0000 0.0000 8.0000 -4.0000 4.0000 -8.0000 0.5000 0.5000 0.5000 0.5000 0.5000 2.5000 1.8832 4.6425 
13.0000 33.0000 4.0000 0.0000 1.0000 1.4067 2 -1.0000 1.0000 1.1060 -6.0000 2.0000 10.0000 -2.0000 6.0000 -10.0000 0.5000 0.5000 0.5000 0.5000 0.5000 2.5000 1.9078 4.6593 
13.0000 27.0000 4.0000 -2.0000 0.0000 2.8133 8 1.0000 0.0000 1.3250 4.0000 -4.0000 -12.0000 0.0000 -8.0000 8.0000 0.6691 0.6190 0.3722 0.4905 0.3468 2.4976 1.9174 4.6734 
13.0000 17.0000 4.0000 -2.0000 1.0000 -1.4067 8 1.0000 1.0000 1.2550 4.0000 -4.0000 -12.0000 0.0000 -8.0000 8.0000 0.5000 0.5000 0.5000 0.5000 0.5000 2.5000 1.7538 4.5092 
13.0000 57.0000 4.0000 4.0000 1.0000 -4.2200 8 1.0000 1.0000 1.1730 -2.0000 10.0000 14.0000 -6.0000 6.0000 2.0000 0.5000 0.5000 0.5000 0.5000 0.5000 2.5000 1.9378 4.6926 
13.0000 29.0000 4.0000 0.0000 1.0000 -4.2200 8 1.0000 1.0000 1.0290 -6.0000 2.0000 10.0000 -2.0000 6.0000 -10.0000 0.5000 0.5000 0.5000 0.5000 0.5000 2.5000 1.9420 4.6925 
13.0000 40.0000 4.0000 0.0000 0.0000 1.4067 8 1.0000 0.0000 1.4810 -10.0000 2.0000 6.0000 -2.0000 10.0000 -6.0000 0.6743 0.4158 0.5467 0.3205 0.5482 2.5055 1.8068 4.5647 
13.0000 60.0000 4.0000 4.0000 1.0000 0.0000 2 -1.0000 0.0000 0.9030 10.0000 -2.0000 -6.0000 14.0000 2.0000 6.0000 0.5000 0.5000 0.5000 0.5000 0.5000 2.5000 1.9344 4.6759 
13.0000 31.0000 4.0000 0.0000 1.0000 -1.4067 8 1.0000 1.0000 2.1910 -10.0000 2.0000 10.0000 -2.0000 6.0000 -6.0000 0.5000 0.5000 0.5000 0.5000 0.5000 2.5000 1.7952 4.5592 
13.0000 49.0000 4.0000 2.0000 1.0000 4.2200 2 -1.0000 1.0000 1.4490 -4.0000 8.0000 12.0000 -8.0000 4.0000 0.0000 0.5000 0.5000 0.5000 0.5000 0.5000 2.5000 1.8366 4.5925 
13.0000 20.0000 5.0000 -2.0000 1.0000 2.8133 2 -1.0000 1.0000 0.9490 -8.0000 4.0000 8.0000 -12.0000 0.0000 -4.0000 0.5000 0.5000 0.5000 0.5000 0.5000 2.5000 1.9643 4.7093 
13.0000 8.0000 5.0000 -4.0000 0.0000 -4.2200 8 1.0000 1.0000 0.8940 6.0000 -6.0000 -14.0000 -2.0000 -10.0000 2.0000 0.3573 0.6014 0.4883 0.6451 0.4172 2.5094 1.9158 4.6687 
13.0000 49.0000 5.0000 2.0000 1.0000 4.2200 2 -1.0000 1.0000 0.9270 8.0000 0.0000 -8.0000 4.0000 -4.0000 12.0000 0.5000 0.5000 0.5000 0.5000 0.5000 2.5000 1.8339 4.5760 
13.0000 27.0000 5.0000 -2.0000 0.0000 2.8133 2 -1.0000 1.0000 0.9130 8.0000 -4.0000 -12.0000 0.0000 -8.0000 4.0000 0.3034 0.7970 0.6249 0.4043 0.3654 2.4951 1.8239 4.5709 
13.0000 22.0000 5.0000 -2.0000 0.0000 -4.2200 8 1.0000 1.0000 0.8340 -12.0000 0.0000 8.0000 -4.0000 4.0000 -8.0000 0.6824 0.3849 0.6131 0.5015 0.3187 2.5006 1.9794 4.7265 
13.0000 68.0000 5.0000 4.0000 0.0000 1.4067 2 -1.0000 1.0000 1.1430 -2.0000 6.0000 14.0000 2.0000 10.0000 -6.0000 0.3209 0.5267 0.4674 0.5781 0.6121 2.5052 1.9568 4.7143 
13.0000 5.0000 5.0000 -4.0000 1.0000 1.4067 8 1.0000 0.0000 0.6830 -10.0000 -2.0000 6.0000 -6.0000 2.0000 -14.0000 0.5000 0.5000 0.5000 0.5000 0.5000 2.5000 1.9201 4.6760 
13.0000 40.0000 5.0000 0.0000 0.0000 1.4067 2 -1.0000 1.0000 1.1020 -2.0000 6.0000 10.0000 -10.0000 2.0000 -6.0000 0.4249 0.3163 0.6663 0.7139 0.3757 2.4971 1.7664 4.5231 
13.0000 29.0000 5.0000 0.0000 1.0000 -4.2200 8 1.0000 1.0000 1.0880 -10.0000 2.0000 10.0000 -2.0000 6.0000 -6.0000 0.5000 0.5000 0.5000 0.5000 0.5000 2.5000 1.7695 4.5259 
13.0000 30.0000 5.0000 0.0000 1.0000 -2.8133 8 1.0000 1.0000 1.4200 -10.0000 -2.0000 10.0000 -6.0000 6.0000 2.0000 0.5000 0.5000 0.5000 0.5000 0.5000 2.5000 1.7512 4.5092 
13.0000 51.0000 5.0000 2.0000 0.0000 -2.8133 8 1.0000 1.0000 1.4940 -8.0000 4.0000 8.0000 0.0000 12.0000 -4.0000 0.4622 0.5754 0.3128 0.7188 0.4321 2.5013 1.8285 4.5772 
13.0000 32.0000 5.0000 0.0000 1.0000 0.0000 2 -1.0000 0.0000 1.0110 -6.0000 6.0000 10.0000 -10.0000 2.0000 -2.0000 0.5000 0.5000 0.5000 0.5000 0.5000 2.5000 1.9189 4.6594 
13.0000 12.0000 5.0000 -4.0000 0.0000 1.4067 8 1.0000 0.0000 1.0380 6.0000 -6.0000 -10.0000 -2.0000 -14.0000 2.0000 0.4316 0.4929 0.4257 0.7730 0.3734 2.4966 1.8595 4.6058 
13.0000 70.0000 5.0000 4.0000 0.0000 4.2200 2 -1.0000 1.0000 1.3090 2.0000 10.0000 14.0000 -6.0000 6.0000 -2.0000 0.7827 0.3977 0.3022 0.5395 0.4713 2.4934 1.9664 4.7026 
13.0000 61.0000 5.0000 4.0000 1.0000 1.4067 2 -1.0000 1.0000 1.2860 -6.0000 6.0000 10.0000 2.0000 14.0000 -2.0000 0.5000 0.5000 0.5000 0.5000 0.5000 2.5000 1.9684 4.7260 
13.0000 31.0000 5.0000 0.0000 1.0000 -1.4067 8 1.0000 1.0000 1.3340 -6.0000 2.0000 6.0000 -2.0000 10.0000 -10.0000 0.5000 0.5000 0.5000 0.5000 0.5000 2.5000 1.8299 4.5926 
13.0000 43.0000 5.0000 2.0000 1.0000 -4.2200 8 1.0000 1.0000 0.8020 -4.0000 4.0000 12.0000 0.0000 8.0000 -8.0000 0.5000 0.5000 0.5000 0.5000 0.5000 2.5000 1.8867 4.6427 
13.0000 62.0000 5.0000 4.0000 1.0000 2.8133 2 -1.0000 1.0000 0.9510 -2.0000 6.0000 14.0000 2.0000 10.0000 -6.0000 0.5000 0.5000 0.5000 0.5000 0.5000 2.5000 1.8627 4.6091 
13.0000 3.0000 5.0000 -4.0000 1.0000 -1.4067 8 1.0000 1.0000 0.9380 -6.0000 2.0000 6.0000 -14.0000 -2.0000 -10.0000 0.5000 0.5000 0.5000 0.5000 0.5000 2.5000 1.9111 4.6591 
13.0000 39.0000 5.0000 0.0000 0.0000 0.0000 8 1.0000 0.0000 1.9950 10.0000 -2.0000 -10.0000 2.0000 -6.0000 6.0000 0.5729 0.7856 0.4179 0.3915 0.3341 2.5020 1.9451 4.6946 
13.0000 45.0000 5.0000 2.0000 1.0000 -1.4067 2 -1.0000 0.0000 2.6710 0.0000 8.0000 12.0000 -8.0000 4.0000 -4.0000 0.5000 0.5000 0.5000 0.5000 0.5000 2.5000 1.8635 4.6092 
13.0000 54.0000 5.0000 2.0000 0.0000 1.4067 8 1.0000 0.0000 1.9450 12.0000 0.0000 -8.0000 4.0000 -4.0000 8.0000 0.4055 0.6326 0.4071 0.6686 0.3845 2.4984 1.8199 4.5576 
13.0000 59.0000 5.0000 4.0000 1.0000 -1.4067 2 -1.0000 0.0000 2.0240 -2.0000 6.0000 14.0000 2.0000 10.0000 -6.0000 0.5000 0.5000 0.5000 0.5000 0.5000 2.5000 1.7632 4.5091 
13.0000 55.0000 5.0000 2.0000 0.0000 2.8133 2 -1.0000 1.0000 1.0670 -4.0000 8.0000 12.0000 -8.0000 4.0000 0.0000 0.3793 0.4097 0.5721 0.3671 0.7796 2.5077 1.9993 4.7670 
13.0000 35.0000 5.0000 0.0000 1.0000 4.2200 2 -1.0000 1.0000 0.8310 -10.0000 -2.0000 6.0000 -6.0000 10.0000 2.0000 0.5000 0.5000 0.5000 0.5000 0.5000 2.5000 1.7736 4.5258 
13.0000 41.0000 5.0000 0.0000 0.0000 2.8133 2 -1.0000 1.0000 0.7870 -10.0000 2.0000 6.0000 -2.0000 10.0000 -6.0000 0.3602 0.4437 0.5981 0.4215 0.6756 2.4991 1.7694 4.5249 
13.0000 28.0000 5.0000 -2.0000 0.0000 4.2200 2 -1.0000 1.0000 0.6700 8.0000 0.0000 -12.0000 4.0000 -8.0000 -4.0000 0.4574 0.3335 0.3810 0.7657 0.5576 2.4952 1.8898 4.6377 
13.0000 13.0000 5.0000 -4.0000 0.0000 2.8133 8 1.0000 0.0000 1.0740 -6.0000 2.0000 6.0000 -14.0000 -2.0000 -10.0000 0.3927 0.5832 0.4067 0.5306 0.5941 2.5074 1.9638 4.7166 
13.0000 17.0000 5.0000 -2.0000 1.0000 -1.4067 8 1.0000 1.0000 1.0140 -8.0000 4.0000 8.0000 -12.0000 0.0000 -4.0000 0.5000 0.5000 0.5000 0.5000 0.5000 2.5000 1.7997 4.5425 
13.0000 52.0000 5.0000 2.0000 0.0000 -1.4067 2 -1.0000 0.0000 2.3080 8.0000 -4.0000 -8.0000 12.0000 0.0000 4.0000 0.4298 0.3346 0.7125 0.4437 0.5732 2.4939 1.9695 4.7032 
13.0000 33.0000 5.0000 0.0000 1.0000 1.4067 2 -1.0000 1.0000 2.9580 10.0000 -2.0000 -10.0000 2.0000 -6.0000 6.0000 0.5000 0.5000 0.5000 0.5000 0.5000 2.5000 1.9607 4.7092 
13.0000 65.0000 5.0000 4.0000 0.0000 -2.8133 8 1.0000 1.0000 1.1230 14.0000 2.0000 -2.0000 6.0000 -6.0000 10.0000 0.6557 0.4960 0.4677 0.5263 0.3447 2.4905 1.8665 4.6165 
13.0000 69.0000 5.0000 4.0000 0.0000 2.8133 2 -1.0000 1.0000 0.7960 -6.0000 6.0000 10.0000 2.0000 14.0000 -2.0000 0.3033 0.5689 0.4920 0.6771 0.4586 2.5000 1.9582 4.7091 
13.0000 21.0000 5.0000 -2.0000 1.0000 4.2200 2 -1.0000 1.0000 0.7700 -8.0000 4.0000 8.0000 -12.0000 0.0000 -4.0000 0.5000 0.5000 0.5000 0.5000 0.5000 2.5000 1.8114 4.5591 
13.0000 60.0000 5.0000 4.0000 1.0000 0.0000 2 -1.0000 0.0000 0.8030 14.0000 6.0000 -2.0000 10.0000 -6.0000 2.0000 0.5000 0.5000 0.5000 0.5000 0.5000 2.5000 1.9475 4.6925 
13.0000 46.0000 5.0000 2.0000 1.0000 0.0000 8 1.0000 0.0000 1.8840 8.0000 0.0000 -8.0000 4.0000 -4.0000 12.0000 0.5000 0.5000 0.5000 0.5000 0.5000 2.5000 1.8750 4.6259 
13.0000 42.0000 5.0000 0.0000 0.0000 4.2200 2 -1.0000 1.0000 1.5760 -10.0000 2.0000 10.0000 -2.0000 6.0000 -6.0000 0.4651 0.3179 0.5623 0.4100 0.7379 2.4931 1.9714 4.7191 
13.0000 56.0000 5.0000 2.0000 0.0000 4.2200 2 -1.0000 1.0000 1.8060 -4.0000 4.0000 12.0000 0.0000 8.0000 -8.0000 0.6901 0.3449 0.5423 0.3978 0.5189 2.4940 1.9545 4.7032 
13.0000 44.0000 5.0000 2.0000 1.0000 -2.8133 2 -1.0000 0.0000 1.6290 0.0000 8.0000 12.0000 -8.0000 4.0000 -4.0000 0.5000 0.5000 0.5000 0.5000 0.5000 2.5000 1.9410 4.6926 
13.0000 57.0000 5.0000 4.0000 1.0000 -4.2200 8 1.0000 1.0000 1.0060 10.0000 -2.0000 -6.0000 14.0000 2.0000 6.0000 0.5000 0.5000 0.5000 0.5000 0.5000 2.5000 1.9097 4.6591 
13.0000 53.0000 5.0000 2.0000 0.0000 0.0000 8 1.0000 0.0000 1.3950 -8.0000 4.0000 8.0000 0.0000 12.0000 -4.0000 0.5619 0.6749 0.4890 0.3766 0.4034 2.5058 1.7682 4.5318 
13.0000 4.0000 5.0000 -4.0000 1.0000 0.0000 8 1.0000 0.0000 1.8830 -10.0000 -2.0000 6.0000 -6.0000 2.0000 -14.0000 0.5000 0.5000 0.5000 0.5000 0.5000 2.5000 1.9256 4.6760 
13.0000 19.0000 5.0000 -2.0000 1.0000 1.4067 2 -1.0000 1.0000 3.2280 8.0000 -4.0000 -8.0000 0.0000 -12.0000 4.0000 0.5000 0.5000 0.5000 0.5000 0.5000 2.5000 1.8248 4.5758 
13.0000 16.0000 5.0000 -2.0000 1.0000 -2.8133 8 1.0000 1.0000 1.0060 4.0000 -4.0000 -8.0000 0.0000 -12.0000 8.0000 0.5000 0.5000 0.5000 0.5000 0.5000 2.5000 1.9895 4.7425 
13.0000 50.0000 5.0000 2.0000 0.0000 -4.2200 8 1.0000 1.0000 1.0760 12.0000 4.0000 -4.0000 8.0000 -8.0000 0.0000 0.5588 0.5164 0.3553 0.5794 0.4848 2.4948 1.8232 4.5707 
13.0000 67.0000 5.0000 4.0000 0.0000 0.0000 2 -1.0000 0.0000 1.4380 -6.0000 6.0000 10.0000 2.0000 14.0000 -2.0000 0.5801 0.6561 0.5239 0.3572 0.3826 2.4999 1.9598 4.7093 
13.0000 23.0000 5.0000 -2.0000 0.0000 -2.8133 8 1.0000 1.0000 0.9730 8.0000 -4.0000 -12.0000 0.0000 -8.0000 4.0000 0.5324 0.4556 0.4937 0.3436 0.6711 2.4963 1.7515 4.4887 
13.0000 15.0000 5.0000 -2.0000 1.0000 -4.2200 8 1.0000 1.0000 0.8710 8.0000 -4.0000 -12.0000 0.0000 -8.0000 4.0000 0.5000 0.5000 0.5000 0.5000 0.5000 2.5000 1.7656 4.5091 
13.0000 6.0000 5.0000 -4.0000 1.0000 2.8133 2 -1.0000 1.0000 2.3930 6.0000 -6.0000 -10.0000 -2.0000 -14.0000 2.0000 0.5000 0.5000 0.5000 0.5000 0.5000 2.5000 1.9593 4.7094 
13.0000 36.0000 5.0000 0.0000 0.0000 -4.2200 8 1.0000 1.0000 1.0050 10.0000 -2.0000 -6.0000 2.0000 -10.0000 6.0000 0.3132 0.4341 0.7648 0.6749 0.3218 2.5088 1.9875 4.7515 
13.0000 48.0000 5.0000 2.0000 1.0000 2.8133 2 -1.0000 1.0000 1.2100 -8.0000 4.0000 12.0000 0.0000 8.0000 -4.0000 0.5000 0.5000 0.5000 0.5000 0.5000 2.5000 1.7972 4.5592 
13.0000 37.0000 5.0000 0.0000 0.0000 -2.8133 8 1.0000 1.0000 0.9190 -10.0000 2.0000 6.0000 -2.0000 10.0000 -6.0000 0.7675 0.3979 0.3475 0.6068 0.3789 2.4985 1.7858 4.5410 
13.0000 10.0000 5.0000 -4.0000 0.0000 -1.4067 8 1.0000 1.0000 0.9140 6.0000 -2.0000 -14.0000 2.0000 -10.0000 -6.0000 0.4722 0.5398 0.6063 0.4802 0.4068 2.5053 1.7526 4.5145 
13.0000 11.0000 5.0000 -4.0000 0.0000 0.0000 8 1.0000 0.0000 1.2250 -2.0000 -10.0000 -14.0000 6.0000 -6.0000 2.0000 0.7090 0.3537 0.3937 0.6241 0.4099 2.4903 1.8622 4.5997 
13.0000 9.0000 5.0000 -4.0000 0.0000 -2.8133 8 1.0000 1.0000 0.8470 6.0000 -2.0000 -14.0000 2.0000 -10.0000 -6.0000 0.3909 0.3382 0.7249 0.4377 0.6022 2.4940 1.7967 4.5365 
13.0000 63.0000 5.0000 4.0000 1.0000 4.2200 2 -1.0000 1.0000 1.0040 -6.0000 2.0000 14.0000 -2.0000 10.0000 6.0000 0.5000 0.5000 0.5000 0.5000 0.5000 2.5000 1.7502 4.4925 
13.0000 18.0000 5.0000 -2.0000 1.0000 0.0000 8 1.0000 0.0000 0.8640 -12.0000 0.0000 8.0000 -4.0000 4.0000 -8.0000 0.5000 0.5000 0.5000 0.5000 0.5000 2.5000 1.8261 4.5759 
13.0000 25.0000 5.0000 -2.0000 0.0000 0.0000 8 1.0000 0.0000 1.5320 -12.0000 -4.0000 8.0000 -8.0000 4.0000 0.0000 0.4160 0.3739 0.4213 0.4965 0.7941 2.5017 1.7582 4.5108 
13.0000 2.0000 5.0000 -4.0000 1.0000 -2.8133 8 1.0000 1.0000 1.2940 -10.0000 -2.0000 2.0000 -6.0000 6.0000 -14.0000 0.5000 0.5000 0.5000 0.5000 0.5000 2.5000 1.7579 4.5091 
13.0000 26.0000 5.0000 -2.0000 0.0000 1.4067 8 1.0000 0.0000 1.3620 -8.0000 0.0000 4.0000 -4.0000 8.0000 -12.0000 0.3499 0.6093 0.3980 0.5889 0.5490 2.4950 1.9159 4.6708 
13.0000 24.0000 5.0000 -2.0000 0.0000 -1.4067 8 1.0000 1.0000 0.8870 4.0000 -4.0000 -8.0000 0.0000 -12.0000 8.0000 0.4015 0.5117 0.3019 0.7062 0.5705 2.4919 1.8440 4.5843 
13.0000 58.0000 5.0000 4.0000 1.0000 -2.8133 8 1.0000 1.0000 0.7870 -6.0000 2.0000 14.0000 -2.0000 10.0000 6.0000 0.5000 0.5000 0.5000 0.5000 0.5000 2.5000 1.7628 4.5092 
13.0000 66.0000 5.0000 4.0000 0.0000 -1.4067 2 -1.0000 0.0000 1.3610 -6.0000 6.0000 14.0000 2.0000 10.0000 -2.0000 0.4479 0.5455 0.3605 0.4761 0.6745 2.5045 1.8141 4.5635 
13.0000 34.0000 5.0000 0.0000 1.0000 2.8133 2 -1.0000 1.0000 1.0890 -2.0000 6.0000 10.0000 -10.0000 2.0000 -6.0000 0.5000 0.5000 0.5000 0.5000 0.5000 2.5000 1.9472 4.6925 
13.0000 47.0000 5.0000 2.0000 1.0000 1.4067 8 1.0000 0.0000 1.4360 12.0000 0.0000 -4.0000 4.0000 -8.0000 8.0000 0.5000 0.5000 0.5000 0.5000 0.5000 2.5000 1.8082 4.5591 
13.0000 7.0000 5.0000 -4.0000 1.0000 4.2200 8 1.0000 0.0000 1.8430 2.0000 -10.0000 -14.0000 6.0000 -6.0000 -2.0000 0.5000 0.5000 0.5000 0.5000 0.5000 2.5000 1.9015 4.6427 
13.0000 14.0000 5.0000 -4.0000 0.0000 4.2200 2 -1.0000 1.0000 1.1760 6.0000 -6.0000 -10.0000 -2.0000 -14.0000 2.0000 0.4981 0.3071 0.7715 0.5604 0.3550 2.4920 1.9461 4.6846 
13.0000 38.0000 5.0000 0.0000 0.0000 -1.4067 8 1.0000 1.0000 0.9080 -10.0000 2.0000 10.0000 -2.0000 6.0000 -6.0000 0.4130 0.6592 0.3488 0.4084 0.6672 2.4964 1.8766 4.6224 
13.0000 1.0000 5.0000 -4.0000 1.0000 -4.2200 8 1.0000 1.0000 0.8110 6.0000 -6.0000 -14.0000 -2.0000 -10.0000 2.0000 0.5000 0.5000 0.5000 0.5000 0.5000 2.5000 1.8664 4.6259 
13.0000 64.0000 5.0000 4.0000 0.0000 -4.2200 8 1.0000 1.0000 1.5220 -2.0000 6.0000 14.0000 2.0000 10.0000 -6.0000 0.3052 0.3987 0.5486 0.6973 0.5508 2.5006 1.8998 4.6599 
13.0000 60.0000 6.0000 4.0000 1.0000 0.0000 2 -1.0000 0.0000 1.0520 14.0000 6.0000 -6.0000 10.0000 -2.0000 2.0000 0.5000 0.5000 0.5000 0.5000 0.5000 2.5000 1.9381 4.6759 
13.0000 15.0000 6.0000 -2.0000 1.0000 -4.2200 8 1.0000 1.0000 0.8970 4.0000 -4.0000 -12.0000 0.0000 -8.0000 8.0000 0.5000 0.5000 0.5000 0.5000 0.5000 2.5000 1.8136 4.5592 
13.0000 23.0000 6.0000 -2.0000 0.0000 -2.8133 8 1.0000 1.0000 0.6770 -8.0000 0.0000 4.0000 -4.0000 8.0000 -12.0000 0.4436 0.5050 0.4364 0.7322 0.3771 2.4943 1.9318 4.6870 
13.0000 9.0000 6.0000 -4.0000 0.0000 -2.8133 8 1.0000 1.0000 0.9150 2.0000 -10.0000 -14.0000 6.0000 -6.0000 -2.0000 0.5016 0.3262 0.6740 0.5520 0.4388 2.4927 1.8636 4.6185 
13.0000 26.0000 6.0000 -2.0000 0.0000 1.4067 8 1.0000 0.0000 1.7590 -8.0000 4.0000 8.0000 -12.0000 0.0000 -4.0000 0.3734 0.7095 0.5095 0.4129 0.4969 2.5022 1.9254 4.6782 
13.0000 17.0000 6.0000 -2.0000 1.0000 -1.4067 8 1.0000 1.0000 0.7490 0.0000 -8.0000 -12.0000 8.0000 -4.0000 4.0000 0.5000 0.5000 0.5000 0.5000 0.5000 2.5000 1.9871 4.7426 
13.0000 49.0000 6.0000 2.0000 1.0000 4.2200 2 -1.0000 1.0000 0.8980 12.0000 4.0000 -8.0000 8.0000 -4.0000 0.0000 0.5000 0.5000 0.5000 0.5000 0.5000 2.5000 1.8642 4.6092 
13.0000 68.0000 6.0000 4.0000 0.0000 1.4067 2 -1.0000 1.0000 0.9080 14.0000 6.0000 -2.0000 10.0000 -6.0000 2.0000 0.6903 0.3234 0.5909 0.3975 0.5068 2.5091 1.9777 4.7351 
13.0000 55.0000 6.0000 2.0000 0.0000 2.8133 2 -1.0000 1.0000 1.8390 8.0000 0.0000 -4.0000 4.0000 -8.0000 12.0000 0.3221 0.5914 0.6674 0.3489 0.5698 2.4996 1.7667 4.5089 
13.0000 30.0000 6.0000 0.0000 1.0000 -2.8133 8 1.0000 1.0000 1.3480 -6.0000 2.0000 6.0000 -2.0000 10.0000 -10.0000 0.5000 0.5000 0.5000 0.5000 0.5000 2.5000 1.9621 4.7093 
13.0000 21.0000 6.0000 -2.0000 1.0000 4.2200 2 -1.0000 1.0000 0.9510 8.0000 -4.0000 -12.0000 0.0000 -8.0000 4.0000 0.5000 0.5000 0.5000 0.5000 0.5000 2.5000 1.7769 4.5258 
13.0000 22.0000 6.0000 -2.0000 0.0000 -4.2200 8 1.0000 1.0000 0.9240 8.0000 0.0000 -12.0000 4.0000 -8.0000 -4.0000 0.7528 0.4258 0.5763 0.4242 0.3198 2.4989 1.8207 4.5749 
13.0000 33.0000 6.0000 0.0000 1.0000 1.4067 2 -1.0000 1.0000 0.8910 6.0000 -6.0000 -10.0000 10.0000 -2.0000 2.0000 0.5000 0.5000 0.5000 0.5000 0.5000 2.5000 1.9965 4.7594 
13.0000 44.0000 6.0000 2.0000 1.0000 -2.8133 8 1.0000 1.0000 2.4120 -4.0000 4.0000 8.0000 0.0000 12.0000 -8.0000 0.5000 0.5000 0.5000 0.5000 0.5000 2.5000 1.8121 4.5591 
13.0000 57.0000 6.0000 4.0000 1.0000 -4.2200 8 1.0000 1.0000 0.9640 14.0000 2.0000 -2.0000 6.0000 -6.0000 10.0000 0.5000 0.5000 0.5000 0.5000 0.5000 2.5000 1.8939 4.6424 
13.0000 54.0000 6.0000 2.0000 0.0000 1.4067 8 1.0000 0.0000 1.3660 8.0000 0.0000 -8.0000 4.0000 -4.0000 12.0000 0.4531 0.5641 0.3082 0.4516 0.7160 2.4931 1.9061 4.6523 
13.0000 36.0000 6.0000 0.0000 0.0000 -4.2200 8 1.0000 1.0000 1.0280 10.0000 2.0000 -10.0000 6.0000 -6.0000 -2.0000 0.3071 0.3894 0.4606 0.6311 0.7104 2.4986 1.8225 4.5745 
13.0000 64.0000 6.0000 4.0000 0.0000 -4.2200 2 -1.0000 0.0000 1.4380 -2.0000 6.0000 14.0000 2.0000 10.0000 -6.0000 0.3735 0.5619 0.4762 0.3112 0.7778 2.5006 1.8403 4.5931 
13.0000 48.0000 6.0000 2.0000 1.0000 2.8133 2 -1.0000 1.0000 1.0700 12.0000 0.0000 -4.0000 4.0000 -8.0000 8.0000 0.5000 0.5000 0.5000 0.5000 0.5000 2.5000 1.9298 4.6760 
13.0000 56.0000 6.0000 2.0000 0.0000 4.2200 2 -1.0000 1.0000 0.7360 8.0000 0.0000 -8.0000 4.0000 -4.0000 12.0000 0.4372 0.5308 0.4748 0.6257 0.4412 2.5096 1.8191 4.5688 
13.0000 51.0000 6.0000 2.0000 0.0000 -2.8133 8 1.0000 1.0000 1.3010 -4.0000 4.0000 8.0000 0.0000 12.0000 -8.0000 0.4524 0.3217 0.6312 0.4766 0.6251 2.5070 1.8402 4.5996 
13.0000 29.0000 6.0000 0.0000 1.0000 -4.2200 8 1.0000 1.0000 1.0180 -6.0000 6.0000 10.0000 -10.0000 2.0000 -2.0000 0.5000 0.5000 0.5000 0.5000 0.5000 2.5000 1.9025 4.6593 
13.0000 32.0000 6.0000 0.0000 1.0000 0.0000 8 1.0000 0.0000 1.9920 -10.0000 2.0000 6.0000 -2.0000 10.0000 -6.0000 0.5000 0.5000 0.5000 0.5000 0.5000 2.5000 1.9861 4.7427 
13.0000 27.0000 6.0000 -2.0000 0.0000 2.8133 8 1.0000 0.0000 1.8600 -12.0000 -4.0000 4.0000 -8.0000 8.0000 0.0000 0.3850 0.6214 0.7811 0.3200 0.3832 2.4908 1.9895 4.7333 
13.0000 4.0000 6.0000 -4.0000 1.0000 0.0000 8 1.0000 0.0000 0.9670 6.0000 -6.0000 -10.0000 -2.0000 -14.0000 2.0000 0.5000 0.5000 0.5000 0.5000 0.5000 2.5000 1.8050 4.5591 
13.0000 16.0000 6.0000 -2.0000 1.0000 -2.8133 8 1.0000 1.0000 1.2610 8.0000 -4.0000 -12.0000 0.0000 -8.0000 4.0000 0.5000 0.5000 0.5000 0.5000 0.5000 2.5000 1.7904 4.5426 
13.0000 2.0000 6.0000 -4.0000 1.0000 -2.8133 8 1.0000 1.0000 0.7180 -10.0000 -2.0000 6.0000 -6.0000 2.0000 -14.0000 0.5000 0.5000 0.5000 0.5000 0.5000 2.5000 1.8620 4.6092 
13.0000 58.0000 6.0000 4.0000 1.0000 -2.8133 2 -1.0000 0.0000 1.9990 6.0000 -2.0000 -6.0000 14.0000 2.0000 10.0000 0.5000 0.5000 0.5000 0.5000 0.5000 2.5000 1.8251 4.5759 
13.0000 46.0000 6.0000 2.0000 1.0000 0.0000 8 1.0000 0.0000 0.7110 -8.0000 4.0000 12.0000 0.0000 8.0000 -4.0000 0.5000 0.5000 0.5000 0.5000 0.5000 2.5000 1.9004 4.6426 
13.0000 34.0000 6.0000 0.0000 1.0000 2.8133 2 -1.0000 1.0000 0.8340 6.0000 -2.0000 -10.0000 2.0000 -6.0000 10.0000 0.5000 0.5000 0.5000 0.5000 0.5000 2.5000 1.9901 4.7426 
13.0000 42.0000 6.0000 0.0000 0.0000 4.2200 2 -1.0000 1.0000 0.8380 -2.0000 6.0000 10.0000 -10.0000 2.0000 -6.0000 0.5137 0.4047 0.5296 0.3525 0.6941 2.4945 1.7916 4.5370 
13.0000 12.0000 6.0000 -4.0000 0.0000 1.4067 8 1.0000 0.0000 0.7870 -10.0000 -2.0000 2.0000 -6.0000 6.0000 -14.0000 0.3828 0.5670 0.4884 0.5742 0.4875 2.4999 1.9090 4.6592 
13.0000 7.0000 6.0000 -4.0000 1.0000 4.2200 2 -1.0000 1.0000 1.4910 2.0000 -6.0000 -10.0000 -2.0000 -14.0000 6.0000 0.5000 0.5000 0.5000 0.5000 0.5000 2.5000 1.9890 4.7425 
13.0000 18.0000 6.0000 -2.0000 1.0000 0.0000 2 -1.0000 0.0000 2.0430 0.0000 -8.0000 -12.0000 8.0000 -4.0000 4.0000 0.5000 0.5000 0.5000 0.5000 0.5000 2.5000 1.8160 4.5593 
13.0000 5.0000 6.0000 -4.0000 1.0000 1.4067 8 1.0000 0.0000 0.6780 -14.0000 -2.0000 6.0000 -6.0000 2.0000 -10.0000 0.5000 0.5000 0.5000 0.5000 0.5000 2.5000 1.8436 4.5924 
13.0000 59.0000 6.0000 4.0000 1.0000 -1.4067 2 -1.0000 0.0000 0.9360 -2.0000 6.0000 10.0000 2.0000 14.0000 -6.0000 0.5000 0.5000 0.5000 0.5000 0.5000 2.5000 1.8535 4.5925 
13.0000 3.0000 6.0000 -4.0000 1.0000 -1.4067 8 1.0000 1.0000 0.7470 2.0000 -10.0000 -14.0000 6.0000 -6.0000 -2.0000 0.5000 0.5000 0.5000 0.5000 0.5000 2.5000 1.8811 4.6259 
13.0000 69.0000 6.0000 4.0000 0.0000 2.8133 2 -1.0000 1.0000 0.9420 14.0000 6.0000 -2.0000 10.0000 -6.0000 2.0000 0.3759 0.6695 0.4573 0.5306 0.4694 2.5027 1.9532 4.6952 
13.0000 39.0000 6.0000 0.0000 0.0000 0.0000 8 1.0000 0.0000 0.9580 2.0000 -6.0000 -10.0000 10.0000 -2.0000 6.0000 0.4599 0.4076 0.5602 0.4938 0.5849 2.5064 1.9409 4.6989 
13.0000 19.0000 6.0000 -2.0000 1.0000 1.4067 8 1.0000 0.0000 1.0450 0.0000 -8.0000 -12.0000 8.0000 -4.0000 4.0000 0.5000 0.5000 0.5000 0.5000 0.5000 2.5000 1.7698 4.5258 
13.0000 45.0000 6.0000 2.0000 1.0000 -1.4067 8 1.0000 1.0000 1.2440 12.0000 4.0000 -4.0000 8.0000 -8.0000 0.0000 0.5000 0.5000 0.5000 0.5000 0.5000 2.5000 1.9341 4.6926 
13.0000 8.0000 6.0000 -4.0000 0.0000 -4.2200 8 1.0000 1.0000 0.8160 6.0000 -6.0000 -14.0000 -2.0000 -10.0000 2.0000 0.3768 0.6262 0.3020 0.3936 0.7919 2.4905 1.9598 4.6997 
13.0000 70.0000 6.0000 4.0000 0.0000 4.2200 2 -1.0000 1.0000 1.0220 14.0000 2.0000 -6.0000 6.0000 -2.0000 10.0000 0.3998 0.7985 0.3306 0.5348 0.4430 2.5067 1.7759 4.5326 
13.0000 62.0000 6.0000 4.0000 1.0000 2.8133 2 -1.0000 1.0000 1.3250 10.0000 2.0000 -2.0000 6.0000 -6.0000 14.0000 0.5000 0.5000 0.5000 0.5000 0.5000 2.5000 1.9360 4.6926 
13.0000 61.0000 6.0000 4.0000 1.0000 1.4067 2 -1.0000 1.0000 1.2000 14.0000 2.0000 -6.0000 6.0000 -2.0000 10.0000 0.5000 0.5000 0.5000 0.5000 0.5000 2.5000 1.9386 4.6926 
13.0000 6.0000 6.0000 -4.0000 1.0000 2.8133 8 1.0000 0.0000 0.7980 2.0000 -6.0000 -14.0000 -2.0000 -10.0000 6.0000 0.5000 0.5000 0.5000 0.5000 0.5000 2.5000 1.7791 4.5259 
13.0000 20.0000 6.0000 -2.0000 1.0000 2.8133 2 -1.0000 1.0000 0.9460 -4.0000 4.0000 8.0000 -12.0000 0.0000 -8.0000 0.5000 0.5000 0.5000 0.5000 0.5000 2.5000 1.8461 4.5925 
13.0000 43.0000 6.0000 2.0000 1.0000 -4.2200 8 1.0000 1.0000 0.9420 -8.0000 4.0000 12.0000 0.0000 8.0000 -4.0000 0.5000 0.5000 0.5000 0.5000 0.5000 2.5000 1.9187 4.6759 
13.0000 1.0000 6.0000 -4.0000 1.0000 -4.2200 8 1.0000 1.0000 0.8470 6.0000 -6.0000 -10.0000 -2.0000 -14.0000 2.0000 0.5000 0.5000 0.5000 0.5000 0.5000 2.5000 1.9357 4.6925 
13.0000 37.0000 6.0000 0.0000 0.0000 -2.8133 8 1.0000 1.0000 2.7350 6.0000 -2.0000 -10.0000 2.0000 -6.0000 10.0000 0.3124 0.3850 0.6009 0.7502 0.4576 2.5061 1.8697 4.6320 
13.0000 38.0000 6.0000 0.0000 0.0000 -1.4067 8 1.0000 1.0000 1.3720 6.0000 -2.0000 -6.0000 2.0000 -10.0000 10.0000 0.6459 0.3110 0.5786 0.5287 0.4456 2.5098 1.8364 4.6024 
13.0000 53.0000 6.0000 2.0000 0.0000 0.0000 2 -1.0000 0.0000 0.7940 -4.0000 4.0000 8.0000 0.0000 12.0000 -8.0000 0.6475 0.5200 0.3616 0.3176 0.6438 2.4906 1.9890 4.7334 
13.0000 10.0000 6.0000 -4.0000 0.0000 -1.4067 8 1.0000 1.0000 0.8370 6.0000 -2.0000 -10.0000 2.0000 -14.0000 -6.0000 0.5142 0.6850 0.3343 0.4949 0.4694 2.4978 1.9096 4.6570 
13.0000 35.0000 6.0000 0.0000 1.0000 4.2200 2 -1.0000 1.0000 0.7060 10.0000 2.0000 -10.0000 6.0000 -6.0000 -2.0000 0.5000 0.5000 0.5000 0.5000 0.5000 2.5000 1.9802 4.7261 
13.0000 52.0000 6.0000 2.0000 0.0000 -1.4067 2 -1.0000 0.0000 1.0340 8.0000 0.0000 -4.0000 4.0000 -8.0000 12.0000 0.3288 0.5008 0.4166 0.6829 0.5644 2.4935 1.8359 4.5693 
13.0000 13.0000 6.0000 -4.0000 0.0000 2.8133 2 -1.0000 1.0000 1.5270 6.0000 -6.0000 -14.0000 -2.0000 -10.0000 2.0000 0.6229 0.3101 0.3876 0.4188 0.7648 2.5043 1.7720 4.5134 
13.0000 50.0000 6.0000 2.0000 0.0000 -4.2200 8 1.0000 1.0000 1.3030 12.0000 4.0000 -8.0000 8.0000 -4.0000 0.0000 0.4274 0.6619 0.4405 0.6356 0.3251 2.4905 1.8249 4.5663 
13.0000 67.0000 6.0000 4.0000 0.0000 0.0000 2 -1.0000 0.0000 0.8740 -2.0000 6.0000 10.0000 2.0000 14.0000 -6.0000 0.4853 0.5939 0.3172 0.6837 0.4215 2.5016 1.9215 4.6776 
13.0000 25.0000 6.0000 -2.0000 0.0000 0.0000 8 1.0000 0.0000 1.7160 8.0000 -4.0000 -12.0000 0.0000 -8.0000 4.0000 0.4484 0.6155 0.5623 0.4693 0.4039 2.4993 1.7822 4.5418 
13.0000 11.0000 6.0000 -4.0000 0.0000 0.0000 8 1.0000 0.0000 2.1260 6.0000 -2.0000 -14.0000 2.0000 -10.0000 -6.0000 0.3036 0.5034 0.3965 0.7487 0.5505 2.5026 1.9554 4.7119 
13.0000 28.0000 6.0000 -2.0000 0.0000 4.2200 2 -1.0000 1.0000 0.8410 -12.0000 0.0000 8.0000 -4.0000 4.0000 -8.0000 0.4365 0.5251 0.7632 0.4636 0.3148 2.5032 1.9312 4.6790 
13.0000 63.0000 6.0000 4.0000 1.0000 4.2200 2 -1.0000 1.0000 1.5170 14.0000 6.0000 -2.0000 10.0000 -6.0000 2.0000 0.5000 0.5000 0.5000 0.5000 0.5000 2.5000 1.9936 4.7427 
13.0000 14.0000 6.0000 -4.0000 0.0000 4.2200 2 -1.0000 1.0000 1.6780 -10.0000 -2.0000 2.0000 -6.0000 6.0000 -14.0000 0.4327 0.4599 0.3496 0.4694 0.7843 2.4959 1.8143 4.5552 
13.0000 66.0000 6.0000 4.0000 0.0000 -1.4067 8 1.0000 1.0000 1.1920 -2.0000 6.0000 10.0000 2.0000 14.0000 -6.0000 0.3519 0.3171 0.3832 0.6583 0.7897 2.5002 1.8102 4.5593 
13.0000 47.0000 6.0000 2.0000 1.0000 1.4067 2 -1.0000 1.0000 1.5730 -8.0000 0.0000 8.0000 -4.0000 12.0000 4.0000 0.5000 0.5000 0.5000 0.5000 0.5000 2.5000 1.7934 4.5425 
13.0000 41.0000 6.0000 0.0000 0.0000 2.8133 2 -1.0000 1.0000 1.5440 10.0000 -2.0000 -10.0000 2.0000 -6.0000 6.0000 0.7955 0.3139 0.4654 0.4015 0.5333 2.5096 1.8583 4.6188 
13.0000 65.0000 6.0000 4.0000 0.0000 -2.8133 8 1.0000 1.0000 2.0530 -6.0000 2.0000 14.0000 -2.0000 10.0000 6.0000 0.6716 0.3633 0.3026 0.4614 0.7018 2.5006 1.8497 4.6099 
13.0000 24.0000 6.0000 -2.0000 0.0000 -1.4067 8 1.0000 1.0000 0.8160 -12.0000 0.0000 8.0000 -4.0000 4.0000 -8.0000 0.6858 0.5776 0.3961 0.4690 0.3653 2.4938 1.7872 4.5363 
13.0000 31.0000 6.0000 0.0000 1.0000 -1.4067 2 -1.0000 0.0000 2.0670 -10.0000 2.0000 10.0000 -2.0000 6.0000 -6.0000 0.5000 0.5000 0.5000 0.5000 0.5000 2.5000 1.8370 4.5925 
13.0000 40.0000 6.0000 0.0000 0.0000 1.4067 2 -1.0000 1.0000 0.6670 -10.0000 -2.0000 10.0000 -6.0000 6.0000 2.0000 0.3259 0.4374 0.5441 0.7006 0.4917 2.4998 1.8358 4.5923 
