subNo index mean periodicity testLevel pressedKey answer isCorrect rt reversal s1 s2 s3 s4 s5 s6 t1 t2 t3 t4 t5 seqDuration startInterval trialDuration 
13.0000 1.0000 -4.0000 1.0000 11.0000 2 -1.0000 1.0000 1.4210 0.0000 6.0000 -6.0000 -10.0000 -2.0000 -14.0000 2.0000 0.5000 0.5000 0.5000 0.5000 0.5000 2.5000 1.9250 4.6759 
13.0000 2.0000 -4.0000 1.0000 -11.0000 8 1.0000 1.0000 1.1690 0.0000 -14.0000 -2.0000 2.0000 -6.0000 6.0000 -10.0000 0.5000 0.5000 0.5000 0.5000 0.5000 2.5000 1.7798 4.5259 
13.0000 3.0000 0.0000 1.0000 -11.0000 8 1.0000 1.0000 1.2820 0.0000 6.0000 -6.0000 -10.0000 10.0000 -2.0000 2.0000 0.5000 0.5000 0.5000 0.5000 0.5000 2.5000 1.9584 4.7091 
13.0000 4.0000 4.0000 1.0000 -11.0000 8 1.0000 1.0000 0.9880 0.0000 -2.0000 6.0000 14.0000 2.0000 10.0000 -6.0000 0.5000 0.5000 0.5000 0.5000 0.5000 2.5000 1.8291 4.5760 
13.0000 5.0000 4.0000 0.0000 -11.0000 8 1.0000 1.0000 1.4350 0.0000 14.0000 2.0000 -2.0000 6.0000 -6.0000 10.0000 0.7433 0.5273 0.4089 0.3628 0.4545 2.4968 1.9315 4.6893 
13.0000 6.0000 -4.0000 1.0000 11.0000 2 -1.0000 1.0000 0.9670 0.0000 -14.0000 -6.0000 6.0000 -10.0000 2.0000 -2.0000 0.5000 0.5000 0.5000 0.5000 0.5000 2.5000 1.9937 4.7426 
13.0000 7.0000 0.0000 1.0000 -11.0000 8 1.0000 1.0000 1.1090 0.0000 2.0000 -6.0000 -10.0000 10.0000 -2.0000 6.0000 0.5000 0.5000 0.5000 0.5000 0.5000 2.5000 1.9828 4.7425 
13.0000 8.0000 4.0000 0.0000 -11.0000 8 1.0000 1.0000 1.1800 0.0000 -6.0000 2.0000 10.0000 -2.0000 14.0000 6.0000 0.4286 0.5124 0.3596 0.5475 0.6532 2.5014 1.8109 4.5606 
13.0000 9.0000 -2.0000 1.0000 -9.0000 8 1.0000 1.0000 0.8930 0.0000 -8.0000 0.0000 4.0000 -4.0000 8.0000 -12.0000 0.5000 0.5000 0.5000 0.5000 0.5000 2.5000 1.9793 4.7259 
13.0000 10.0000 0.0000 0.0000 9.0000 2 -1.0000 1.0000 0.9470 0.0000 -6.0000 2.0000 6.0000 -2.0000 10.0000 -10.0000 0.4315 0.6403 0.4168 0.5282 0.4923 2.5091 1.8847 4.6349 
13.0000 11.0000 4.0000 1.0000 7.0000 2 -1.0000 1.0000 0.8490 0.0000 6.0000 -2.0000 -6.0000 14.0000 2.0000 10.0000 0.5000 0.5000 0.5000 0.5000 0.5000 2.5000 1.7898 4.5425 
13.0000 12.0000 -2.0000 0.0000 7.0000 2 -1.0000 1.0000 2.3280 0.0000 4.0000 -8.0000 -12.0000 8.0000 -4.0000 0.0000 0.6857 0.5105 0.3284 0.5929 0.3871 2.5046 1.9322 4.6806 
13.0000 13.0000 4.0000 1.0000 -5.0000 8 1.0000 1.0000 1.0090 0.0000 14.0000 2.0000 -6.0000 6.0000 -2.0000 10.0000 0.5000 0.5000 0.5000 0.5000 0.5000 2.5000 1.9721 4.7092 
13.0000 14.0000 2.0000 0.0000 5.0000 2 -1.0000 1.0000 1.1980 0.0000 -8.0000 0.0000 12.0000 -4.0000 8.0000 4.0000 0.3347 0.4394 0.4897 0.7323 0.5100 2.5061 1.8100 4.5653 
13.0000 15.0000 4.0000 1.0000 -3.0000 2 -1.0000 0.0000 2.1070 0.0000 6.0000 -2.0000 -6.0000 14.0000 2.0000 10.0000 0.5000 0.5000 0.5000 0.5000 0.5000 2.5000 1.9688 4.7258 
13.0000 16.0000 -4.0000 0.0000 -3.0000 8 1.0000 1.0000 0.8900 0.0000 6.0000 -6.0000 -10.0000 -2.0000 -14.0000 2.0000 0.4769 0.4269 0.7763 0.4491 0.3792 2.5084 1.8403 4.6010 
13.0000 17.0000 2.0000 1.0000 1.0000 2 -1.0000 1.0000 1.6510 0.0000 -8.0000 0.0000 8.0000 -4.0000 12.0000 4.0000 0.5000 0.5000 0.5000 0.5000 0.5000 2.5000 1.9887 4.7428 
13.0000 18.0000 -4.0000 1.0000 -1.0000 8 1.0000 1.0000 1.3950 0.0000 6.0000 -2.0000 -10.0000 2.0000 -14.0000 -6.0000 0.5000 0.5000 0.5000 0.5000 0.5000 2.5000 1.8700 4.6258 
13.0000 19.0000 0.0000 0.0000 -1.0000 2 -1.0000 0.0000 3.0390 1.0000 -2.0000 6.0000 10.0000 -10.0000 2.0000 -6.0000 0.4996 0.7599 0.4130 0.4805 0.3418 2.4948 1.8782 4.6208 
13.0000 20.0000 2.0000 1.0000 1.9900 2 -1.0000 1.0000 1.2750 1.0000 -4.0000 4.0000 12.0000 0.0000 8.0000 -8.0000 0.5000 0.5000 0.5000 0.5000 0.5000 2.5000 1.9274 4.6758 
13.0000 21.0000 2.0000 0.0000 1.9900 2 -1.0000 1.0000 1.3120 2.0000 4.0000 -4.0000 -8.0000 12.0000 0.0000 8.0000 0.6599 0.3552 0.4083 0.7055 0.3693 2.4983 1.9705 4.7075 
13.0000 22.0000 -2.0000 1.0000 -1.6600 8 1.0000 1.0000 1.9330 2.0000 4.0000 -8.0000 -12.0000 8.0000 -4.0000 0.0000 0.5000 0.5000 0.5000 0.5000 0.5000 2.5000 1.8651 4.6258 
13.0000 23.0000 4.0000 1.0000 1.6600 2 -1.0000 1.0000 1.3910 2.0000 10.0000 -2.0000 -6.0000 14.0000 2.0000 6.0000 0.5000 0.5000 0.5000 0.5000 0.5000 2.5000 1.9524 4.7093 
13.0000 24.0000 0.0000 1.0000 -1.6600 2 -1.0000 0.0000 1.1780 2.0000 6.0000 -2.0000 -6.0000 2.0000 -10.0000 10.0000 0.5000 0.5000 0.5000 0.5000 0.5000 2.5000 1.8362 4.5925 
13.0000 25.0000 2.0000 1.0000 1.6600 2 -1.0000 1.0000 1.0160 2.0000 -8.0000 4.0000 8.0000 0.0000 12.0000 -4.0000 0.5000 0.5000 0.5000 0.5000 0.5000 2.5000 1.8190 4.5759 
13.0000 26.0000 0.0000 1.0000 1.6600 2 -1.0000 1.0000 1.0210 2.0000 10.0000 2.0000 -6.0000 6.0000 -10.0000 -2.0000 0.5000 0.5000 0.5000 0.5000 0.5000 2.5000 1.7586 4.5091 
13.0000 27.0000 0.0000 1.0000 -1.6600 8 1.0000 1.0000 1.3240 2.0000 10.0000 2.0000 -10.0000 6.0000 -6.0000 -2.0000 0.5000 0.5000 0.5000 0.5000 0.5000 2.5000 1.9560 4.7092 
13.0000 28.0000 -2.0000 0.0000 1.6600 2 -1.0000 1.0000 0.9880 2.0000 -12.0000 0.0000 4.0000 -4.0000 8.0000 -8.0000 0.5688 0.7088 0.5302 0.3070 0.3831 2.4978 1.8415 4.5904 
13.0000 29.0000 -2.0000 1.0000 -1.3300 2 -1.0000 0.0000 1.0690 2.0000 4.0000 -8.0000 -12.0000 8.0000 -4.0000 0.0000 0.5000 0.5000 0.5000 0.5000 0.5000 2.5000 1.8968 4.6424 
13.0000 30.0000 0.0000 0.0000 -1.3300 8 1.0000 1.0000 2.3300 2.0000 2.0000 -6.0000 -10.0000 10.0000 -2.0000 6.0000 0.4546 0.7731 0.5053 0.3052 0.4550 2.4932 1.7888 4.5192 
13.0000 31.0000 0.0000 1.0000 -1.0000 8 1.0000 1.0000 2.3510 2.0000 -10.0000 2.0000 6.0000 -2.0000 10.0000 -6.0000 0.5000 0.5000 0.5000 0.5000 0.5000 2.5000 1.8556 4.6092 
13.0000 32.0000 2.0000 0.0000 1.0000 2 -1.0000 1.0000 1.1110 2.0000 12.0000 0.0000 -4.0000 4.0000 -8.0000 8.0000 0.5521 0.4791 0.6842 0.3145 0.4617 2.4915 1.9499 4.7006 
13.0000 33.0000 -4.0000 1.0000 0.6700 2 -1.0000 1.0000 1.1080 2.0000 -10.0000 -2.0000 6.0000 -6.0000 2.0000 -14.0000 0.5000 0.5000 0.5000 0.5000 0.5000 2.5000 1.8755 4.6259 
13.0000 34.0000 4.0000 1.0000 0.6700 2 -1.0000 1.0000 2.5430 2.0000 2.0000 10.0000 14.0000 -6.0000 6.0000 -2.0000 0.5000 0.5000 0.5000 0.5000 0.5000 2.5000 1.9596 4.7092 
13.0000 35.0000 -4.0000 1.0000 0.6700 8 1.0000 0.0000 1.3430 2.0000 -2.0000 -10.0000 -14.0000 6.0000 -6.0000 2.0000 0.5000 0.5000 0.5000 0.5000 0.5000 2.5000 1.7786 4.5258 
13.0000 36.0000 0.0000 0.0000 0.6700 8 1.0000 0.0000 2.2190 3.0000 -10.0000 2.0000 6.0000 -2.0000 10.0000 -6.0000 0.4035 0.4701 0.6075 0.6440 0.3832 2.5082 1.9131 4.6674 
13.0000 37.0000 -2.0000 1.0000 -1.6600 8 1.0000 1.0000 1.2360 3.0000 8.0000 0.0000 -8.0000 4.0000 -12.0000 -4.0000 0.5000 0.5000 0.5000 0.5000 0.5000 2.5000 1.8281 4.5759 
13.0000 38.0000 -2.0000 0.0000 1.6600 2 -1.0000 1.0000 1.0260 4.0000 0.0000 -8.0000 -12.0000 8.0000 -4.0000 4.0000 0.6116 0.4641 0.4387 0.5172 0.4751 2.5068 1.9694 4.7161 
13.0000 39.0000 -2.0000 0.0000 1.3300 2 -1.0000 1.0000 1.6070 4.0000 8.0000 0.0000 -12.0000 4.0000 -8.0000 -4.0000 0.3510 0.6223 0.7901 0.3509 0.3939 2.5082 1.7523 4.5174 
13.0000 40.0000 0.0000 1.0000 -1.0000 8 1.0000 1.0000 1.6640 4.0000 10.0000 2.0000 -6.0000 6.0000 -10.0000 -2.0000 0.5000 0.5000 0.5000 0.5000 0.5000 2.5000 1.9043 4.6592 
13.0000 41.0000 4.0000 0.0000 1.0000 2 -1.0000 1.0000 1.4470 4.0000 -6.0000 2.0000 14.0000 -2.0000 10.0000 6.0000 0.7727 0.3644 0.6483 0.3400 0.3656 2.4910 1.8788 4.6169 
13.0000 42.0000 2.0000 0.0000 -0.6700 2 -1.0000 0.0000 1.3890 5.0000 -8.0000 4.0000 12.0000 0.0000 8.0000 -4.0000 0.4297 0.7152 0.3351 0.4405 0.5775 2.4981 1.9047 4.6572 
13.0000 43.0000 0.0000 0.0000 -1.6600 8 1.0000 1.0000 2.1430 6.0000 6.0000 -2.0000 -6.0000 2.0000 -10.0000 10.0000 0.5443 0.3653 0.4061 0.7156 0.4619 2.4932 1.9347 4.6859 
13.0000 44.0000 -4.0000 0.0000 1.3300 2 -1.0000 1.0000 1.2950 6.0000 6.0000 -2.0000 -10.0000 2.0000 -14.0000 -6.0000 0.4710 0.7349 0.5657 0.3126 0.4242 2.5084 1.9309 4.6844 
13.0000 45.0000 -4.0000 0.0000 -1.0000 8 1.0000 1.0000 2.3290 6.0000 -10.0000 -2.0000 6.0000 -6.0000 2.0000 -14.0000 0.5443 0.6488 0.5583 0.4426 0.3047 2.4988 1.8232 4.5746 
13.0000 46.0000 -2.0000 1.0000 -0.6700 8 1.0000 1.0000 1.4280 6.0000 4.0000 -4.0000 -12.0000 0.0000 -8.0000 8.0000 0.5000 0.5000 0.5000 0.5000 0.5000 2.5000 1.9414 4.6925 
13.0000 47.0000 0.0000 0.0000 -0.6700 2 -1.0000 0.0000 2.3060 7.0000 10.0000 2.0000 -10.0000 6.0000 -6.0000 -2.0000 0.3330 0.5420 0.3812 0.5110 0.7315 2.4988 1.9141 4.6747 
13.0000 48.0000 0.0000 1.0000 -1.6600 8 1.0000 1.0000 1.6600 7.0000 -6.0000 2.0000 10.0000 -2.0000 6.0000 -10.0000 0.5000 0.5000 0.5000 0.5000 0.5000 2.5000 1.7504 4.5091 
13.0000 49.0000 2.0000 1.0000 -1.6600 8 1.0000 1.0000 1.1970 7.0000 8.0000 -4.0000 -8.0000 12.0000 0.0000 4.0000 0.5000 0.5000 0.5000 0.5000 0.5000 2.5000 1.8599 4.6091 
13.0000 50.0000 -2.0000 1.0000 1.6600 2 -1.0000 1.0000 1.5020 7.0000 -8.0000 0.0000 4.0000 -4.0000 8.0000 -12.0000 0.5000 0.5000 0.5000 0.5000 0.5000 2.5000 1.8886 4.6426 
13.0000 51.0000 4.0000 1.0000 -1.6600 2 -1.0000 0.0000 1.2010 7.0000 -6.0000 6.0000 14.0000 2.0000 10.0000 -2.0000 0.5000 0.5000 0.5000 0.5000 0.5000 2.5000 1.7830 4.5258 
13.0000 52.0000 2.0000 1.0000 1.6600 8 1.0000 0.0000 1.6390 7.0000 8.0000 0.0000 -8.0000 4.0000 -4.0000 12.0000 0.5000 0.5000 0.5000 0.5000 0.5000 2.5000 1.9575 4.7092 
13.0000 53.0000 2.0000 1.0000 -1.6600 8 1.0000 1.0000 1.0040 7.0000 -8.0000 4.0000 12.0000 0.0000 8.0000 -4.0000 0.5000 0.5000 0.5000 0.5000 0.5000 2.5000 1.9820 4.7259 
13.0000 54.0000 -2.0000 1.0000 -1.6600 8 1.0000 1.0000 1.0310 7.0000 8.0000 0.0000 -8.0000 4.0000 -12.0000 -4.0000 0.5000 0.5000 0.5000 0.5000 0.5000 2.5000 1.8658 4.6093 
13.0000 55.0000 0.0000 0.0000 1.6600 2 -1.0000 1.0000 1.9080 8.0000 6.0000 -6.0000 -10.0000 10.0000 -2.0000 2.0000 0.4690 0.6273 0.3228 0.7337 0.3515 2.5044 1.9867 4.7303 
13.0000 56.0000 -2.0000 0.0000 -1.3300 8 1.0000 1.0000 0.9960 8.0000 -12.0000 0.0000 8.0000 -4.0000 4.0000 -8.0000 0.5775 0.4625 0.6243 0.3445 0.4834 2.4921 1.9850 4.7348 
13.0000 57.0000 -2.0000 1.0000 -1.0000 8 1.0000 1.0000 1.1770 8.0000 4.0000 -8.0000 -12.0000 8.0000 -4.0000 0.0000 0.5000 0.5000 0.5000 0.5000 0.5000 2.5000 1.8369 4.5925 
13.0000 58.0000 -4.0000 0.0000 -1.0000 8 1.0000 1.0000 1.2910 8.0000 -6.0000 2.0000 6.0000 -14.0000 -2.0000 -10.0000 0.5765 0.4803 0.3125 0.6361 0.4892 2.4946 1.8586 4.6039 
13.0000 59.0000 -2.0000 1.0000 -0.6700 8 1.0000 1.0000 1.0460 8.0000 4.0000 -4.0000 -12.0000 0.0000 -8.0000 8.0000 0.5000 0.5000 0.5000 0.5000 0.5000 2.5000 1.9699 4.7259 
13.0000 60.0000 0.0000 1.0000 0.6700 8 1.0000 0.0000 1.9200 8.0000 -10.0000 -2.0000 6.0000 -6.0000 10.0000 2.0000 0.5000 0.5000 0.5000 0.5000 0.5000 2.5000 1.8524 4.6092 
13.0000 61.0000 -4.0000 1.0000 -0.6700 8 1.0000 1.0000 0.9470 8.0000 6.0000 -2.0000 -10.0000 2.0000 -14.0000 -6.0000 0.5000 0.5000 0.5000 0.5000 0.5000 2.5000 1.8922 4.6427 
13.0000 62.0000 -4.0000 1.0000 -0.6700 8 1.0000 1.0000 1.1730 8.0000 -2.0000 -10.0000 -14.0000 6.0000 -6.0000 2.0000 0.5000 0.5000 0.5000 0.5000 0.5000 2.5000 1.9534 4.6927 
13.0000 63.0000 -4.0000 1.0000 0.6700 2 -1.0000 1.0000 2.3420 8.0000 2.0000 -6.0000 -10.0000 -2.0000 -14.0000 6.0000 0.5000 0.5000 0.5000 0.5000 0.5000 2.5000 1.9843 4.7261 
13.0000 64.0000 2.0000 0.0000 0.6700 2 -1.0000 1.0000 1.7110 8.0000 8.0000 -4.0000 -8.0000 12.0000 0.0000 4.0000 0.3634 0.4925 0.7823 0.4133 0.4412 2.4927 1.9314 4.6852 
13.0000 65.0000 2.0000 0.0000 0.3400 2 -1.0000 1.0000 1.1600 8.0000 12.0000 0.0000 -8.0000 4.0000 -4.0000 8.0000 0.7881 0.4892 0.3464 0.3105 0.5646 2.4988 1.7742 4.5246 
13.0000 66.0000 0.0000 1.0000 0.0100 8 1.0000 0.0000 1.3430 8.0000 6.0000 -6.0000 -10.0000 10.0000 -2.0000 2.0000 0.5000 0.5000 0.5000 0.5000 0.5000 2.5000 1.8148 4.5758 
13.0000 67.0000 -4.0000 0.0000 0.0100 2 -1.0000 1.0000 1.7860 8.0000 -2.0000 -10.0000 -14.0000 6.0000 -6.0000 2.0000 0.7233 0.4040 0.6353 0.4082 0.3324 2.5032 1.8573 4.6124 
13.0000 68.0000 -2.0000 0.0000 0.0000 8 1.0000 0.0000 1.6330 9.0000 -12.0000 -4.0000 4.0000 -8.0000 8.0000 0.0000 0.4630 0.3517 0.7711 0.4033 0.5156 2.5046 1.7626 4.5138 
13.0000 69.0000 0.0000 1.0000 -0.9900 8 1.0000 1.0000 1.3100 9.0000 -6.0000 2.0000 10.0000 -2.0000 6.0000 -10.0000 0.5000 0.5000 0.5000 0.5000 0.5000 2.5000 1.9575 4.7093 
13.0000 70.0000 4.0000 0.0000 -0.9900 2 -1.0000 0.0000 1.4250 9.0000 10.0000 2.0000 -6.0000 6.0000 -2.0000 14.0000 0.3660 0.4258 0.6454 0.4906 0.5796 2.5074 1.7993 4.5499 
13.0000 71.0000 -2.0000 1.0000 1.9800 2 -1.0000 1.0000 1.2210 9.0000 4.0000 -4.0000 -8.0000 0.0000 -12.0000 8.0000 0.5000 0.5000 0.5000 0.5000 0.5000 2.5000 1.7838 4.5259 
13.0000 72.0000 0.0000 0.0000 1.9800 2 -1.0000 1.0000 1.4030 10.0000 -2.0000 6.0000 10.0000 -10.0000 2.0000 -6.0000 0.6417 0.4822 0.3963 0.3603 0.6259 2.5065 1.8280 4.5824 
