subNo index block mean periodicity testLevel pressedKey answer isCorrect rt s1 s2 s3 s4 s5 s6 t1 t2 t3 t4 t5 seqDuration startInterval trialDuration 
13.0000 1.0000 1.0000 1.3513 0.0000 4.4127 2 -1.0000 1.0000 1.3570 11.3513 3.3513 -4.6487 7.3513 -8.6487 -0.6487 0.3023 0.4649 0.3721 0.7982 0.5613 2.4987 1.9976 4.7412 
13.0000 2.0000 1.0000 2.6151 1.0000 5.1877 2 -1.0000 1.0000 1.8470 12.6151 4.6151 -3.3849 8.6151 -7.3849 0.6151 0.5000 0.5000 0.5000 0.5000 0.5000 2.5000 1.8155 4.5592 
13.0000 3.0000 1.0000 -0.7597 0.0000 0.5761 8 1.0000 0.0000 1.1640 9.2403 1.2403 -6.7597 5.2403 -10.7597 -2.7597 0.4291 0.6694 0.3749 0.6209 0.3978 2.4921 1.8850 4.6179 
13.0000 4.0000 1.0000 -1.3407 0.0000 1.1770 2 -1.0000 1.0000 2.2800 -3.3407 4.6593 8.6593 -11.3407 0.6593 -7.3407 0.4794 0.3363 0.7807 0.3129 0.5864 2.4956 1.9033 4.6549 
13.0000 5.0000 1.0000 3.7560 1.0000 5.1002 2 -1.0000 1.0000 1.8680 -6.2440 1.7560 9.7560 -2.2440 13.7560 5.7560 0.5000 0.5000 0.5000 0.5000 0.5000 2.5000 1.8303 4.5925 
13.0000 6.0000 1.0000 3.3962 1.0000 -7.7771 8 1.0000 1.0000 1.0750 9.3962 1.3962 -2.6038 5.3962 -6.6038 13.3962 0.5000 0.5000 0.5000 0.5000 0.5000 2.5000 1.7567 4.5093 
13.0000 7.0000 1.0000 1.3202 0.0000 -2.9502 8 1.0000 1.0000 1.5950 11.3202 3.3202 -4.6798 7.3202 -8.6798 -0.6798 0.3972 0.6710 0.3652 0.6293 0.4330 2.4957 1.8855 4.6383 
13.0000 8.0000 1.0000 2.8105 1.0000 -2.7207 8 1.0000 1.0000 0.9170 -7.1895 4.8105 8.8105 0.8105 12.8105 -3.1895 0.5000 0.5000 0.5000 0.5000 0.5000 2.5000 1.7652 4.5092 
13.0000 9.0000 1.0000 0.9426 1.0000 -1.9106 8 1.0000 1.0000 0.6670 -9.0574 2.9426 6.9426 -1.0574 10.9426 -5.0574 0.5000 0.5000 0.5000 0.5000 0.5000 2.5000 1.9539 4.7092 
13.0000 10.0000 1.0000 3.2573 1.0000 -2.2192 8 1.0000 1.0000 2.3540 -2.7427 5.2573 9.2573 1.2573 13.2573 -6.7427 0.5000 0.5000 0.5000 0.5000 0.5000 2.5000 1.8020 4.5426 
13.0000 11.0000 1.0000 0.4752 0.0000 -3.5303 8 1.0000 1.0000 1.0940 2.4752 -5.5248 -9.5248 10.4752 -1.5248 6.4752 0.6930 0.5676 0.3494 0.3768 0.5223 2.5092 1.9409 4.6851 
13.0000 12.0000 1.0000 -1.8509 0.0000 0.7359 2 -1.0000 1.0000 3.4860 -11.8509 -3.8509 8.1491 -7.8509 4.1491 0.1491 0.3171 0.6713 0.4778 0.7098 0.3248 2.5009 1.7587 4.5099 
13.0000 13.0000 1.0000 2.2893 0.0000 4.6187 2 -1.0000 1.0000 1.9210 8.2893 0.2893 -7.7107 4.2893 -3.7107 12.2893 0.3839 0.4584 0.5377 0.4674 0.6543 2.5017 1.9622 4.7110 
13.0000 14.0000 1.0000 -1.8854 0.0000 -1.1771 8 1.0000 1.0000 1.2320 0.1146 -7.8854 -11.8854 8.1146 -3.8854 4.1146 0.3015 0.7239 0.3814 0.5973 0.5035 2.5077 1.8674 4.6336 
13.0000 15.0000 1.0000 -0.1431 1.0000 -1.6118 8 1.0000 1.0000 1.9610 1.8569 -6.1431 -10.1431 9.8569 -2.1431 5.8569 0.5000 0.5000 0.5000 0.5000 0.5000 2.5000 1.7718 4.5260 
13.0000 16.0000 1.0000 -0.9452 1.0000 5.5400 2 -1.0000 1.0000 1.3990 9.0548 -2.9452 -10.9452 1.0548 -6.9452 5.0548 0.5000 0.5000 0.5000 0.5000 0.5000 2.5000 1.8612 4.6092 
13.0000 17.0000 1.0000 3.7425 1.0000 3.6068 8 1.0000 0.0000 1.5920 -2.2575 5.7425 9.7425 1.7425 13.7425 -6.2575 0.5000 0.5000 0.5000 0.5000 0.5000 2.5000 1.9757 4.7260 
13.0000 18.0000 1.0000 3.2386 1.0000 -4.0244 8 1.0000 1.0000 1.5940 9.2386 -2.7614 -6.7614 13.2386 1.2386 5.2386 0.5000 0.5000 0.5000 0.5000 0.5000 2.5000 1.9734 4.7259 
13.0000 19.0000 1.0000 -2.9398 0.0000 1.4183 2 -1.0000 1.0000 1.5500 -12.9398 -4.9398 3.0602 -8.9398 7.0602 -0.9398 0.3423 0.7828 0.3870 0.4566 0.5366 2.5053 1.9491 4.6978 
13.0000 20.0000 1.0000 -3.0546 0.0000 -4.0827 8 1.0000 1.0000 1.7110 -13.0546 -1.0546 2.9454 -5.0546 6.9454 -9.0546 0.5599 0.4176 0.5664 0.3400 0.6097 2.4937 1.8176 4.5695 
13.0000 21.0000 1.0000 3.2417 0.0000 -2.1303 2 -1.0000 0.0000 1.5720 -6.7583 1.2417 13.2417 -2.7583 9.2417 5.2417 0.4835 0.5433 0.3036 0.5075 0.6535 2.4914 1.9242 4.6673 
13.0000 22.0000 1.0000 -1.7866 1.0000 2.7718 2 -1.0000 1.0000 1.4780 8.2134 0.2134 -7.7866 4.2134 -11.7866 -3.7866 0.5000 0.5000 0.5000 0.5000 0.5000 2.5000 1.7672 4.5257 
13.0000 23.0000 1.0000 -1.8298 1.0000 3.2010 2 -1.0000 1.0000 1.1210 -11.8298 0.1702 8.1702 -3.8298 4.1702 -7.8298 0.5000 0.5000 0.5000 0.5000 0.5000 2.5000 1.8642 4.6092 
13.0000 24.0000 1.0000 -1.8344 0.0000 -2.4450 8 1.0000 1.0000 2.3270 4.1656 -7.8344 -11.8344 8.1656 -3.8344 0.1656 0.3892 0.6466 0.5911 0.5404 0.3336 2.5008 1.7520 4.4933 
13.0000 25.0000 1.0000 3.1927 1.0000 -5.6101 2 -1.0000 0.0000 1.8840 1.1927 9.1927 13.1927 -6.8073 5.1927 -2.8073 0.5000 0.5000 0.5000 0.5000 0.5000 2.5000 1.9343 4.6761 
13.0000 26.0000 1.0000 -2.0416 0.0000 -0.6025 8 1.0000 1.0000 2.2140 7.9584 -0.0416 -12.0416 3.9584 -8.0416 -4.0416 0.4019 0.6693 0.5612 0.5300 0.3361 2.4985 1.8908 4.6410 
13.0000 27.0000 1.0000 -0.6444 0.0000 -4.7540 8 1.0000 1.0000 1.2130 -10.6444 1.3556 5.3556 -2.6444 9.3556 -6.6444 0.4155 0.5577 0.3869 0.6273 0.5045 2.4919 1.8245 4.5677 
13.0000 28.0000 1.0000 3.4236 0.0000 -7.3739 8 1.0000 1.0000 0.6390 -6.5764 1.4236 9.4236 -2.5764 13.4236 5.4236 0.3984 0.5262 0.6845 0.3612 0.5238 2.4940 1.9248 4.6698 
13.0000 29.0000 1.0000 -0.3128 1.0000 1.9684 2 -1.0000 1.0000 2.9660 -10.3128 -2.3128 5.6872 -6.3128 9.6872 1.6872 0.5000 0.5000 0.5000 0.5000 0.5000 2.5000 1.9722 4.7260 
13.0000 30.0000 1.0000 -1.6307 0.0000 2.7653 NR 0.0000 0.0000 0.0000 4.3693 -3.6307 -7.6307 0.3693 -11.6307 8.3693 0.4906 0.3715 0.7605 0.3854 0.4889 2.4968 1.9337 4.6726 
13.0000 31.0000 1.0000 1.6834 0.0000 1.3824 NR 0.0000 0.0000 0.0000 7.6834 -0.3166 -8.3166 3.6834 -4.3166 11.6834 0.6878 0.4255 0.6190 0.4127 0.3454 2.4903 1.8060 4.5494 
13.0000 32.0000 1.0000 0.6599 1.0000 -2.5053 NR 0.0000 0.0000 0.0000 -9.3401 2.6599 10.6599 -1.3401 6.6599 -5.3401 0.5000 0.5000 0.5000 0.5000 0.5000 2.5000 1.9658 4.7094 
13.0000 33.0000 1.0000 -2.1937 0.0000 1.2163 8 1.0000 0.0000 4.5260 -4.1937 3.8063 7.8063 -12.1937 -0.1937 -8.1937 0.5098 0.3535 0.5037 0.6563 0.4686 2.4919 1.8960 4.6512 
13.0000 34.0000 1.0000 -0.4679 0.0000 -3.2804 8 1.0000 1.0000 2.7980 1.5321 -6.4679 -10.4679 9.5321 -2.4679 5.5321 0.3698 0.4500 0.7242 0.5273 0.4274 2.4988 1.8175 4.5745 
13.0000 35.0000 1.0000 0.9397 1.0000 3.1008 2 -1.0000 1.0000 1.9040 -5.0603 6.9397 10.9397 -9.0603 2.9397 -1.0603 0.5000 0.5000 0.5000 0.5000 0.5000 2.5000 1.9659 4.7259 
13.0000 36.0000 1.0000 3.7143 1.0000 0.8231 2 -1.0000 1.0000 2.0860 -6.2857 5.7143 13.7143 1.7143 9.7143 -2.2857 0.5000 0.5000 0.5000 0.5000 0.5000 2.5000 1.9790 4.7260 
13.0000 37.0000 1.0000 -1.1581 1.0000 -4.4298 8 1.0000 1.0000 1.2560 -11.1581 -3.1581 4.8419 -7.1581 8.8419 0.8419 0.5000 0.5000 0.5000 0.5000 0.5000 2.5000 1.8844 4.6258 
13.0000 38.0000 1.0000 3.6624 1.0000 -6.3181 2 -1.0000 0.0000 2.2790 9.6624 1.6624 -6.3376 5.6624 -2.3376 13.6624 0.5000 0.5000 0.5000 0.5000 0.5000 2.5000 1.8279 4.5758 
13.0000 39.0000 1.0000 -1.1027 0.0000 7.5463 2 -1.0000 1.0000 1.2230 4.8973 -3.1027 -7.1027 0.8973 -11.1027 8.8973 0.6787 0.6210 0.3272 0.5073 0.3740 2.5082 1.9481 4.7007 
13.0000 40.0000 1.0000 0.8509 0.0000 4.1389 2 -1.0000 1.0000 0.9910 -5.1491 2.8509 10.8509 -1.1491 6.8509 -9.1491 0.4512 0.6556 0.4402 0.4970 0.4466 2.4905 1.9512 4.6998 
13.0000 41.0000 1.0000 -2.7771 1.0000 0.9617 8 1.0000 0.0000 1.1850 -4.7771 3.2229 7.2229 -12.7771 -0.7771 -8.7771 0.5000 0.5000 0.5000 0.5000 0.5000 2.5000 1.7810 4.5425 
13.0000 42.0000 1.0000 -2.2901 0.0000 -1.0384 8 1.0000 1.0000 1.4440 -12.2901 -4.2901 3.7099 -8.2901 7.7099 -0.2901 0.7526 0.4005 0.3085 0.3586 0.6893 2.5095 1.7529 4.5187 
13.0000 43.0000 1.0000 0.9642 1.0000 3.5180 2 -1.0000 1.0000 1.2850 -9.0358 -1.0358 6.9642 -5.0358 10.9642 2.9642 0.5000 0.5000 0.5000 0.5000 0.5000 2.5000 1.9381 4.6925 
13.0000 44.0000 1.0000 2.7069 0.0000 3.8544 2 -1.0000 1.0000 1.7670 8.7069 0.7069 -3.2931 4.7069 -7.2931 12.7069 0.3477 0.6097 0.4321 0.6118 0.5072 2.5084 1.8693 4.6343 
13.0000 45.0000 1.0000 -1.7359 1.0000 -6.5323 8 1.0000 1.0000 1.1610 -11.7359 0.2641 4.2641 -3.7359 8.2641 -7.7359 0.5000 0.5000 0.5000 0.5000 0.5000 2.5000 1.8444 4.5925 
13.0000 46.0000 1.0000 -0.1117 0.0000 -3.9380 2 -1.0000 0.0000 3.0510 -2.1117 5.8883 9.8883 -10.1117 1.8883 -6.1117 0.5359 0.3112 0.4558 0.7687 0.4271 2.4987 1.8223 4.5745 
13.0000 47.0000 1.0000 2.7831 1.0000 3.2728 2 -1.0000 1.0000 0.9780 -3.2169 4.7831 12.7831 0.7831 8.7831 -7.2169 0.5000 0.5000 0.5000 0.5000 0.5000 2.5000 1.7877 4.5259 
13.0000 48.0000 1.0000 0.4499 1.0000 -5.3364 8 1.0000 1.0000 1.2290 -5.5501 6.4499 10.4499 -9.5501 2.4499 -1.5501 0.5000 0.5000 0.5000 0.5000 0.5000 2.5000 1.9436 4.7092 
13.0000 49.0000 1.0000 -0.6118 0.0000 0.9162 2 -1.0000 1.0000 1.5310 9.3882 1.3882 -10.6118 5.3882 -6.6118 -2.6118 0.7841 0.3719 0.3227 0.6914 0.3199 2.4900 1.9970 4.7491 
13.0000 50.0000 1.0000 -2.6671 1.0000 5.1600 2 -1.0000 1.0000 1.1510 -8.6671 -0.6671 3.3329 -4.6671 7.3329 -12.6671 0.5000 0.5000 0.5000 0.5000 0.5000 2.5000 1.8443 4.5925 
