subNo index block mean periodicity testLevel pressedKey answer isCorrect rt s1 s2 s3 s4 s5 s6 t1 t2 t3 t4 t5 seqDuration startInterval trialDuration 
6.0000 43.0000 1.0000 2.0000 1.0000 -4.2000 2 1.0000 1.0000 2.1470 -4.0000 4.0000 8.0000 0.0000 12.0000 -8.0000 0.5000 0.5000 0.5000 0.5000 0.5000 2.5000 1.7595 4.5091 
6.0000 38.0000 1.0000 0.0000 0.0000 -1.4000 2 1.0000 1.0000 2.2990 6.0000 -6.0000 -10.0000 10.0000 -2.0000 2.0000 0.3991 0.3631 0.7963 0.3867 0.5645 2.5098 1.7675 4.5356 
6.0000 13.0000 1.0000 -4.0000 0.0000 2.8000 8 -1.0000 1.0000 1.7950 -14.0000 -6.0000 2.0000 -10.0000 6.0000 -2.0000 0.3959 0.5942 0.3214 0.7004 0.4828 2.4946 1.8113 4.5538 
6.0000 36.0000 1.0000 0.0000 0.0000 -4.2000 2 1.0000 1.0000 1.4970 10.0000 2.0000 -6.0000 6.0000 -10.0000 -2.0000 0.4916 0.5807 0.3439 0.5949 0.4902 2.5013 1.7639 4.5105 
6.0000 16.0000 1.0000 -2.0000 1.0000 -2.8000 2 1.0000 1.0000 2.8890 0.0000 -8.0000 -12.0000 8.0000 -4.0000 4.0000 0.5000 0.5000 0.5000 0.5000 0.5000 2.5000 1.8630 4.6092 
6.0000 44.0000 1.0000 2.0000 1.0000 -2.8000 8 -1.0000 0.0000 2.6630 12.0000 0.0000 -4.0000 4.0000 -8.0000 8.0000 0.5000 0.5000 0.5000 0.5000 0.5000 2.5000 1.8674 4.6260 
6.0000 23.0000 1.0000 -2.0000 0.0000 -2.8000 2 1.0000 1.0000 2.1360 4.0000 -8.0000 -12.0000 8.0000 -4.0000 0.0000 0.3809 0.7587 0.6334 0.3485 0.3830 2.5045 1.8594 4.6137 
6.0000 8.0000 1.0000 -4.0000 0.0000 -4.2000 8 -1.0000 0.0000 2.5410 -10.0000 -2.0000 2.0000 -6.0000 6.0000 -14.0000 0.3971 0.5280 0.3572 0.4723 0.7373 2.4919 1.8013 4.5512 
6.0000 50.0000 1.0000 2.0000 0.0000 -4.2000 2 1.0000 1.0000 1.7210 8.0000 0.0000 -4.0000 4.0000 -8.0000 12.0000 0.3910 0.6737 0.5713 0.5215 0.3431 2.5006 1.8976 4.6433 
6.0000 56.0000 1.0000 2.0000 0.0000 4.2000 8 -1.0000 1.0000 2.1590 -8.0000 4.0000 12.0000 0.0000 8.0000 -4.0000 0.3792 0.6894 0.3161 0.7298 0.3782 2.4928 1.8391 4.5852 
6.0000 24.0000 1.0000 -2.0000 0.0000 -1.4000 2 1.0000 1.0000 1.9270 -12.0000 -4.0000 4.0000 -8.0000 8.0000 0.0000 0.7285 0.5311 0.3951 0.3451 0.5061 2.5059 1.8061 4.5650 
6.0000 5.0000 1.0000 -4.0000 1.0000 1.4000 2 1.0000 0.0000 3.0760 2.0000 -6.0000 -10.0000 -2.0000 -14.0000 6.0000 0.5000 0.5000 0.5000 0.5000 0.5000 2.5000 1.8495 4.5925 
6.0000 10.0000 1.0000 -4.0000 0.0000 -1.4000 2 1.0000 1.0000 2.2400 -6.0000 2.0000 6.0000 -14.0000 -2.0000 -10.0000 0.3023 0.4901 0.5750 0.5200 0.6031 2.4906 1.7733 4.4998 
6.0000 20.0000 1.0000 -2.0000 1.0000 2.8000 8 -1.0000 1.0000 1.3930 8.0000 0.0000 -12.0000 4.0000 -8.0000 -4.0000 0.5000 0.5000 0.5000 0.5000 0.5000 2.5000 1.8314 4.5926 
6.0000 51.0000 1.0000 2.0000 0.0000 -2.8000 8 -1.0000 0.0000 1.9190 12.0000 4.0000 -8.0000 8.0000 -4.0000 0.0000 0.4147 0.6728 0.7374 0.3492 0.3220 2.4960 1.9799 4.7387 
6.0000 25.0000 1.0000 -2.0000 0.0000 0.0000 2 1.0000 0.0000 2.2070 -4.0000 4.0000 8.0000 -12.0000 0.0000 -8.0000 0.6521 0.3440 0.3058 0.6515 0.5504 2.5038 1.8101 4.5629 
6.0000 47.0000 1.0000 2.0000 1.0000 1.4000 8 -1.0000 1.0000 1.8520 -4.0000 4.0000 12.0000 0.0000 8.0000 -8.0000 0.5000 0.5000 0.5000 0.5000 0.5000 2.5000 1.9701 4.7259 
6.0000 32.0000 1.0000 0.0000 1.0000 0.0000 8 -1.0000 0.0000 1.5350 6.0000 -6.0000 -10.0000 10.0000 -2.0000 2.0000 0.5000 0.5000 0.5000 0.5000 0.5000 2.5000 1.9861 4.7426 
6.0000 14.0000 1.0000 -4.0000 0.0000 4.2000 8 -1.0000 1.0000 1.9940 6.0000 -2.0000 -14.0000 2.0000 -10.0000 -6.0000 0.3441 0.5740 0.7592 0.5081 0.3077 2.4932 1.9807 4.7191 
6.0000 37.0000 1.0000 0.0000 0.0000 -2.8000 2 1.0000 1.0000 2.0990 -6.0000 2.0000 6.0000 -2.0000 10.0000 -10.0000 0.7706 0.3764 0.3094 0.7008 0.3522 2.5093 1.8743 4.6354 
6.0000 28.0000 1.0000 -2.0000 0.0000 4.2000 8 -1.0000 1.0000 2.1260 -12.0000 -4.0000 8.0000 -8.0000 4.0000 0.0000 0.4814 0.3926 0.7605 0.3035 0.5525 2.4905 1.9649 4.6997 
6.0000 33.0000 1.0000 0.0000 1.0000 1.4000 2 1.0000 0.0000 1.6620 10.0000 -2.0000 -6.0000 2.0000 -10.0000 6.0000 0.5000 0.5000 0.5000 0.5000 0.5000 2.5000 1.9747 4.7259 
6.0000 52.0000 1.0000 2.0000 0.0000 -1.4000 2 1.0000 1.0000 1.6890 8.0000 0.0000 -8.0000 4.0000 -4.0000 12.0000 0.3972 0.5584 0.4854 0.4572 0.6001 2.4984 1.9863 4.7411 
6.0000 55.0000 1.0000 2.0000 0.0000 2.8000 8 -1.0000 1.0000 2.3520 8.0000 -4.0000 -8.0000 12.0000 0.0000 4.0000 0.6085 0.3422 0.4132 0.4607 0.6838 2.5084 1.8349 4.6010 
6.0000 42.0000 1.0000 0.0000 0.0000 4.2000 8 -1.0000 1.0000 1.5030 10.0000 2.0000 -6.0000 6.0000 -10.0000 -2.0000 0.7446 0.3692 0.6509 0.3779 0.3516 2.4942 1.9894 4.7368 
6.0000 40.0000 1.0000 0.0000 0.0000 1.4000 8 -1.0000 1.0000 1.9540 -6.0000 2.0000 10.0000 -2.0000 6.0000 -10.0000 0.4177 0.4739 0.4142 0.7091 0.4923 2.5072 1.9459 4.6999 
6.0000 68.0000 1.0000 4.0000 0.0000 1.4000 8 -1.0000 1.0000 1.1950 14.0000 6.0000 -2.0000 10.0000 -6.0000 2.0000 0.4441 0.5820 0.4224 0.7085 0.3350 2.4920 1.9762 4.7179 
6.0000 6.0000 1.0000 -4.0000 1.0000 2.8000 8 -1.0000 1.0000 1.5060 -2.0000 -10.0000 -14.0000 6.0000 -6.0000 2.0000 0.5000 0.5000 0.5000 0.5000 0.5000 2.5000 1.9745 4.7258 
6.0000 2.0000 1.0000 -4.0000 1.0000 -2.8000 2 1.0000 1.0000 1.2920 -14.0000 -2.0000 2.0000 -6.0000 6.0000 -10.0000 0.5000 0.5000 0.5000 0.5000 0.5000 2.5000 1.7881 4.5257 
6.0000 48.0000 1.0000 2.0000 1.0000 2.8000 8 -1.0000 1.0000 1.6520 -8.0000 4.0000 12.0000 0.0000 8.0000 -4.0000 0.5000 0.5000 0.5000 0.5000 0.5000 2.5000 1.8447 4.6093 
6.0000 41.0000 1.0000 0.0000 0.0000 2.8000 8 -1.0000 1.0000 1.4180 -6.0000 2.0000 10.0000 -2.0000 6.0000 -10.0000 0.5335 0.3333 0.4669 0.6841 0.4922 2.5099 1.9116 4.6859 
6.0000 29.0000 1.0000 0.0000 1.0000 -4.2000 2 1.0000 1.0000 1.9050 6.0000 -6.0000 -10.0000 10.0000 -2.0000 2.0000 0.5000 0.5000 0.5000 0.5000 0.5000 2.5000 1.9034 4.6592 
6.0000 11.0000 1.0000 -4.0000 0.0000 0.0000 2 1.0000 0.0000 1.4940 -2.0000 -10.0000 -14.0000 6.0000 -6.0000 2.0000 0.5830 0.4225 0.5043 0.3203 0.6695 2.4995 1.9190 4.6754 
6.0000 12.0000 1.0000 -4.0000 0.0000 1.4000 8 -1.0000 1.0000 3.0200 -6.0000 2.0000 6.0000 -14.0000 -2.0000 -10.0000 0.5188 0.3698 0.5091 0.4003 0.6930 2.4911 1.8612 4.6003 
6.0000 46.0000 1.0000 2.0000 1.0000 0.0000 2 1.0000 0.0000 2.0240 4.0000 -4.0000 -8.0000 12.0000 0.0000 8.0000 0.5000 0.5000 0.5000 0.5000 0.5000 2.5000 1.8143 4.5592 
6.0000 70.0000 1.0000 4.0000 0.0000 4.2000 8 -1.0000 1.0000 1.7330 -6.0000 2.0000 10.0000 -2.0000 14.0000 6.0000 0.3404 0.7017 0.3098 0.7514 0.3902 2.4935 1.8517 4.5860 
6.0000 4.0000 1.0000 -4.0000 1.0000 0.0000 2 1.0000 0.0000 2.4410 -2.0000 -10.0000 -14.0000 6.0000 -6.0000 2.0000 0.5000 0.5000 0.5000 0.5000 0.5000 2.5000 1.8470 4.5925 
6.0000 39.0000 1.0000 0.0000 0.0000 0.0000 8 -1.0000 0.0000 2.6430 10.0000 2.0000 -10.0000 6.0000 -6.0000 -2.0000 0.4023 0.6813 0.4836 0.5731 0.3563 2.4967 1.8691 4.6226 
6.0000 18.0000 1.0000 -2.0000 1.0000 0.0000 2 1.0000 0.0000 2.2400 -4.0000 4.0000 8.0000 -12.0000 0.0000 -8.0000 0.5000 0.5000 0.5000 0.5000 0.5000 2.5000 1.8925 4.6424 
6.0000 58.0000 1.0000 4.0000 1.0000 -2.8000 2 1.0000 1.0000 1.3280 -6.0000 2.0000 14.0000 -2.0000 10.0000 6.0000 0.5000 0.5000 0.5000 0.5000 0.5000 2.5000 1.9070 4.6592 
6.0000 67.0000 1.0000 4.0000 0.0000 0.0000 8 -1.0000 0.0000 2.0410 -6.0000 6.0000 10.0000 2.0000 14.0000 -2.0000 0.7770 0.3829 0.5353 0.4183 0.3865 2.5000 1.9011 4.6592 
6.0000 69.0000 1.0000 4.0000 0.0000 2.8000 8 -1.0000 1.0000 1.3500 6.0000 -2.0000 -6.0000 14.0000 2.0000 10.0000 0.4728 0.5759 0.3554 0.7124 0.3845 2.5010 1.7719 4.5269 
6.0000 15.0000 1.0000 -2.0000 1.0000 -4.2000 2 1.0000 1.0000 1.5090 8.0000 -4.0000 -8.0000 0.0000 -12.0000 4.0000 0.5000 0.5000 0.5000 0.5000 0.5000 2.5000 1.8115 4.5593 
6.0000 66.0000 1.0000 4.0000 0.0000 -1.4000 8 -1.0000 0.0000 2.7210 -2.0000 6.0000 14.0000 2.0000 10.0000 -6.0000 0.5182 0.3210 0.3833 0.6117 0.6586 2.4927 1.7533 4.4851 
6.0000 45.0000 1.0000 2.0000 1.0000 -1.4000 2 1.0000 1.0000 3.7540 8.0000 0.0000 -8.0000 4.0000 -4.0000 12.0000 0.5000 0.5000 0.5000 0.5000 0.5000 2.5000 1.9624 4.7091 
6.0000 31.0000 1.0000 0.0000 1.0000 -1.4000 2 1.0000 1.0000 1.8170 10.0000 2.0000 -6.0000 6.0000 -10.0000 -2.0000 0.5000 0.5000 0.5000 0.5000 0.5000 2.5000 1.7602 4.5258 
6.0000 3.0000 1.0000 -4.0000 1.0000 -1.4000 2 1.0000 1.0000 1.8200 2.0000 -6.0000 -10.0000 -2.0000 -14.0000 6.0000 0.5000 0.5000 0.5000 0.5000 0.5000 2.5000 1.7663 4.5260 
6.0000 61.0000 1.0000 4.0000 1.0000 1.4000 2 1.0000 0.0000 1.7290 -6.0000 6.0000 10.0000 2.0000 14.0000 -2.0000 0.5000 0.5000 0.5000 0.5000 0.5000 2.5000 1.9941 4.7425 
6.0000 30.0000 1.0000 0.0000 1.0000 -2.8000 2 1.0000 1.0000 2.2200 2.0000 -6.0000 -10.0000 10.0000 -2.0000 6.0000 0.5000 0.5000 0.5000 0.5000 0.5000 2.5000 1.8921 4.6425 
6.0000 49.0000 1.0000 2.0000 1.0000 4.2000 8 -1.0000 1.0000 1.5930 -4.0000 8.0000 12.0000 -8.0000 4.0000 0.0000 0.5000 0.5000 0.5000 0.5000 0.5000 2.5000 1.8077 4.5591 
6.0000 1.0000 1.0000 -4.0000 1.0000 -4.2000 2 1.0000 1.0000 1.7890 -14.0000 -6.0000 6.0000 -10.0000 2.0000 -2.0000 0.5000 0.5000 0.5000 0.5000 0.5000 2.5000 1.8249 4.5760 
6.0000 19.0000 1.0000 -2.0000 1.0000 1.4000 8 -1.0000 1.0000 3.3450 -4.0000 4.0000 8.0000 -12.0000 0.0000 -8.0000 0.5000 0.5000 0.5000 0.5000 0.5000 2.5000 1.8229 4.5759 
6.0000 65.0000 1.0000 4.0000 0.0000 -2.8000 8 -1.0000 0.0000 1.3940 14.0000 6.0000 -2.0000 10.0000 -6.0000 2.0000 0.4324 0.3640 0.7835 0.4946 0.4164 2.4909 1.9977 4.7335 
6.0000 53.0000 1.0000 2.0000 0.0000 0.0000 2 1.0000 0.0000 1.4860 -4.0000 4.0000 12.0000 0.0000 8.0000 -8.0000 0.4198 0.4518 0.6896 0.3610 0.5818 2.5040 1.9720 4.7301 
6.0000 27.0000 1.0000 -2.0000 0.0000 2.8000 8 -1.0000 1.0000 1.8880 0.0000 -8.0000 -12.0000 8.0000 -4.0000 4.0000 0.4861 0.5115 0.7069 0.3703 0.4217 2.4965 1.9913 4.7390 
6.0000 59.0000 1.0000 4.0000 1.0000 -1.4000 8 -1.0000 0.0000 1.1050 2.0000 10.0000 14.0000 -6.0000 6.0000 -2.0000 0.5000 0.5000 0.5000 0.5000 0.5000 2.5000 1.8071 4.5592 
6.0000 62.0000 1.0000 4.0000 1.0000 2.8000 8 -1.0000 1.0000 1.3810 -6.0000 6.0000 14.0000 2.0000 10.0000 -2.0000 0.5000 0.5000 0.5000 0.5000 0.5000 2.5000 1.7573 4.5092 
6.0000 64.0000 1.0000 4.0000 0.0000 -4.2000 2 1.0000 1.0000 1.6510 -2.0000 6.0000 10.0000 2.0000 14.0000 -6.0000 0.4747 0.7129 0.5949 0.3727 0.3410 2.4962 1.7770 4.5221 
6.0000 54.0000 1.0000 2.0000 0.0000 1.4000 8 -1.0000 1.0000 1.8950 8.0000 0.0000 -8.0000 4.0000 -4.0000 12.0000 0.5968 0.3912 0.7102 0.4416 0.3534 2.4931 1.8126 4.5525 
6.0000 34.0000 1.0000 0.0000 1.0000 2.8000 8 -1.0000 1.0000 1.4890 2.0000 -6.0000 -10.0000 10.0000 -2.0000 6.0000 0.5000 0.5000 0.5000 0.5000 0.5000 2.5000 1.9579 4.7093 
6.0000 17.0000 1.0000 -2.0000 1.0000 -1.4000 2 1.0000 1.0000 1.4430 -8.0000 0.0000 8.0000 -4.0000 4.0000 -12.0000 0.5000 0.5000 0.5000 0.5000 0.5000 2.5000 1.9885 4.7259 
6.0000 57.0000 1.0000 4.0000 1.0000 -4.2000 2 1.0000 1.0000 1.3320 -2.0000 6.0000 14.0000 2.0000 10.0000 -6.0000 0.5000 0.5000 0.5000 0.5000 0.5000 2.5000 1.8521 4.6093 
6.0000 22.0000 1.0000 -2.0000 0.0000 -4.2000 2 1.0000 1.0000 2.3320 -8.0000 0.0000 8.0000 -4.0000 4.0000 -12.0000 0.3767 0.6893 0.3615 0.4449 0.6260 2.4984 1.9854 4.7410 
6.0000 63.0000 1.0000 4.0000 1.0000 4.2000 8 -1.0000 1.0000 1.1980 14.0000 2.0000 -2.0000 6.0000 -6.0000 10.0000 0.5000 0.5000 0.5000 0.5000 0.5000 2.5000 1.9253 4.6759 
6.0000 21.0000 1.0000 -2.0000 1.0000 4.2000 2 1.0000 0.0000 2.0050 4.0000 -4.0000 -12.0000 0.0000 -8.0000 8.0000 0.5000 0.5000 0.5000 0.5000 0.5000 2.5000 1.9395 4.6925 
6.0000 60.0000 1.0000 4.0000 1.0000 0.0000 8 -1.0000 0.0000 2.3890 2.0000 10.0000 14.0000 -6.0000 6.0000 -2.0000 0.5000 0.5000 0.5000 0.5000 0.5000 2.5000 1.7515 4.5093 
6.0000 7.0000 1.0000 -4.0000 1.0000 4.2000 8 -1.0000 1.0000 2.2830 6.0000 -6.0000 -14.0000 -2.0000 -10.0000 2.0000 0.5000 0.5000 0.5000 0.5000 0.5000 2.5000 1.9844 4.7259 
6.0000 35.0000 1.0000 0.0000 1.0000 4.2000 8 -1.0000 1.0000 1.2220 -10.0000 2.0000 6.0000 -2.0000 10.0000 -6.0000 0.5000 0.5000 0.5000 0.5000 0.5000 2.5000 1.9630 4.7092 
6.0000 26.0000 1.0000 -2.0000 0.0000 1.4000 2 1.0000 0.0000 3.0350 8.0000 -4.0000 -12.0000 0.0000 -8.0000 4.0000 0.7738 0.3988 0.3094 0.5600 0.4508 2.4928 1.9720 4.7020 
6.0000 9.0000 1.0000 -4.0000 0.0000 -2.8000 2 1.0000 1.0000 1.7200 6.0000 -2.0000 -10.0000 2.0000 -14.0000 -6.0000 0.4248 0.6551 0.4119 0.3776 0.6263 2.4957 1.9346 4.6884 
6.0000 9.0000 2.0000 -4.0000 0.0000 -2.8000 2 1.0000 1.0000 2.2560 6.0000 -2.0000 -14.0000 2.0000 -10.0000 -6.0000 0.3919 0.4766 0.3698 0.6903 0.5651 2.4936 1.8527 4.6028 
6.0000 14.0000 2.0000 -4.0000 0.0000 4.2000 8 -1.0000 1.0000 2.4230 -10.0000 2.0000 6.0000 -14.0000 -2.0000 -6.0000 0.4997 0.3224 0.4910 0.7877 0.4008 2.5016 1.9154 4.6609 
6.0000 59.0000 2.0000 4.0000 1.0000 -1.4000 8 -1.0000 0.0000 1.5260 -2.0000 6.0000 14.0000 2.0000 10.0000 -6.0000 0.5000 0.5000 0.5000 0.5000 0.5000 2.5000 1.9566 4.7091 
6.0000 41.0000 2.0000 0.0000 0.0000 2.8000 8 -1.0000 1.0000 1.8010 6.0000 -2.0000 -10.0000 2.0000 -6.0000 10.0000 0.5284 0.4142 0.3337 0.5524 0.6756 2.5043 1.8793 4.6302 
6.0000 60.0000 2.0000 4.0000 1.0000 0.0000 8 -1.0000 0.0000 1.7950 -2.0000 10.0000 14.0000 -6.0000 6.0000 2.0000 0.5000 0.5000 0.5000 0.5000 0.5000 2.5000 1.9343 4.6760 
6.0000 62.0000 2.0000 4.0000 1.0000 2.8000 8 -1.0000 1.0000 1.9280 2.0000 10.0000 14.0000 -6.0000 6.0000 -2.0000 0.5000 0.5000 0.5000 0.5000 0.5000 2.5000 1.9333 4.6759 
6.0000 2.0000 2.0000 -4.0000 1.0000 -2.8000 2 1.0000 1.0000 1.6300 -14.0000 -2.0000 6.0000 -6.0000 2.0000 -10.0000 0.5000 0.5000 0.5000 0.5000 0.5000 2.5000 1.8253 4.5758 
6.0000 52.0000 2.0000 2.0000 0.0000 -1.4000 8 -1.0000 0.0000 2.0110 -4.0000 4.0000 8.0000 0.0000 12.0000 -8.0000 0.5424 0.4572 0.3401 0.6891 0.4804 2.5093 1.9370 4.7019 
6.0000 13.0000 2.0000 -4.0000 0.0000 2.8000 8 -1.0000 1.0000 1.9350 -14.0000 -6.0000 2.0000 -10.0000 6.0000 -2.0000 0.5908 0.5511 0.3116 0.7088 0.3460 2.5083 1.7510 4.5175 
6.0000 36.0000 2.0000 0.0000 0.0000 -4.2000 2 1.0000 1.0000 1.7410 -6.0000 6.0000 10.0000 -10.0000 2.0000 -2.0000 0.5417 0.3486 0.7206 0.5364 0.3540 2.5013 1.8332 4.5937 
6.0000 11.0000 2.0000 -4.0000 0.0000 0.0000 2 1.0000 0.0000 1.7180 -14.0000 -6.0000 2.0000 -10.0000 6.0000 -2.0000 0.3995 0.4473 0.7712 0.3025 0.5762 2.4966 1.9579 4.7060 
6.0000 15.0000 2.0000 -2.0000 1.0000 -4.2000 2 1.0000 1.0000 1.8800 -12.0000 0.0000 8.0000 -4.0000 4.0000 -8.0000 0.5000 0.5000 0.5000 0.5000 0.5000 2.5000 1.8177 4.5593 
6.0000 33.0000 2.0000 0.0000 1.0000 1.4000 8 -1.0000 1.0000 1.3260 -10.0000 2.0000 10.0000 -2.0000 6.0000 -6.0000 0.5000 0.5000 0.5000 0.5000 0.5000 2.5000 1.9126 4.6592 
6.0000 44.0000 2.0000 2.0000 1.0000 -2.8000 2 1.0000 1.0000 1.7040 -8.0000 4.0000 12.0000 0.0000 8.0000 -4.0000 0.5000 0.5000 0.5000 0.5000 0.5000 2.5000 1.8959 4.6425 
6.0000 43.0000 2.0000 2.0000 1.0000 -4.2000 2 1.0000 1.0000 1.8160 8.0000 0.0000 -8.0000 4.0000 -4.0000 12.0000 0.5000 0.5000 0.5000 0.5000 0.5000 2.5000 1.8349 4.5926 
6.0000 21.0000 2.0000 -2.0000 1.0000 4.2000 8 -1.0000 1.0000 1.7050 -8.0000 0.0000 8.0000 -4.0000 4.0000 -12.0000 0.5000 0.5000 0.5000 0.5000 0.5000 2.5000 1.8144 4.5759 
6.0000 39.0000 2.0000 0.0000 0.0000 0.0000 8 -1.0000 0.0000 1.8050 -6.0000 2.0000 6.0000 -2.0000 10.0000 -10.0000 0.5265 0.4634 0.5137 0.3286 0.6651 2.4973 1.9058 4.6565 
6.0000 35.0000 2.0000 0.0000 1.0000 4.2000 8 -1.0000 1.0000 2.0190 -10.0000 2.0000 6.0000 -2.0000 10.0000 -6.0000 0.5000 0.5000 0.5000 0.5000 0.5000 2.5000 1.7540 4.5092 
6.0000 31.0000 2.0000 0.0000 1.0000 -1.4000 2 1.0000 1.0000 3.2510 -6.0000 2.0000 10.0000 -2.0000 6.0000 -10.0000 0.5000 0.5000 0.5000 0.5000 0.5000 2.5000 1.9348 4.6759 
6.0000 23.0000 2.0000 -2.0000 0.0000 -2.8000 2 1.0000 1.0000 1.7440 4.0000 -4.0000 -12.0000 0.0000 -8.0000 8.0000 0.4528 0.7670 0.6172 0.3091 0.3619 2.5080 1.9200 4.6672 
6.0000 7.0000 2.0000 -4.0000 1.0000 4.2000 8 -1.0000 1.0000 2.3880 -6.0000 2.0000 6.0000 -14.0000 -2.0000 -10.0000 0.5000 0.5000 0.5000 0.5000 0.5000 2.5000 1.8798 4.6258 
6.0000 68.0000 2.0000 4.0000 0.0000 1.4000 8 -1.0000 1.0000 1.8740 10.0000 2.0000 -2.0000 6.0000 -6.0000 14.0000 0.4442 0.4003 0.6876 0.3064 0.6609 2.4995 1.8256 4.5754 
6.0000 56.0000 2.0000 2.0000 0.0000 4.2000 8 -1.0000 1.0000 1.5320 8.0000 -4.0000 -8.0000 12.0000 0.0000 4.0000 0.3855 0.5355 0.5070 0.5971 0.4708 2.4959 1.7699 4.5216 
6.0000 3.0000 2.0000 -4.0000 1.0000 -1.4000 2 1.0000 1.0000 2.8450 2.0000 -10.0000 -14.0000 6.0000 -6.0000 -2.0000 0.5000 0.5000 0.5000 0.5000 0.5000 2.5000 1.9922 4.7427 
6.0000 27.0000 2.0000 -2.0000 0.0000 2.8000 8 -1.0000 1.0000 1.6160 8.0000 -4.0000 -12.0000 0.0000 -8.0000 4.0000 0.6867 0.4850 0.5573 0.4227 0.3563 2.5081 1.9065 4.6674 
6.0000 17.0000 2.0000 -2.0000 1.0000 -1.4000 8 -1.0000 0.0000 1.6830 -8.0000 4.0000 8.0000 -12.0000 0.0000 -4.0000 0.5000 0.5000 0.5000 0.5000 0.5000 2.5000 1.8937 4.6426 
6.0000 20.0000 2.0000 -2.0000 1.0000 2.8000 8 -1.0000 1.0000 1.6650 -4.0000 4.0000 8.0000 -12.0000 0.0000 -8.0000 0.5000 0.5000 0.5000 0.5000 0.5000 2.5000 1.8815 4.6260 
6.0000 24.0000 2.0000 -2.0000 0.0000 -1.4000 2 1.0000 1.0000 1.5540 -12.0000 0.0000 4.0000 -4.0000 8.0000 -8.0000 0.3368 0.6909 0.4147 0.7360 0.3243 2.5027 1.8177 4.5618 
6.0000 34.0000 2.0000 0.0000 1.0000 2.8000 8 -1.0000 1.0000 1.9550 6.0000 -2.0000 -6.0000 2.0000 -10.0000 10.0000 0.5000 0.5000 0.5000 0.5000 0.5000 2.5000 1.9768 4.7261 
6.0000 61.0000 2.0000 4.0000 1.0000 1.4000 8 -1.0000 1.0000 1.8160 6.0000 -2.0000 -6.0000 14.0000 2.0000 10.0000 0.5000 0.5000 0.5000 0.5000 0.5000 2.5000 1.8092 4.5592 
6.0000 38.0000 2.0000 0.0000 0.0000 -1.4000 2 1.0000 1.0000 2.2610 6.0000 -6.0000 -10.0000 10.0000 -2.0000 2.0000 0.3415 0.6205 0.5253 0.3179 0.7007 2.5059 1.9417 4.6986 
6.0000 1.0000 2.0000 -4.0000 1.0000 -4.2000 2 1.0000 1.0000 1.5030 2.0000 -10.0000 -14.0000 6.0000 -6.0000 -2.0000 0.5000 0.5000 0.5000 0.5000 0.5000 2.5000 1.8187 4.5759 
6.0000 53.0000 2.0000 2.0000 0.0000 0.0000 8 -1.0000 0.0000 2.1110 -8.0000 0.0000 8.0000 -4.0000 12.0000 4.0000 0.3609 0.4922 0.3721 0.5926 0.6901 2.5079 1.8020 4.5670 
6.0000 16.0000 2.0000 -2.0000 1.0000 -2.8000 2 1.0000 1.0000 1.6380 -4.0000 4.0000 8.0000 -12.0000 0.0000 -8.0000 0.5000 0.5000 0.5000 0.5000 0.5000 2.5000 1.8716 4.6258 
6.0000 49.0000 2.0000 2.0000 1.0000 4.2000 8 -1.0000 1.0000 1.8160 -8.0000 4.0000 12.0000 0.0000 8.0000 -4.0000 0.5000 0.5000 0.5000 0.5000 0.5000 2.5000 1.9894 4.7426 
6.0000 54.0000 2.0000 2.0000 0.0000 1.4000 8 -1.0000 1.0000 1.8700 -4.0000 4.0000 12.0000 0.0000 8.0000 -8.0000 0.3946 0.3507 0.7464 0.5278 0.4891 2.5087 1.9675 4.7180 
6.0000 5.0000 2.0000 -4.0000 1.0000 1.4000 2 1.0000 0.0000 1.6590 -10.0000 2.0000 6.0000 -14.0000 -2.0000 -6.0000 0.5000 0.5000 0.5000 0.5000 0.5000 2.5000 1.9532 4.6926 
6.0000 12.0000 2.0000 -4.0000 0.0000 1.4000 8 -1.0000 1.0000 2.3290 2.0000 -10.0000 -14.0000 6.0000 -6.0000 -2.0000 0.5076 0.4553 0.5200 0.4807 0.5272 2.4908 1.9523 4.6833 
6.0000 28.0000 2.0000 -2.0000 0.0000 4.2000 8 -1.0000 1.0000 1.6590 -12.0000 -4.0000 4.0000 -8.0000 8.0000 0.0000 0.5072 0.3877 0.4986 0.5786 0.5357 2.5078 1.9307 4.7003 
6.0000 29.0000 2.0000 0.0000 1.0000 -4.2000 2 1.0000 1.0000 1.4270 6.0000 -2.0000 -10.0000 2.0000 -6.0000 10.0000 0.5000 0.5000 0.5000 0.5000 0.5000 2.5000 1.9975 4.7593 
6.0000 55.0000 2.0000 2.0000 0.0000 2.8000 8 -1.0000 1.0000 1.4230 4.0000 -4.0000 -8.0000 12.0000 0.0000 8.0000 0.5077 0.3169 0.4869 0.4233 0.7563 2.4911 1.8087 4.5503 
6.0000 4.0000 2.0000 -4.0000 1.0000 0.0000 2 1.0000 0.0000 1.2600 -10.0000 -2.0000 6.0000 -6.0000 2.0000 -14.0000 0.5000 0.5000 0.5000 0.5000 0.5000 2.5000 1.9889 4.7425 
6.0000 42.0000 2.0000 0.0000 0.0000 4.2000 8 -1.0000 1.0000 1.6010 -2.0000 6.0000 10.0000 -10.0000 2.0000 -6.0000 0.5321 0.4690 0.6460 0.4610 0.3963 2.5044 1.9304 4.6803 
6.0000 40.0000 2.0000 0.0000 0.0000 1.4000 2 1.0000 0.0000 2.1580 6.0000 -6.0000 -10.0000 10.0000 -2.0000 2.0000 0.4212 0.3402 0.7621 0.6356 0.3439 2.5030 1.7666 4.5120 
6.0000 69.0000 2.0000 4.0000 0.0000 2.8000 2 1.0000 0.0000 2.1030 10.0000 2.0000 -6.0000 6.0000 -2.0000 14.0000 0.3596 0.7539 0.4685 0.3121 0.6017 2.4959 1.9508 4.6884 
6.0000 66.0000 2.0000 4.0000 0.0000 -1.4000 2 1.0000 1.0000 1.6710 -6.0000 6.0000 10.0000 2.0000 14.0000 -2.0000 0.4302 0.7150 0.4532 0.6008 0.3094 2.5086 1.8684 4.6177 
6.0000 37.0000 2.0000 0.0000 0.0000 -2.8000 2 1.0000 1.0000 1.9980 10.0000 -2.0000 -10.0000 2.0000 -6.0000 6.0000 0.6681 0.5846 0.3108 0.3639 0.5763 2.5037 1.8285 4.5963 
6.0000 6.0000 2.0000 -4.0000 1.0000 2.8000 8 -1.0000 1.0000 2.0920 6.0000 -2.0000 -10.0000 2.0000 -14.0000 -6.0000 0.5000 0.5000 0.5000 0.5000 0.5000 2.5000 1.7504 4.5091 
6.0000 67.0000 2.0000 4.0000 0.0000 0.0000 8 -1.0000 0.0000 2.7250 14.0000 2.0000 -6.0000 6.0000 -2.0000 10.0000 0.4789 0.4252 0.3872 0.7198 0.4861 2.4971 1.7866 4.5396 
6.0000 19.0000 2.0000 -2.0000 1.0000 1.4000 8 -1.0000 1.0000 1.8750 -12.0000 -4.0000 4.0000 -8.0000 8.0000 0.0000 0.5000 0.5000 0.5000 0.5000 0.5000 2.5000 1.8580 4.6091 
6.0000 63.0000 2.0000 4.0000 1.0000 4.2000 8 -1.0000 1.0000 1.8620 -6.0000 2.0000 14.0000 -2.0000 10.0000 6.0000 0.5000 0.5000 0.5000 0.5000 0.5000 2.5000 1.9773 4.7259 
6.0000 22.0000 2.0000 -2.0000 0.0000 -4.2000 2 1.0000 1.0000 1.7000 8.0000 0.0000 -12.0000 4.0000 -8.0000 -4.0000 0.6111 0.3274 0.5461 0.4612 0.5491 2.4949 1.9420 4.6876 
6.0000 18.0000 2.0000 -2.0000 1.0000 0.0000 8 -1.0000 0.0000 2.4600 -8.0000 0.0000 8.0000 -4.0000 4.0000 -12.0000 0.5000 0.5000 0.5000 0.5000 0.5000 2.5000 1.8212 4.5593 
6.0000 48.0000 2.0000 2.0000 1.0000 2.8000 8 -1.0000 1.0000 1.6440 -8.0000 0.0000 8.0000 -4.0000 12.0000 4.0000 0.5000 0.5000 0.5000 0.5000 0.5000 2.5000 1.8601 4.6091 
6.0000 32.0000 2.0000 0.0000 1.0000 0.0000 2 1.0000 0.0000 2.2100 6.0000 -2.0000 -10.0000 2.0000 -6.0000 10.0000 0.5000 0.5000 0.5000 0.5000 0.5000 2.5000 1.9236 4.6759 
6.0000 57.0000 2.0000 4.0000 1.0000 -4.2000 2 1.0000 1.0000 1.1640 -2.0000 10.0000 14.0000 -6.0000 6.0000 2.0000 0.5000 0.5000 0.5000 0.5000 0.5000 2.5000 1.8746 4.6260 
6.0000 51.0000 2.0000 2.0000 0.0000 -2.8000 2 1.0000 1.0000 1.7790 8.0000 0.0000 -4.0000 4.0000 -8.0000 12.0000 0.7434 0.3551 0.6097 0.4816 0.3191 2.5089 1.7698 4.5347 
6.0000 70.0000 2.0000 4.0000 0.0000 4.2000 8 -1.0000 1.0000 2.5070 -6.0000 6.0000 14.0000 2.0000 10.0000 -2.0000 0.5350 0.4955 0.4647 0.4061 0.5907 2.4920 1.9371 4.6847 
6.0000 46.0000 2.0000 2.0000 1.0000 0.0000 8 -1.0000 0.0000 1.2120 12.0000 0.0000 -8.0000 4.0000 -4.0000 8.0000 0.5000 0.5000 0.5000 0.5000 0.5000 2.5000 1.9604 4.7093 
6.0000 25.0000 2.0000 -2.0000 0.0000 0.0000 2 1.0000 0.0000 2.5270 8.0000 0.0000 -8.0000 4.0000 -12.0000 -4.0000 0.3718 0.3375 0.4861 0.5757 0.7196 2.4908 1.7904 4.5333 
6.0000 58.0000 2.0000 4.0000 1.0000 -2.8000 2 1.0000 1.0000 3.2480 -2.0000 6.0000 10.0000 2.0000 14.0000 -6.0000 0.5000 0.5000 0.5000 0.5000 0.5000 2.5000 1.7918 4.5425 
6.0000 26.0000 2.0000 -2.0000 0.0000 1.4000 2 1.0000 0.0000 4.5640 0.0000 -8.0000 -12.0000 8.0000 -4.0000 4.0000 0.6994 0.3615 0.5388 0.3648 0.5383 2.5027 1.7922 4.5453 
6.0000 65.0000 2.0000 4.0000 0.0000 -2.8000 8 -1.0000 0.0000 2.0220 -2.0000 10.0000 14.0000 -6.0000 6.0000 2.0000 0.7460 0.4763 0.4497 0.3345 0.5002 2.5068 1.8211 4.5825 
6.0000 64.0000 2.0000 4.0000 0.0000 -4.2000 2 1.0000 1.0000 1.9620 -2.0000 6.0000 14.0000 2.0000 10.0000 -6.0000 0.4977 0.7100 0.3265 0.5218 0.4467 2.5026 1.8216 4.5784 
6.0000 45.0000 2.0000 2.0000 1.0000 -1.4000 2 1.0000 1.0000 1.2070 12.0000 0.0000 -4.0000 4.0000 -8.0000 8.0000 0.5000 0.5000 0.5000 0.5000 0.5000 2.5000 1.7803 4.5258 
6.0000 10.0000 2.0000 -4.0000 0.0000 -1.4000 2 1.0000 1.0000 1.3350 -14.0000 -6.0000 2.0000 -10.0000 6.0000 -2.0000 0.3012 0.5474 0.4522 0.7017 0.4901 2.4925 1.9588 4.7017 
6.0000 8.0000 2.0000 -4.0000 0.0000 -4.2000 2 1.0000 1.0000 2.1510 -10.0000 -2.0000 6.0000 -6.0000 2.0000 -14.0000 0.3254 0.6482 0.6901 0.4896 0.3451 2.4983 1.9912 4.7411 
6.0000 50.0000 2.0000 2.0000 0.0000 -4.2000 2 1.0000 1.0000 2.0890 4.0000 -4.0000 -8.0000 12.0000 0.0000 8.0000 0.3356 0.7056 0.4249 0.3518 0.6823 2.5003 1.9299 4.6761 
6.0000 30.0000 2.0000 0.0000 1.0000 -2.8000 2 1.0000 1.0000 1.6040 10.0000 -2.0000 -10.0000 2.0000 -6.0000 6.0000 0.5000 0.5000 0.5000 0.5000 0.5000 2.5000 1.9638 4.7092 
6.0000 47.0000 2.0000 2.0000 1.0000 1.4000 8 -1.0000 1.0000 1.7110 -4.0000 4.0000 8.0000 0.0000 12.0000 -8.0000 0.5000 0.5000 0.5000 0.5000 0.5000 2.5000 1.8545 4.5927 
6.0000 54.0000 3.0000 2.0000 0.0000 1.4000 8 -1.0000 1.0000 1.6720 4.0000 -4.0000 -8.0000 12.0000 0.0000 8.0000 0.3097 0.4442 0.6094 0.4735 0.6607 2.4974 1.9348 4.6901 
6.0000 24.0000 3.0000 -2.0000 0.0000 -1.4000 2 1.0000 1.0000 1.5170 -12.0000 0.0000 4.0000 -4.0000 8.0000 -8.0000 0.7500 0.4981 0.3137 0.6090 0.3382 2.5091 1.8751 4.6350 
6.0000 58.0000 3.0000 4.0000 1.0000 -2.8000 2 1.0000 1.0000 2.5090 10.0000 2.0000 -6.0000 6.0000 -2.0000 14.0000 0.5000 0.5000 0.5000 0.5000 0.5000 2.5000 1.8478 4.5926 
6.0000 16.0000 3.0000 -2.0000 1.0000 -2.8000 2 1.0000 1.0000 1.3510 -12.0000 -4.0000 4.0000 -8.0000 8.0000 0.0000 0.5000 0.5000 0.5000 0.5000 0.5000 2.5000 1.7511 4.4924 
6.0000 13.0000 3.0000 -4.0000 0.0000 2.8000 2 1.0000 0.0000 1.4790 -14.0000 -2.0000 2.0000 -6.0000 6.0000 -10.0000 0.7541 0.5572 0.3622 0.5065 0.3196 2.4996 1.9658 4.7089 
6.0000 65.0000 3.0000 4.0000 0.0000 -2.8000 2 1.0000 1.0000 1.2870 -6.0000 2.0000 14.0000 -2.0000 10.0000 6.0000 0.4243 0.7967 0.4184 0.4821 0.3764 2.4979 1.8640 4.6071 
6.0000 49.0000 3.0000 2.0000 1.0000 4.2000 8 -1.0000 1.0000 1.0190 4.0000 -4.0000 -8.0000 12.0000 0.0000 8.0000 0.5000 0.5000 0.5000 0.5000 0.5000 2.5000 1.9474 4.6925 
6.0000 57.0000 3.0000 4.0000 1.0000 -4.2000 2 1.0000 1.0000 1.1370 -6.0000 2.0000 14.0000 -2.0000 10.0000 6.0000 0.5000 0.5000 0.5000 0.5000 0.5000 2.5000 1.9646 4.7259 
6.0000 25.0000 3.0000 -2.0000 0.0000 0.0000 2 1.0000 0.0000 1.4020 8.0000 -4.0000 -8.0000 0.0000 -12.0000 4.0000 0.4768 0.5639 0.4659 0.5681 0.4181 2.4928 1.9027 4.6521 
6.0000 46.0000 3.0000 2.0000 1.0000 0.0000 8 -1.0000 0.0000 1.5100 8.0000 -4.0000 -8.0000 12.0000 0.0000 4.0000 0.5000 0.5000 0.5000 0.5000 0.5000 2.5000 1.8148 4.5759 
6.0000 51.0000 3.0000 2.0000 0.0000 -2.8000 2 1.0000 1.0000 1.7630 8.0000 0.0000 -8.0000 4.0000 -4.0000 12.0000 0.5783 0.3140 0.7132 0.3421 0.5491 2.4967 1.9370 4.6892 
6.0000 3.0000 3.0000 -4.0000 1.0000 -1.4000 2 1.0000 1.0000 1.2660 -14.0000 -6.0000 6.0000 -10.0000 2.0000 -2.0000 0.5000 0.5000 0.5000 0.5000 0.5000 2.5000 1.7701 4.5258 
6.0000 50.0000 3.0000 2.0000 0.0000 -4.2000 8 -1.0000 0.0000 2.4880 12.0000 0.0000 -4.0000 4.0000 -8.0000 8.0000 0.6386 0.4690 0.3062 0.6446 0.4433 2.5018 1.9041 4.6609 
6.0000 38.0000 3.0000 0.0000 0.0000 -1.4000 2 1.0000 1.0000 2.7390 -10.0000 2.0000 10.0000 -2.0000 6.0000 -6.0000 0.3851 0.4567 0.4955 0.4465 0.7180 2.5018 1.9545 4.6945 
6.0000 60.0000 3.0000 4.0000 1.0000 0.0000 8 -1.0000 0.0000 1.0860 14.0000 2.0000 -6.0000 6.0000 -2.0000 10.0000 0.5000 0.5000 0.5000 0.5000 0.5000 2.5000 1.8686 4.6092 
6.0000 39.0000 3.0000 0.0000 0.0000 0.0000 8 -1.0000 0.0000 2.4630 10.0000 -2.0000 -6.0000 2.0000 -10.0000 6.0000 0.3539 0.4605 0.7381 0.3514 0.5988 2.5027 1.8246 4.5786 
6.0000 23.0000 3.0000 -2.0000 0.0000 -2.8000 2 1.0000 1.0000 1.3850 -12.0000 0.0000 8.0000 -4.0000 4.0000 -8.0000 0.6234 0.5498 0.6321 0.3200 0.3713 2.4966 1.9728 4.7225 
6.0000 62.0000 3.0000 4.0000 1.0000 2.8000 8 -1.0000 1.0000 1.2740 -6.0000 6.0000 10.0000 2.0000 14.0000 -2.0000 0.5000 0.5000 0.5000 0.5000 0.5000 2.5000 1.9209 4.6761 
6.0000 45.0000 3.0000 2.0000 1.0000 -1.4000 8 -1.0000 0.0000 1.4800 -8.0000 4.0000 8.0000 0.0000 12.0000 -4.0000 0.5000 0.5000 0.5000 0.5000 0.5000 2.5000 1.8753 4.6258 
6.0000 69.0000 3.0000 4.0000 0.0000 2.8000 8 -1.0000 1.0000 1.2090 10.0000 2.0000 -2.0000 6.0000 -6.0000 14.0000 0.5769 0.4892 0.4364 0.6696 0.3323 2.5044 1.9925 4.7470 
6.0000 12.0000 3.0000 -4.0000 0.0000 1.4000 2 1.0000 0.0000 1.4670 2.0000 -6.0000 -10.0000 -2.0000 -14.0000 6.0000 0.3911 0.7046 0.4196 0.5515 0.4373 2.5042 1.8480 4.5966 
6.0000 44.0000 3.0000 2.0000 1.0000 -2.8000 2 1.0000 1.0000 1.4410 -8.0000 4.0000 8.0000 0.0000 12.0000 -4.0000 0.5000 0.5000 0.5000 0.5000 0.5000 2.5000 1.9039 4.6426 
6.0000 41.0000 3.0000 0.0000 0.0000 2.8000 8 -1.0000 1.0000 0.9420 -6.0000 2.0000 6.0000 -2.0000 10.0000 -10.0000 0.4007 0.4943 0.3902 0.4172 0.7925 2.4949 1.9925 4.7375 
6.0000 32.0000 3.0000 0.0000 1.0000 0.0000 8 -1.0000 0.0000 1.4110 -6.0000 6.0000 10.0000 -10.0000 2.0000 -2.0000 0.5000 0.5000 0.5000 0.5000 0.5000 2.5000 1.8287 4.5927 
6.0000 11.0000 3.0000 -4.0000 0.0000 0.0000 2 1.0000 0.0000 1.3750 6.0000 -6.0000 -10.0000 -2.0000 -14.0000 2.0000 0.5689 0.3047 0.6357 0.6633 0.3301 2.5028 1.7884 4.5454 
6.0000 8.0000 3.0000 -4.0000 0.0000 -4.2000 2 1.0000 1.0000 2.3450 -14.0000 -6.0000 6.0000 -10.0000 2.0000 -2.0000 0.3851 0.7444 0.3517 0.3847 0.6313 2.4972 1.8783 4.6231 
6.0000 10.0000 3.0000 -4.0000 0.0000 -1.4000 2 1.0000 1.0000 1.6760 6.0000 -6.0000 -14.0000 -2.0000 -10.0000 2.0000 0.3154 0.7511 0.3408 0.4591 0.6406 2.5069 1.8874 4.6496 
6.0000 33.0000 3.0000 0.0000 1.0000 1.4000 8 -1.0000 1.0000 1.6360 2.0000 -6.0000 -10.0000 10.0000 -2.0000 6.0000 0.5000 0.5000 0.5000 0.5000 0.5000 2.5000 1.8405 4.5926 
6.0000 27.0000 3.0000 -2.0000 0.0000 2.8000 8 -1.0000 1.0000 1.7320 8.0000 -4.0000 -12.0000 0.0000 -8.0000 4.0000 0.5422 0.4722 0.5044 0.3658 0.6216 2.5062 1.8218 4.5820 
6.0000 22.0000 3.0000 -2.0000 0.0000 -4.2000 2 1.0000 1.0000 1.4120 -12.0000 0.0000 4.0000 -4.0000 8.0000 -8.0000 0.3099 0.3593 0.7318 0.3955 0.7098 2.5063 1.9643 4.7155 
6.0000 7.0000 3.0000 -4.0000 1.0000 4.2000 8 -1.0000 1.0000 2.2810 2.0000 -6.0000 -10.0000 -2.0000 -14.0000 6.0000 0.5000 0.5000 0.5000 0.5000 0.5000 2.5000 1.9986 4.7426 
6.0000 1.0000 3.0000 -4.0000 1.0000 -4.2000 2 1.0000 1.0000 1.2260 2.0000 -6.0000 -10.0000 -2.0000 -14.0000 6.0000 0.5000 0.5000 0.5000 0.5000 0.5000 2.5000 1.7571 4.4925 
6.0000 70.0000 3.0000 4.0000 0.0000 4.2000 8 -1.0000 1.0000 1.4320 -2.0000 6.0000 14.0000 2.0000 10.0000 -6.0000 0.3852 0.5781 0.7904 0.3523 0.3886 2.4946 1.7561 4.5039 
6.0000 26.0000 3.0000 -2.0000 0.0000 1.4000 2 1.0000 0.0000 2.1560 -12.0000 -4.0000 4.0000 -8.0000 8.0000 0.0000 0.7510 0.4963 0.3050 0.3522 0.6025 2.5069 1.7508 4.5161 
6.0000 63.0000 3.0000 4.0000 1.0000 4.2000 8 -1.0000 1.0000 1.1170 -2.0000 10.0000 14.0000 -6.0000 6.0000 2.0000 0.5000 0.5000 0.5000 0.5000 0.5000 2.5000 1.9723 4.7259 
6.0000 4.0000 3.0000 -4.0000 1.0000 0.0000 2 1.0000 0.0000 1.3930 6.0000 -2.0000 -14.0000 2.0000 -10.0000 -6.0000 0.5000 0.5000 0.5000 0.5000 0.5000 2.5000 1.8450 4.5925 
6.0000 35.0000 3.0000 0.0000 1.0000 4.2000 8 -1.0000 1.0000 1.3640 -10.0000 2.0000 10.0000 -2.0000 6.0000 -6.0000 0.5000 0.5000 0.5000 0.5000 0.5000 2.5000 1.8763 4.6259 
6.0000 55.0000 3.0000 2.0000 0.0000 2.8000 8 -1.0000 1.0000 1.2000 0.0000 8.0000 12.0000 -8.0000 4.0000 -4.0000 0.3599 0.7549 0.5613 0.3702 0.4619 2.5081 1.7737 4.5339 
6.0000 6.0000 3.0000 -4.0000 1.0000 2.8000 8 -1.0000 1.0000 2.1820 2.0000 -6.0000 -10.0000 -2.0000 -14.0000 6.0000 0.5000 0.5000 0.5000 0.5000 0.5000 2.5000 1.9728 4.7261 
6.0000 48.0000 3.0000 2.0000 1.0000 2.8000 8 -1.0000 1.0000 1.2380 12.0000 4.0000 -8.0000 8.0000 -4.0000 0.0000 0.5000 0.5000 0.5000 0.5000 0.5000 2.5000 1.9682 4.7092 
6.0000 37.0000 3.0000 0.0000 0.0000 -2.8000 2 1.0000 1.0000 1.2390 10.0000 2.0000 -10.0000 6.0000 -6.0000 -2.0000 0.3563 0.6384 0.3752 0.6198 0.5086 2.4984 1.8713 4.6243 
6.0000 67.0000 3.0000 4.0000 0.0000 0.0000 8 -1.0000 0.0000 1.1810 2.0000 10.0000 14.0000 -6.0000 6.0000 -2.0000 0.6782 0.3544 0.5171 0.5597 0.3990 2.5085 1.9062 4.6677 
6.0000 2.0000 3.0000 -4.0000 1.0000 -2.8000 2 1.0000 1.0000 1.3010 -14.0000 -2.0000 6.0000 -6.0000 2.0000 -10.0000 0.5000 0.5000 0.5000 0.5000 0.5000 2.5000 1.9336 4.6926 
6.0000 5.0000 3.0000 -4.0000 1.0000 1.4000 8 -1.0000 1.0000 2.0430 6.0000 -2.0000 -14.0000 2.0000 -10.0000 -6.0000 0.5000 0.5000 0.5000 0.5000 0.5000 2.5000 1.7958 4.5426 
6.0000 9.0000 3.0000 -4.0000 0.0000 -2.8000 2 1.0000 1.0000 1.7520 -10.0000 -2.0000 6.0000 -6.0000 2.0000 -14.0000 0.4560 0.3309 0.7377 0.5131 0.4589 2.4965 1.9496 4.6891 
6.0000 59.0000 3.0000 4.0000 1.0000 -1.4000 2 1.0000 1.0000 1.7650 14.0000 2.0000 -6.0000 6.0000 -2.0000 10.0000 0.5000 0.5000 0.5000 0.5000 0.5000 2.5000 1.8760 4.6258 
6.0000 36.0000 3.0000 0.0000 0.0000 -4.2000 2 1.0000 1.0000 1.3680 10.0000 -2.0000 -6.0000 2.0000 -10.0000 6.0000 0.3599 0.6190 0.3496 0.6217 0.5560 2.5062 1.9066 4.6654 
6.0000 64.0000 3.0000 4.0000 0.0000 -4.2000 2 1.0000 1.0000 1.8540 14.0000 6.0000 -6.0000 10.0000 -2.0000 2.0000 0.6206 0.5488 0.4376 0.3740 0.5177 2.4986 1.9661 4.7079 
6.0000 61.0000 3.0000 4.0000 1.0000 1.4000 8 -1.0000 1.0000 1.1850 10.0000 2.0000 -2.0000 6.0000 -6.0000 14.0000 0.5000 0.5000 0.5000 0.5000 0.5000 2.5000 1.7756 4.5425 
6.0000 42.0000 3.0000 0.0000 0.0000 4.2000 8 -1.0000 1.0000 1.5990 -2.0000 6.0000 10.0000 -10.0000 2.0000 -6.0000 0.3310 0.5162 0.4224 0.4953 0.7330 2.4978 1.9890 4.7406 
6.0000 19.0000 3.0000 -2.0000 1.0000 1.4000 8 -1.0000 1.0000 2.7540 4.0000 -4.0000 -12.0000 0.0000 -8.0000 8.0000 0.5000 0.5000 0.5000 0.5000 0.5000 2.5000 1.8824 4.6426 
6.0000 21.0000 3.0000 -2.0000 1.0000 4.2000 8 -1.0000 1.0000 1.1240 -12.0000 -4.0000 4.0000 -8.0000 8.0000 0.0000 0.5000 0.5000 0.5000 0.5000 0.5000 2.5000 1.8612 4.6091 
6.0000 30.0000 3.0000 0.0000 1.0000 -2.8000 2 1.0000 1.0000 1.4240 -10.0000 -2.0000 10.0000 -6.0000 6.0000 2.0000 0.5000 0.5000 0.5000 0.5000 0.5000 2.5000 1.8882 4.6426 
6.0000 15.0000 3.0000 -2.0000 1.0000 -4.2000 2 1.0000 1.0000 1.1410 4.0000 -4.0000 -12.0000 0.0000 -8.0000 8.0000 0.5000 0.5000 0.5000 0.5000 0.5000 2.5000 1.9976 4.7426 
6.0000 20.0000 3.0000 -2.0000 1.0000 2.8000 8 -1.0000 1.0000 1.5000 4.0000 -8.0000 -12.0000 8.0000 -4.0000 0.0000 0.5000 0.5000 0.5000 0.5000 0.5000 2.5000 1.8711 4.6259 
6.0000 66.0000 3.0000 4.0000 0.0000 -1.4000 8 -1.0000 0.0000 1.9770 6.0000 -2.0000 -6.0000 14.0000 2.0000 10.0000 0.3080 0.4811 0.4087 0.5964 0.7137 2.5078 1.8675 4.6171 
6.0000 40.0000 3.0000 0.0000 0.0000 1.4000 8 -1.0000 1.0000 1.0660 6.0000 -2.0000 -10.0000 2.0000 -6.0000 10.0000 0.5206 0.6143 0.4446 0.4092 0.5115 2.5003 1.9708 4.7097 
6.0000 14.0000 3.0000 -4.0000 0.0000 4.2000 8 -1.0000 1.0000 1.2050 6.0000 -2.0000 -10.0000 2.0000 -14.0000 -6.0000 0.3912 0.5453 0.6086 0.4613 0.5034 2.5098 1.9090 4.6689 
6.0000 68.0000 3.0000 4.0000 0.0000 1.4000 8 -1.0000 1.0000 1.4820 -6.0000 2.0000 10.0000 -2.0000 14.0000 6.0000 0.4445 0.7205 0.3339 0.5538 0.4512 2.5041 1.7812 4.5467 
6.0000 31.0000 3.0000 0.0000 1.0000 -1.4000 2 1.0000 1.0000 1.3350 -10.0000 2.0000 10.0000 -2.0000 6.0000 -6.0000 0.5000 0.5000 0.5000 0.5000 0.5000 2.5000 1.9135 4.6591 
6.0000 47.0000 3.0000 2.0000 1.0000 1.4000 8 -1.0000 1.0000 1.0880 12.0000 0.0000 -4.0000 4.0000 -8.0000 8.0000 0.5000 0.5000 0.5000 0.5000 0.5000 2.5000 1.9517 4.7092 
6.0000 29.0000 3.0000 0.0000 1.0000 -4.2000 2 1.0000 1.0000 1.3770 -10.0000 2.0000 6.0000 -2.0000 10.0000 -6.0000 0.5000 0.5000 0.5000 0.5000 0.5000 2.5000 1.8697 4.6260 
6.0000 18.0000 3.0000 -2.0000 1.0000 0.0000 2 1.0000 0.0000 1.4390 0.0000 -8.0000 -12.0000 8.0000 -4.0000 4.0000 0.5000 0.5000 0.5000 0.5000 0.5000 2.5000 1.7891 4.5427 
6.0000 34.0000 3.0000 0.0000 1.0000 2.8000 8 -1.0000 1.0000 1.5150 2.0000 -6.0000 -10.0000 10.0000 -2.0000 6.0000 0.5000 0.5000 0.5000 0.5000 0.5000 2.5000 1.8001 4.5424 
6.0000 52.0000 3.0000 2.0000 0.0000 -1.4000 2 1.0000 1.0000 2.8680 -8.0000 4.0000 12.0000 0.0000 8.0000 -4.0000 0.3179 0.7723 0.3313 0.6597 0.4265 2.5077 1.9964 4.7504 
6.0000 56.0000 3.0000 2.0000 0.0000 4.2000 8 -1.0000 1.0000 1.1300 -4.0000 4.0000 12.0000 0.0000 8.0000 -8.0000 0.6948 0.4329 0.5046 0.4599 0.4019 2.4940 1.8470 4.6033 
6.0000 17.0000 3.0000 -2.0000 1.0000 -1.4000 2 1.0000 1.0000 1.3180 -8.0000 4.0000 8.0000 -12.0000 0.0000 -4.0000 0.5000 0.5000 0.5000 0.5000 0.5000 2.5000 1.9005 4.6594 
6.0000 53.0000 3.0000 2.0000 0.0000 0.0000 2 1.0000 0.0000 1.5860 12.0000 4.0000 -8.0000 8.0000 -4.0000 0.0000 0.3778 0.5823 0.7338 0.3759 0.4274 2.4971 1.9300 4.6897 
6.0000 28.0000 3.0000 -2.0000 0.0000 4.2000 8 -1.0000 1.0000 1.7460 -8.0000 0.0000 4.0000 -4.0000 8.0000 -12.0000 0.4127 0.6568 0.4798 0.4283 0.5152 2.4929 1.8935 4.6354 
6.0000 43.0000 3.0000 2.0000 1.0000 -4.2000 2 1.0000 1.0000 1.0060 -4.0000 4.0000 8.0000 0.0000 12.0000 -8.0000 0.5000 0.5000 0.5000 0.5000 0.5000 2.5000 1.8969 4.6427 
6.0000 9.0000 4.0000 -4.0000 0.0000 -2.8000 2 1.0000 1.0000 1.2080 -2.0000 -10.0000 -14.0000 6.0000 -6.0000 2.0000 0.4928 0.5783 0.4365 0.3530 0.6380 2.4987 1.7936 4.5412 
6.0000 12.0000 4.0000 -4.0000 0.0000 1.4000 8 -1.0000 1.0000 2.4520 -10.0000 -2.0000 2.0000 -6.0000 6.0000 -14.0000 0.6940 0.3756 0.4388 0.3943 0.5924 2.4951 1.8601 4.6043 
6.0000 51.0000 4.0000 2.0000 0.0000 -2.8000 2 1.0000 1.0000 1.7700 -8.0000 0.0000 12.0000 -4.0000 8.0000 4.0000 0.5920 0.4396 0.3403 0.7214 0.4125 2.5057 1.8875 4.6484 
6.0000 61.0000 4.0000 4.0000 1.0000 1.4000 8 -1.0000 1.0000 1.2060 14.0000 6.0000 -2.0000 10.0000 -6.0000 2.0000 0.5000 0.5000 0.5000 0.5000 0.5000 2.5000 1.8365 4.5925 
6.0000 64.0000 4.0000 4.0000 0.0000 -4.2000 2 1.0000 1.0000 1.4800 14.0000 2.0000 -6.0000 6.0000 -2.0000 10.0000 0.3549 0.3275 0.7446 0.7710 0.3064 2.5045 1.7984 4.5637 
6.0000 53.0000 4.0000 2.0000 0.0000 0.0000 8 -1.0000 0.0000 1.2660 8.0000 0.0000 -8.0000 4.0000 -4.0000 12.0000 0.6187 0.3817 0.5617 0.3777 0.5641 2.5038 1.9823 4.7465 
6.0000 38.0000 4.0000 0.0000 0.0000 -1.4000 2 1.0000 1.0000 1.9560 6.0000 -6.0000 -10.0000 10.0000 -2.0000 2.0000 0.5809 0.6584 0.4349 0.4690 0.3609 2.5042 1.8469 4.5966 
6.0000 46.0000 4.0000 2.0000 1.0000 0.0000 8 -1.0000 0.0000 1.8440 12.0000 4.0000 -4.0000 8.0000 -8.0000 0.0000 0.5000 0.5000 0.5000 0.5000 0.5000 2.5000 1.7648 4.5091 
6.0000 58.0000 4.0000 4.0000 1.0000 -2.8000 8 -1.0000 0.0000 2.2380 14.0000 2.0000 -2.0000 6.0000 -6.0000 10.0000 0.5000 0.5000 0.5000 0.5000 0.5000 2.5000 1.8074 4.5592 
6.0000 20.0000 4.0000 -2.0000 1.0000 2.8000 8 -1.0000 1.0000 1.2380 -12.0000 0.0000 4.0000 -4.0000 8.0000 -8.0000 0.5000 0.5000 0.5000 0.5000 0.5000 2.5000 1.9115 4.6592 
6.0000 69.0000 4.0000 4.0000 0.0000 2.8000 8 -1.0000 1.0000 1.1560 -6.0000 2.0000 10.0000 -2.0000 14.0000 6.0000 0.4456 0.3784 0.5580 0.6958 0.4322 2.5100 1.8885 4.6359 
6.0000 31.0000 4.0000 0.0000 1.0000 -1.4000 2 1.0000 1.0000 1.3790 6.0000 -6.0000 -10.0000 10.0000 -2.0000 2.0000 0.5000 0.5000 0.5000 0.5000 0.5000 2.5000 1.9821 4.7427 
6.0000 37.0000 4.0000 0.0000 0.0000 -2.8000 2 1.0000 1.0000 2.2350 10.0000 2.0000 -6.0000 6.0000 -10.0000 -2.0000 0.5799 0.4327 0.3459 0.6923 0.4520 2.5027 1.9205 4.6785 
6.0000 67.0000 4.0000 4.0000 0.0000 0.0000 8 -1.0000 0.0000 1.7920 14.0000 6.0000 -6.0000 10.0000 -2.0000 2.0000 0.7494 0.4686 0.5529 0.3133 0.4210 2.5052 1.9507 4.7146 
6.0000 63.0000 4.0000 4.0000 1.0000 4.2000 2 1.0000 0.0000 1.7750 -2.0000 6.0000 14.0000 2.0000 10.0000 -6.0000 0.5000 0.5000 0.5000 0.5000 0.5000 2.5000 1.9854 4.7426 
6.0000 68.0000 4.0000 4.0000 0.0000 1.4000 8 -1.0000 1.0000 1.8330 -2.0000 6.0000 10.0000 2.0000 14.0000 -6.0000 0.3206 0.4175 0.6216 0.5537 0.5825 2.4959 1.9055 4.6551 
6.0000 50.0000 4.0000 2.0000 0.0000 -4.2000 2 1.0000 1.0000 1.3250 8.0000 0.0000 -4.0000 4.0000 -8.0000 12.0000 0.4324 0.7067 0.5223 0.3560 0.4765 2.4939 1.9557 4.7032 
6.0000 33.0000 4.0000 0.0000 1.0000 1.4000 8 -1.0000 1.0000 1.5360 -10.0000 -2.0000 6.0000 -6.0000 10.0000 2.0000 0.5000 0.5000 0.5000 0.5000 0.5000 2.5000 1.9829 4.7260 
6.0000 56.0000 4.0000 2.0000 0.0000 4.2000 8 -1.0000 1.0000 1.1230 12.0000 4.0000 -8.0000 8.0000 -4.0000 0.0000 0.4488 0.6037 0.5035 0.3830 0.5689 2.5079 1.8957 4.6506 
6.0000 65.0000 4.0000 4.0000 0.0000 -2.8000 2 1.0000 1.0000 1.8760 14.0000 6.0000 -2.0000 10.0000 -6.0000 2.0000 0.3108 0.7809 0.5259 0.4688 0.4144 2.5008 1.9428 4.6936 
6.0000 43.0000 4.0000 2.0000 1.0000 -4.2000 2 1.0000 1.0000 1.0920 8.0000 -4.0000 -8.0000 12.0000 0.0000 4.0000 0.5000 0.5000 0.5000 0.5000 0.5000 2.5000 1.8376 4.5925 
6.0000 18.0000 4.0000 -2.0000 1.0000 0.0000 8 -1.0000 0.0000 2.0880 -12.0000 0.0000 4.0000 -4.0000 8.0000 -8.0000 0.5000 0.5000 0.5000 0.5000 0.5000 2.5000 1.9523 4.7092 
6.0000 11.0000 4.0000 -4.0000 0.0000 0.0000 2 1.0000 0.0000 1.2030 6.0000 -6.0000 -14.0000 -2.0000 -10.0000 2.0000 0.6954 0.3323 0.5488 0.3724 0.5455 2.4944 1.7565 4.5035 
6.0000 5.0000 4.0000 -4.0000 1.0000 1.4000 8 -1.0000 1.0000 1.6340 -6.0000 2.0000 6.0000 -14.0000 -2.0000 -10.0000 0.5000 0.5000 0.5000 0.5000 0.5000 2.5000 1.9299 4.6761 
6.0000 44.0000 4.0000 2.0000 1.0000 -2.8000 2 1.0000 1.0000 1.5440 4.0000 -4.0000 -8.0000 12.0000 0.0000 8.0000 0.5000 0.5000 0.5000 0.5000 0.5000 2.5000 1.9963 4.7427 
6.0000 40.0000 4.0000 0.0000 0.0000 1.4000 8 -1.0000 1.0000 1.1890 -6.0000 2.0000 6.0000 -2.0000 10.0000 -10.0000 0.6092 0.4638 0.3659 0.4844 0.5852 2.5085 1.8871 4.6343 
6.0000 26.0000 4.0000 -2.0000 0.0000 1.4000 2 1.0000 0.0000 2.2290 -12.0000 0.0000 8.0000 -4.0000 4.0000 -8.0000 0.3141 0.5873 0.5044 0.4624 0.6317 2.4999 1.9151 4.6591 
6.0000 35.0000 4.0000 0.0000 1.0000 4.2000 8 -1.0000 1.0000 1.2930 -10.0000 -2.0000 10.0000 -6.0000 6.0000 2.0000 0.5000 0.5000 0.5000 0.5000 0.5000 2.5000 1.9060 4.6592 
6.0000 59.0000 4.0000 4.0000 1.0000 -1.4000 8 -1.0000 0.0000 1.5590 10.0000 2.0000 -2.0000 6.0000 -6.0000 14.0000 0.5000 0.5000 0.5000 0.5000 0.5000 2.5000 1.9646 4.7258 
6.0000 24.0000 4.0000 -2.0000 0.0000 -1.4000 2 1.0000 1.0000 1.2880 -12.0000 -4.0000 4.0000 -8.0000 8.0000 0.0000 0.4124 0.3117 0.6280 0.6651 0.4799 2.4970 1.7684 4.5228 
6.0000 2.0000 4.0000 -4.0000 1.0000 -2.8000 2 1.0000 1.0000 1.1680 6.0000 -6.0000 -14.0000 -2.0000 -10.0000 2.0000 0.5000 0.5000 0.5000 0.5000 0.5000 2.5000 1.8014 4.5591 
6.0000 62.0000 4.0000 4.0000 1.0000 2.8000 8 -1.0000 1.0000 1.4500 6.0000 -2.0000 -6.0000 14.0000 2.0000 10.0000 0.5000 0.5000 0.5000 0.5000 0.5000 2.5000 1.9079 4.6592 
6.0000 21.0000 4.0000 -2.0000 1.0000 4.2000 8 -1.0000 1.0000 1.2870 -8.0000 4.0000 8.0000 -12.0000 0.0000 -4.0000 0.5000 0.5000 0.5000 0.5000 0.5000 2.5000 1.7610 4.5091 
6.0000 36.0000 4.0000 0.0000 0.0000 -4.2000 2 1.0000 1.0000 1.1930 -6.0000 2.0000 6.0000 -2.0000 10.0000 -10.0000 0.3354 0.6878 0.4477 0.5391 0.4808 2.4908 1.8249 4.5667 
6.0000 55.0000 4.0000 2.0000 0.0000 2.8000 8 -1.0000 1.0000 1.1390 12.0000 0.0000 -8.0000 4.0000 -4.0000 8.0000 0.7196 0.3688 0.7258 0.3740 0.3178 2.5061 1.8884 4.6319 
6.0000 29.0000 4.0000 0.0000 1.0000 -4.2000 2 1.0000 1.0000 1.1250 6.0000 -2.0000 -10.0000 2.0000 -6.0000 10.0000 0.5000 0.5000 0.5000 0.5000 0.5000 2.5000 1.8005 4.5426 
6.0000 3.0000 4.0000 -4.0000 1.0000 -1.4000 2 1.0000 1.0000 1.2630 -14.0000 -2.0000 2.0000 -6.0000 6.0000 -10.0000 0.5000 0.5000 0.5000 0.5000 0.5000 2.5000 1.9234 4.6758 
6.0000 13.0000 4.0000 -4.0000 0.0000 2.8000 8 -1.0000 1.0000 2.4580 -6.0000 2.0000 6.0000 -14.0000 -2.0000 -10.0000 0.6064 0.4198 0.3226 0.5074 0.6341 2.4903 1.8009 4.5497 
6.0000 27.0000 4.0000 -2.0000 0.0000 2.8000 8 -1.0000 1.0000 2.1010 8.0000 -4.0000 -12.0000 0.0000 -8.0000 4.0000 0.4333 0.4626 0.5458 0.7086 0.3491 2.4994 1.7709 4.5253 
6.0000 39.0000 4.0000 0.0000 0.0000 0.0000 8 -1.0000 0.0000 1.9920 10.0000 -2.0000 -10.0000 2.0000 -6.0000 6.0000 0.3315 0.5780 0.5004 0.6471 0.4423 2.4994 1.8918 4.6419 
6.0000 8.0000 4.0000 -4.0000 0.0000 -4.2000 2 1.0000 1.0000 1.7120 -14.0000 -6.0000 2.0000 -10.0000 6.0000 -2.0000 0.5408 0.3477 0.7440 0.5065 0.3653 2.5044 1.9495 4.6969 
6.0000 6.0000 4.0000 -4.0000 1.0000 2.8000 8 -1.0000 1.0000 2.0310 -14.0000 -2.0000 2.0000 -6.0000 6.0000 -10.0000 0.5000 0.5000 0.5000 0.5000 0.5000 2.5000 1.8845 4.6260 
6.0000 25.0000 4.0000 -2.0000 0.0000 0.0000 2 1.0000 0.0000 1.3030 -8.0000 0.0000 8.0000 -4.0000 4.0000 -12.0000 0.5825 0.6076 0.4175 0.5101 0.3802 2.4979 1.8396 4.5904 
6.0000 60.0000 4.0000 4.0000 1.0000 0.0000 8 -1.0000 0.0000 1.6750 14.0000 2.0000 -2.0000 6.0000 -6.0000 10.0000 0.5000 0.5000 0.5000 0.5000 0.5000 2.5000 1.7605 4.5092 
6.0000 19.0000 4.0000 -2.0000 1.0000 1.4000 2 1.0000 0.0000 1.8120 8.0000 0.0000 -12.0000 4.0000 -8.0000 -4.0000 0.5000 0.5000 0.5000 0.5000 0.5000 2.5000 1.9726 4.7259 
6.0000 4.0000 4.0000 -4.0000 1.0000 0.0000 2 1.0000 0.0000 1.3300 2.0000 -10.0000 -14.0000 6.0000 -6.0000 -2.0000 0.5000 0.5000 0.5000 0.5000 0.5000 2.5000 1.7509 4.5092 
6.0000 48.0000 4.0000 2.0000 1.0000 2.8000 8 -1.0000 1.0000 1.6470 8.0000 0.0000 -4.0000 4.0000 -8.0000 12.0000 0.5000 0.5000 0.5000 0.5000 0.5000 2.5000 1.8783 4.6259 
6.0000 1.0000 4.0000 -4.0000 1.0000 -4.2000 2 1.0000 1.0000 1.4100 -2.0000 -10.0000 -14.0000 6.0000 -6.0000 2.0000 0.5000 0.5000 0.5000 0.5000 0.5000 2.5000 1.8469 4.5925 
6.0000 47.0000 4.0000 2.0000 1.0000 1.4000 8 -1.0000 1.0000 1.8260 8.0000 0.0000 -8.0000 4.0000 -4.0000 12.0000 0.5000 0.5000 0.5000 0.5000 0.5000 2.5000 1.9184 4.6759 
6.0000 52.0000 4.0000 2.0000 0.0000 -1.4000 8 -1.0000 0.0000 1.4450 4.0000 -4.0000 -8.0000 12.0000 0.0000 8.0000 0.5632 0.7071 0.4230 0.4737 0.3377 2.5047 1.8211 4.5805 
6.0000 70.0000 4.0000 4.0000 0.0000 4.2000 8 -1.0000 1.0000 1.0100 14.0000 6.0000 -6.0000 10.0000 -2.0000 2.0000 0.7214 0.5742 0.3723 0.5218 0.3061 2.4958 1.9525 4.6885 
6.0000 49.0000 4.0000 2.0000 1.0000 4.2000 8 -1.0000 1.0000 1.0400 -4.0000 4.0000 8.0000 0.0000 12.0000 -8.0000 0.5000 0.5000 0.5000 0.5000 0.5000 2.5000 1.8033 4.5426 
6.0000 7.0000 4.0000 -4.0000 1.0000 4.2000 2 1.0000 0.0000 1.0540 2.0000 -10.0000 -14.0000 6.0000 -6.0000 -2.0000 0.5000 0.5000 0.5000 0.5000 0.5000 2.5000 1.9293 4.6758 
6.0000 22.0000 4.0000 -2.0000 0.0000 -4.2000 2 1.0000 1.0000 0.8990 -8.0000 0.0000 8.0000 -4.0000 4.0000 -12.0000 0.6731 0.3246 0.4330 0.3654 0.6980 2.4941 1.8975 4.6532 
6.0000 32.0000 4.0000 0.0000 1.0000 0.0000 8 -1.0000 0.0000 2.8770 10.0000 2.0000 -6.0000 6.0000 -10.0000 -2.0000 0.5000 0.5000 0.5000 0.5000 0.5000 2.5000 1.9920 4.7426 
6.0000 66.0000 4.0000 4.0000 0.0000 -1.4000 2 1.0000 1.0000 1.8220 2.0000 10.0000 14.0000 -6.0000 6.0000 -2.0000 0.3037 0.4607 0.5603 0.6736 0.5072 2.5055 1.9827 4.7482 
6.0000 15.0000 4.0000 -2.0000 1.0000 -4.2000 2 1.0000 1.0000 1.0410 8.0000 -4.0000 -8.0000 0.0000 -12.0000 4.0000 0.5000 0.5000 0.5000 0.5000 0.5000 2.5000 1.8376 4.5925 
6.0000 57.0000 4.0000 4.0000 1.0000 -4.2000 2 1.0000 1.0000 1.2200 -6.0000 6.0000 14.0000 2.0000 10.0000 -2.0000 0.5000 0.5000 0.5000 0.5000 0.5000 2.5000 1.9958 4.7427 
6.0000 14.0000 4.0000 -4.0000 0.0000 4.2000 8 -1.0000 1.0000 1.8490 -14.0000 -6.0000 6.0000 -10.0000 2.0000 -2.0000 0.4250 0.5341 0.4651 0.6493 0.4279 2.5013 1.8023 4.5438 
6.0000 34.0000 4.0000 0.0000 1.0000 2.8000 8 -1.0000 1.0000 1.5490 -6.0000 2.0000 6.0000 -2.0000 10.0000 -10.0000 0.5000 0.5000 0.5000 0.5000 0.5000 2.5000 1.8085 4.5592 
6.0000 28.0000 4.0000 -2.0000 0.0000 4.2000 2 1.0000 0.0000 1.7840 -8.0000 4.0000 8.0000 -12.0000 0.0000 -4.0000 0.3742 0.6375 0.5730 0.4846 0.4343 2.5035 1.9022 4.6460 
6.0000 10.0000 4.0000 -4.0000 0.0000 -1.4000 2 1.0000 1.0000 1.2560 6.0000 -6.0000 -10.0000 -2.0000 -14.0000 2.0000 0.5775 0.3345 0.5585 0.4929 0.5403 2.5037 1.8980 4.6630 
6.0000 45.0000 4.0000 2.0000 1.0000 -1.4000 2 1.0000 1.0000 2.5000 8.0000 -4.0000 -8.0000 12.0000 0.0000 4.0000 0.5000 0.5000 0.5000 0.5000 0.5000 2.5000 1.7864 4.5426 
6.0000 30.0000 4.0000 0.0000 1.0000 -2.8000 2 1.0000 1.0000 1.6120 -6.0000 2.0000 6.0000 -2.0000 10.0000 -10.0000 0.5000 0.5000 0.5000 0.5000 0.5000 2.5000 1.8129 4.5594 
6.0000 42.0000 4.0000 0.0000 0.0000 4.2000 8 -1.0000 1.0000 1.6920 -10.0000 2.0000 6.0000 -2.0000 10.0000 -6.0000 0.4665 0.3014 0.4557 0.5961 0.6724 2.4922 1.9179 4.6682 
6.0000 23.0000 4.0000 -2.0000 0.0000 -2.8000 2 1.0000 1.0000 1.2360 8.0000 -4.0000 -12.0000 0.0000 -8.0000 4.0000 0.5897 0.5182 0.3567 0.6529 0.3921 2.5095 1.7835 4.5354 
6.0000 54.0000 4.0000 2.0000 0.0000 1.4000 8 -1.0000 1.0000 1.2960 12.0000 0.0000 -8.0000 4.0000 -4.0000 8.0000 0.3237 0.6493 0.3877 0.4916 0.6577 2.5100 1.7907 4.5524 
6.0000 16.0000 4.0000 -2.0000 1.0000 -2.8000 2 1.0000 1.0000 1.8750 8.0000 -4.0000 -12.0000 0.0000 -8.0000 4.0000 0.5000 0.5000 0.5000 0.5000 0.5000 2.5000 1.9585 4.7092 
6.0000 17.0000 4.0000 -2.0000 1.0000 -1.4000 2 1.0000 1.0000 1.7460 8.0000 -4.0000 -12.0000 0.0000 -8.0000 4.0000 0.5000 0.5000 0.5000 0.5000 0.5000 2.5000 1.8906 4.6426 
6.0000 41.0000 4.0000 0.0000 0.0000 2.8000 8 -1.0000 1.0000 1.1660 6.0000 -6.0000 -10.0000 10.0000 -2.0000 2.0000 0.3717 0.6214 0.5911 0.3504 0.5655 2.5001 1.8423 4.5927 
6.0000 30.0000 5.0000 0.0000 1.0000 -2.8000 2 1.0000 1.0000 1.2720 -2.0000 6.0000 10.0000 -10.0000 2.0000 -6.0000 0.5000 0.5000 0.5000 0.5000 0.5000 2.5000 1.7700 4.5258 
6.0000 70.0000 5.0000 4.0000 0.0000 4.2000 8 -1.0000 1.0000 1.2400 6.0000 -2.0000 -6.0000 14.0000 2.0000 10.0000 0.6303 0.3118 0.5509 0.6887 0.3279 2.5097 1.7890 4.5522 
6.0000 23.0000 5.0000 -2.0000 0.0000 -2.8000 2 1.0000 1.0000 1.2460 -12.0000 0.0000 4.0000 -4.0000 8.0000 -8.0000 0.7794 0.3160 0.5973 0.4318 0.3660 2.4906 1.7770 4.5164 
6.0000 18.0000 5.0000 -2.0000 1.0000 0.0000 2 1.0000 0.0000 1.9670 -8.0000 4.0000 8.0000 -12.0000 0.0000 -4.0000 0.5000 0.5000 0.5000 0.5000 0.5000 2.5000 1.8769 4.6258 
6.0000 17.0000 5.0000 -2.0000 1.0000 -1.4000 2 1.0000 1.0000 1.4350 -8.0000 0.0000 8.0000 -4.0000 4.0000 -12.0000 0.5000 0.5000 0.5000 0.5000 0.5000 2.5000 1.8654 4.6258 
6.0000 62.0000 5.0000 4.0000 1.0000 2.8000 2 1.0000 0.0000 2.0230 10.0000 -2.0000 -6.0000 14.0000 2.0000 6.0000 0.5000 0.5000 0.5000 0.5000 0.5000 2.5000 1.7541 4.5092 
6.0000 63.0000 5.0000 4.0000 1.0000 4.2000 8 -1.0000 1.0000 0.9490 2.0000 10.0000 14.0000 -6.0000 6.0000 -2.0000 0.5000 0.5000 0.5000 0.5000 0.5000 2.5000 1.9240 4.6761 
6.0000 37.0000 5.0000 0.0000 0.0000 -2.8000 2 1.0000 1.0000 1.1370 6.0000 -6.0000 -10.0000 10.0000 -2.0000 2.0000 0.4487 0.6073 0.4521 0.6266 0.3679 2.5027 1.8357 4.5952 
6.0000 50.0000 5.0000 2.0000 0.0000 -4.2000 2 1.0000 1.0000 1.1500 12.0000 0.0000 -4.0000 4.0000 -8.0000 8.0000 0.3483 0.3216 0.7576 0.4501 0.6189 2.4965 1.9121 4.6556 
6.0000 12.0000 5.0000 -4.0000 0.0000 1.4000 2 1.0000 0.0000 1.4450 6.0000 -2.0000 -10.0000 2.0000 -14.0000 -6.0000 0.3989 0.6798 0.4611 0.5541 0.4048 2.4987 1.7811 4.5244 
6.0000 16.0000 5.0000 -2.0000 1.0000 -2.8000 2 1.0000 1.0000 1.1840 -12.0000 -4.0000 4.0000 -8.0000 8.0000 0.0000 0.5000 0.5000 0.5000 0.5000 0.5000 2.5000 1.8652 4.6092 
6.0000 33.0000 5.0000 0.0000 1.0000 1.4000 8 -1.0000 1.0000 1.0960 10.0000 -2.0000 -10.0000 2.0000 -6.0000 6.0000 0.5000 0.5000 0.5000 0.5000 0.5000 2.5000 1.9513 4.6927 
6.0000 66.0000 5.0000 4.0000 0.0000 -1.4000 8 -1.0000 0.0000 0.9540 -2.0000 6.0000 10.0000 2.0000 14.0000 -6.0000 0.4483 0.3958 0.5412 0.6833 0.4364 2.5050 1.7898 4.5308 
6.0000 67.0000 5.0000 4.0000 0.0000 0.0000 8 -1.0000 0.0000 1.3780 -6.0000 2.0000 10.0000 -2.0000 14.0000 6.0000 0.4099 0.6010 0.7032 0.3684 0.4269 2.5094 1.9529 4.7186 
6.0000 47.0000 5.0000 2.0000 1.0000 1.4000 8 -1.0000 1.0000 1.3720 -4.0000 4.0000 8.0000 0.0000 12.0000 -8.0000 0.5000 0.5000 0.5000 0.5000 0.5000 2.5000 1.8784 4.6259 
6.0000 28.0000 5.0000 -2.0000 0.0000 4.2000 8 -1.0000 1.0000 0.9740 8.0000 -4.0000 -12.0000 0.0000 -8.0000 4.0000 0.4096 0.5538 0.6321 0.4969 0.4054 2.4977 1.9289 4.6736 
6.0000 3.0000 5.0000 -4.0000 1.0000 -1.4000 2 1.0000 1.0000 1.8380 -14.0000 -2.0000 2.0000 -6.0000 6.0000 -10.0000 0.5000 0.5000 0.5000 0.5000 0.5000 2.5000 1.7589 4.5090 
6.0000 36.0000 5.0000 0.0000 0.0000 -4.2000 2 1.0000 1.0000 1.5420 6.0000 -6.0000 -10.0000 10.0000 -2.0000 2.0000 0.6731 0.4588 0.4030 0.4399 0.5276 2.5024 1.9151 4.6617 
6.0000 39.0000 5.0000 0.0000 0.0000 0.0000 2 1.0000 0.0000 2.1690 -10.0000 -2.0000 6.0000 -6.0000 10.0000 2.0000 0.3786 0.6928 0.3473 0.5960 0.4941 2.5087 1.9225 4.6847 
6.0000 26.0000 5.0000 -2.0000 0.0000 1.4000 8 -1.0000 1.0000 1.1550 -8.0000 0.0000 4.0000 -4.0000 8.0000 -12.0000 0.5240 0.3245 0.6498 0.3063 0.6925 2.4972 1.8609 4.6063 
6.0000 40.0000 5.0000 0.0000 0.0000 1.4000 8 -1.0000 1.0000 1.0800 -10.0000 2.0000 6.0000 -2.0000 10.0000 -6.0000 0.5698 0.4904 0.5434 0.3216 0.5830 2.5082 1.8550 4.6006 
6.0000 10.0000 5.0000 -4.0000 0.0000 -1.4000 2 1.0000 1.0000 1.6080 -10.0000 2.0000 6.0000 -14.0000 -2.0000 -6.0000 0.3847 0.6458 0.5432 0.5111 0.4231 2.5079 1.8714 4.6339 
6.0000 54.0000 5.0000 2.0000 0.0000 1.4000 8 -1.0000 1.0000 1.0210 -8.0000 4.0000 8.0000 0.0000 12.0000 -4.0000 0.3582 0.6265 0.4240 0.7851 0.3048 2.4986 1.9820 4.7410 
6.0000 68.0000 5.0000 4.0000 0.0000 1.4000 8 -1.0000 1.0000 1.1000 14.0000 2.0000 -2.0000 6.0000 -6.0000 10.0000 0.3479 0.5698 0.4073 0.7660 0.3992 2.4902 1.8892 4.6329 
6.0000 45.0000 5.0000 2.0000 1.0000 -1.4000 8 -1.0000 0.0000 1.7920 8.0000 0.0000 -4.0000 4.0000 -8.0000 12.0000 0.5000 0.5000 0.5000 0.5000 0.5000 2.5000 1.9278 4.6758 
6.0000 5.0000 5.0000 -4.0000 1.0000 1.4000 8 -1.0000 1.0000 1.5010 6.0000 -2.0000 -10.0000 2.0000 -14.0000 -6.0000 0.5000 0.5000 0.5000 0.5000 0.5000 2.5000 1.9996 4.7427 
6.0000 55.0000 5.0000 2.0000 0.0000 2.8000 8 -1.0000 1.0000 1.5590 -8.0000 0.0000 8.0000 -4.0000 12.0000 4.0000 0.3952 0.3678 0.5971 0.4263 0.7227 2.5092 1.7562 4.5184 
6.0000 65.0000 5.0000 4.0000 0.0000 -2.8000 2 1.0000 1.0000 2.3630 14.0000 6.0000 -6.0000 10.0000 -2.0000 2.0000 0.6089 0.5266 0.4667 0.3505 0.5558 2.5084 1.8762 4.6342 
6.0000 69.0000 5.0000 4.0000 0.0000 2.8000 8 -1.0000 1.0000 0.9920 -2.0000 6.0000 10.0000 2.0000 14.0000 -6.0000 0.4040 0.6970 0.3339 0.4757 0.5832 2.4937 1.8821 4.6197 
6.0000 8.0000 5.0000 -4.0000 0.0000 -4.2000 2 1.0000 1.0000 1.0090 -10.0000 -2.0000 2.0000 -6.0000 6.0000 -14.0000 0.3230 0.5050 0.7603 0.5926 0.3290 2.5099 1.9163 4.6692 
6.0000 53.0000 5.0000 2.0000 0.0000 0.0000 8 -1.0000 0.0000 1.1100 8.0000 0.0000 -8.0000 4.0000 -4.0000 12.0000 0.5171 0.4404 0.3533 0.5824 0.6139 2.5071 1.9245 4.6831 
6.0000 48.0000 5.0000 2.0000 1.0000 2.8000 8 -1.0000 1.0000 1.4180 8.0000 0.0000 -8.0000 4.0000 -4.0000 12.0000 0.5000 0.5000 0.5000 0.5000 0.5000 2.5000 1.9326 4.6926 
6.0000 34.0000 5.0000 0.0000 1.0000 2.8000 8 -1.0000 1.0000 1.3860 6.0000 -2.0000 -10.0000 2.0000 -6.0000 10.0000 0.5000 0.5000 0.5000 0.5000 0.5000 2.5000 1.8678 4.6259 
6.0000 52.0000 5.0000 2.0000 0.0000 -1.4000 8 -1.0000 0.0000 1.7240 0.0000 8.0000 12.0000 -8.0000 4.0000 -4.0000 0.5640 0.4002 0.3088 0.5613 0.6602 2.4944 1.8820 4.6203 
6.0000 1.0000 5.0000 -4.0000 1.0000 -4.2000 2 1.0000 1.0000 0.9500 -10.0000 -2.0000 6.0000 -6.0000 2.0000 -14.0000 0.5000 0.5000 0.5000 0.5000 0.5000 2.5000 1.9498 4.6925 
6.0000 21.0000 5.0000 -2.0000 1.0000 4.2000 8 -1.0000 1.0000 0.9860 -8.0000 0.0000 4.0000 -4.0000 8.0000 -12.0000 0.5000 0.5000 0.5000 0.5000 0.5000 2.5000 1.9058 4.6593 
6.0000 19.0000 5.0000 -2.0000 1.0000 1.4000 8 -1.0000 1.0000 1.3530 8.0000 -4.0000 -8.0000 0.0000 -12.0000 4.0000 0.5000 0.5000 0.5000 0.5000 0.5000 2.5000 1.7537 4.4925 
6.0000 20.0000 5.0000 -2.0000 1.0000 2.8000 8 -1.0000 1.0000 1.0890 4.0000 -4.0000 -8.0000 0.0000 -12.0000 8.0000 0.5000 0.5000 0.5000 0.5000 0.5000 2.5000 1.8147 4.5592 
6.0000 4.0000 5.0000 -4.0000 1.0000 0.0000 2 1.0000 0.0000 1.1460 2.0000 -10.0000 -14.0000 6.0000 -6.0000 -2.0000 0.5000 0.5000 0.5000 0.5000 0.5000 2.5000 1.8049 4.5425 
6.0000 57.0000 5.0000 4.0000 1.0000 -4.2000 2 1.0000 1.0000 2.1510 2.0000 10.0000 14.0000 -6.0000 6.0000 -2.0000 0.5000 0.5000 0.5000 0.5000 0.5000 2.5000 1.9032 4.6592 
6.0000 43.0000 5.0000 2.0000 1.0000 -4.2000 2 1.0000 1.0000 1.2450 -4.0000 4.0000 12.0000 0.0000 8.0000 -8.0000 0.5000 0.5000 0.5000 0.5000 0.5000 2.5000 1.7672 4.5258 
6.0000 27.0000 5.0000 -2.0000 0.0000 2.8000 8 -1.0000 1.0000 1.5370 8.0000 0.0000 -8.0000 4.0000 -12.0000 -4.0000 0.3844 0.6378 0.4631 0.3661 0.6553 2.5067 1.9652 4.7328 
6.0000 11.0000 5.0000 -4.0000 0.0000 0.0000 2 1.0000 0.0000 1.0890 -6.0000 2.0000 6.0000 -14.0000 -2.0000 -10.0000 0.4184 0.3132 0.6606 0.3179 0.7880 2.4982 1.9978 4.7407 
6.0000 7.0000 5.0000 -4.0000 1.0000 4.2000 8 -1.0000 1.0000 1.0350 -10.0000 -2.0000 6.0000 -6.0000 2.0000 -14.0000 0.5000 0.5000 0.5000 0.5000 0.5000 2.5000 1.9717 4.7260 
6.0000 2.0000 5.0000 -4.0000 1.0000 -2.8000 2 1.0000 1.0000 0.9610 -10.0000 -2.0000 2.0000 -6.0000 6.0000 -14.0000 0.5000 0.5000 0.5000 0.5000 0.5000 2.5000 1.9480 4.6926 
6.0000 31.0000 5.0000 0.0000 1.0000 -1.4000 2 1.0000 1.0000 1.2360 10.0000 -2.0000 -6.0000 2.0000 -10.0000 6.0000 0.5000 0.5000 0.5000 0.5000 0.5000 2.5000 1.8921 4.6425 
6.0000 51.0000 5.0000 2.0000 0.0000 -2.8000 2 1.0000 1.0000 1.5980 -4.0000 4.0000 8.0000 0.0000 12.0000 -8.0000 0.6086 0.4966 0.4332 0.3123 0.6512 2.5018 1.8590 4.6110 
6.0000 15.0000 5.0000 -2.0000 1.0000 -4.2000 2 1.0000 1.0000 1.0780 8.0000 -4.0000 -8.0000 0.0000 -12.0000 4.0000 0.5000 0.5000 0.5000 0.5000 0.5000 2.5000 1.7644 4.5259 
6.0000 60.0000 5.0000 4.0000 1.0000 0.0000 8 -1.0000 0.0000 1.0240 2.0000 10.0000 14.0000 -6.0000 6.0000 -2.0000 0.5000 0.5000 0.5000 0.5000 0.5000 2.5000 1.7721 4.5259 
6.0000 49.0000 5.0000 2.0000 1.0000 4.2000 8 -1.0000 1.0000 0.9990 8.0000 0.0000 -4.0000 4.0000 -8.0000 12.0000 0.5000 0.5000 0.5000 0.5000 0.5000 2.5000 1.9309 4.6925 
6.0000 9.0000 5.0000 -4.0000 0.0000 -2.8000 2 1.0000 1.0000 1.0370 6.0000 -2.0000 -14.0000 2.0000 -10.0000 -6.0000 0.3668 0.7301 0.3475 0.7210 0.3353 2.5007 1.9330 4.6932 
6.0000 56.0000 5.0000 2.0000 0.0000 4.2000 8 -1.0000 1.0000 0.9050 -8.0000 0.0000 12.0000 -4.0000 8.0000 4.0000 0.3172 0.3670 0.6355 0.6825 0.4893 2.4914 1.8041 4.5506 
6.0000 22.0000 5.0000 -2.0000 0.0000 -4.2000 2 1.0000 1.0000 1.4590 -8.0000 0.0000 4.0000 -4.0000 8.0000 -12.0000 0.4310 0.5480 0.4452 0.6817 0.3883 2.4942 1.7807 4.5201 
6.0000 24.0000 5.0000 -2.0000 0.0000 -1.4000 8 -1.0000 0.0000 1.9450 -8.0000 0.0000 4.0000 -4.0000 8.0000 -12.0000 0.3866 0.5815 0.4997 0.3385 0.6879 2.4942 1.9729 4.7200 
6.0000 38.0000 5.0000 0.0000 0.0000 -1.4000 2 1.0000 1.0000 1.8050 10.0000 2.0000 -6.0000 6.0000 -10.0000 -2.0000 0.5752 0.3977 0.7848 0.4093 0.3285 2.4954 1.8247 4.5713 
6.0000 14.0000 5.0000 -4.0000 0.0000 4.2000 8 -1.0000 1.0000 1.4010 2.0000 -10.0000 -14.0000 6.0000 -6.0000 -2.0000 0.3837 0.5890 0.5004 0.6137 0.4099 2.4967 1.8505 4.5892 
6.0000 25.0000 5.0000 -2.0000 0.0000 0.0000 2 1.0000 0.0000 1.2210 -8.0000 4.0000 8.0000 -12.0000 0.0000 -4.0000 0.4248 0.5858 0.6428 0.5460 0.3066 2.5060 1.8079 4.5651 
6.0000 41.0000 5.0000 0.0000 0.0000 2.8000 8 -1.0000 1.0000 1.0630 10.0000 -2.0000 -10.0000 2.0000 -6.0000 6.0000 0.7475 0.4752 0.3049 0.5354 0.4330 2.4960 1.8602 4.6053 
6.0000 46.0000 5.0000 2.0000 1.0000 0.0000 8 -1.0000 0.0000 0.9080 -8.0000 0.0000 8.0000 -4.0000 12.0000 4.0000 0.5000 0.5000 0.5000 0.5000 0.5000 2.5000 1.7538 4.5093 
6.0000 44.0000 5.0000 2.0000 1.0000 -2.8000 2 1.0000 1.0000 1.5780 0.0000 8.0000 12.0000 -8.0000 4.0000 -4.0000 0.5000 0.5000 0.5000 0.5000 0.5000 2.5000 1.9818 4.7427 
6.0000 35.0000 5.0000 0.0000 1.0000 4.2000 8 -1.0000 1.0000 1.0180 -2.0000 6.0000 10.0000 -10.0000 2.0000 -6.0000 0.5000 0.5000 0.5000 0.5000 0.5000 2.5000 1.9195 4.6759 
6.0000 58.0000 5.0000 4.0000 1.0000 -2.8000 2 1.0000 1.0000 1.2170 6.0000 -2.0000 -6.0000 14.0000 2.0000 10.0000 0.5000 0.5000 0.5000 0.5000 0.5000 2.5000 1.9452 4.6925 
6.0000 6.0000 5.0000 -4.0000 1.0000 2.8000 2 1.0000 0.0000 1.1280 -2.0000 -10.0000 -14.0000 6.0000 -6.0000 2.0000 0.5000 0.5000 0.5000 0.5000 0.5000 2.5000 1.9985 4.7426 
6.0000 61.0000 5.0000 4.0000 1.0000 1.4000 8 -1.0000 1.0000 1.4020 14.0000 2.0000 -6.0000 6.0000 -2.0000 10.0000 0.5000 0.5000 0.5000 0.5000 0.5000 2.5000 1.9281 4.6759 
6.0000 13.0000 5.0000 -4.0000 0.0000 2.8000 2 1.0000 0.0000 1.7700 6.0000 -2.0000 -10.0000 2.0000 -14.0000 -6.0000 0.7011 0.5552 0.5944 0.3039 0.3496 2.5041 1.9294 4.6801 
6.0000 32.0000 5.0000 0.0000 1.0000 0.0000 8 -1.0000 0.0000 1.2510 6.0000 -2.0000 -10.0000 2.0000 -6.0000 10.0000 0.5000 0.5000 0.5000 0.5000 0.5000 2.5000 1.9408 4.6925 
6.0000 29.0000 5.0000 0.0000 1.0000 -4.2000 2 1.0000 1.0000 0.8740 -6.0000 2.0000 6.0000 -2.0000 10.0000 -10.0000 0.5000 0.5000 0.5000 0.5000 0.5000 2.5000 1.8713 4.6258 
6.0000 42.0000 5.0000 0.0000 0.0000 4.2000 8 -1.0000 1.0000 0.9810 6.0000 -2.0000 -6.0000 2.0000 -10.0000 10.0000 0.7582 0.4229 0.3582 0.3101 0.6498 2.4992 1.9668 4.7250 
6.0000 59.0000 5.0000 4.0000 1.0000 -1.4000 2 1.0000 1.0000 1.9230 -2.0000 10.0000 14.0000 -6.0000 6.0000 2.0000 0.5000 0.5000 0.5000 0.5000 0.5000 2.5000 1.9862 4.7426 
6.0000 64.0000 5.0000 4.0000 0.0000 -4.2000 2 1.0000 1.0000 1.2300 14.0000 6.0000 -6.0000 10.0000 -2.0000 2.0000 0.6118 0.4083 0.3168 0.4584 0.7051 2.5004 1.7831 4.5263 
6.0000 22.0000 6.0000 -2.0000 0.0000 -4.2000 2 1.0000 1.0000 1.1950 -4.0000 4.0000 8.0000 -12.0000 0.0000 -8.0000 0.7769 0.4372 0.4885 0.3312 0.4704 2.5042 1.7863 4.5300 
6.0000 8.0000 6.0000 -4.0000 0.0000 -4.2000 2 1.0000 1.0000 0.8390 2.0000 -6.0000 -14.0000 -2.0000 -10.0000 6.0000 0.3859 0.7463 0.5016 0.5582 0.3122 2.5042 1.8529 4.5968 
6.0000 65.0000 6.0000 4.0000 0.0000 -2.8000 8 -1.0000 0.0000 0.9070 2.0000 10.0000 14.0000 -6.0000 6.0000 -2.0000 0.5567 0.4398 0.6912 0.5082 0.3061 2.5021 1.8061 4.5447 
6.0000 20.0000 6.0000 -2.0000 1.0000 2.8000 8 -1.0000 1.0000 0.9880 -8.0000 0.0000 8.0000 -4.0000 4.0000 -12.0000 0.5000 0.5000 0.5000 0.5000 0.5000 2.5000 1.7786 4.5427 
6.0000 34.0000 6.0000 0.0000 1.0000 2.8000 8 -1.0000 1.0000 0.9950 6.0000 -2.0000 -6.0000 2.0000 -10.0000 10.0000 0.5000 0.5000 0.5000 0.5000 0.5000 2.5000 1.7600 4.5092 
6.0000 13.0000 6.0000 -4.0000 0.0000 2.8000 8 -1.0000 1.0000 1.3720 -14.0000 -6.0000 2.0000 -10.0000 6.0000 -2.0000 0.7288 0.5084 0.3077 0.5480 0.3972 2.4901 1.9614 4.6993 
6.0000 28.0000 6.0000 -2.0000 0.0000 4.2000 8 -1.0000 1.0000 1.2610 4.0000 -8.0000 -12.0000 8.0000 -4.0000 0.0000 0.4933 0.5209 0.7196 0.3564 0.4192 2.5095 1.8422 4.6020 
6.0000 6.0000 6.0000 -4.0000 1.0000 2.8000 2 1.0000 0.0000 1.3060 2.0000 -6.0000 -14.0000 -2.0000 -10.0000 6.0000 0.5000 0.5000 0.5000 0.5000 0.5000 2.5000 1.7718 4.5258 
6.0000 61.0000 6.0000 4.0000 1.0000 1.4000 8 -1.0000 1.0000 0.9970 -2.0000 6.0000 10.0000 2.0000 14.0000 -6.0000 0.5000 0.5000 0.5000 0.5000 0.5000 2.5000 1.7514 4.4925 
6.0000 15.0000 6.0000 -2.0000 1.0000 -4.2000 2 1.0000 1.0000 1.1820 8.0000 -4.0000 -12.0000 0.0000 -8.0000 4.0000 0.5000 0.5000 0.5000 0.5000 0.5000 2.5000 1.8884 4.6425 
6.0000 3.0000 6.0000 -4.0000 1.0000 -1.4000 2 1.0000 1.0000 1.0530 -2.0000 -10.0000 -14.0000 6.0000 -6.0000 2.0000 0.5000 0.5000 0.5000 0.5000 0.5000 2.5000 1.7920 4.5424 
6.0000 62.0000 6.0000 4.0000 1.0000 2.8000 8 -1.0000 1.0000 1.1000 -2.0000 6.0000 10.0000 2.0000 14.0000 -6.0000 0.5000 0.5000 0.5000 0.5000 0.5000 2.5000 1.8746 4.6258 
6.0000 53.0000 6.0000 2.0000 0.0000 0.0000 2 1.0000 0.0000 1.2030 8.0000 0.0000 -4.0000 4.0000 -8.0000 12.0000 0.5296 0.6258 0.3422 0.6943 0.3143 2.5062 1.8470 4.6154 
6.0000 68.0000 6.0000 4.0000 0.0000 1.4000 8 -1.0000 1.0000 1.2630 -6.0000 2.0000 10.0000 -2.0000 14.0000 6.0000 0.5557 0.4616 0.4135 0.3410 0.7371 2.5089 1.9951 4.7514 
6.0000 47.0000 6.0000 2.0000 1.0000 1.4000 8 -1.0000 1.0000 1.1210 8.0000 0.0000 -8.0000 4.0000 -4.0000 12.0000 0.5000 0.5000 0.5000 0.5000 0.5000 2.5000 1.9844 4.7427 
6.0000 54.0000 6.0000 2.0000 0.0000 1.4000 8 -1.0000 1.0000 0.9080 4.0000 -4.0000 -8.0000 12.0000 0.0000 8.0000 0.5668 0.3541 0.5183 0.4209 0.6322 2.4922 1.9225 4.6682 
6.0000 44.0000 6.0000 2.0000 1.0000 -2.8000 2 1.0000 1.0000 1.4780 8.0000 0.0000 -8.0000 4.0000 -4.0000 12.0000 0.5000 0.5000 0.5000 0.5000 0.5000 2.5000 1.7644 4.5091 
6.0000 24.0000 6.0000 -2.0000 0.0000 -1.4000 2 1.0000 1.0000 1.1100 -12.0000 -4.0000 4.0000 -8.0000 8.0000 0.0000 0.6173 0.6918 0.3648 0.5018 0.3307 2.5064 1.8633 4.6156 
6.0000 48.0000 6.0000 2.0000 1.0000 2.8000 8 -1.0000 1.0000 1.0110 12.0000 4.0000 -8.0000 8.0000 -4.0000 0.0000 0.5000 0.5000 0.5000 0.5000 0.5000 2.5000 1.9433 4.6926 
6.0000 57.0000 6.0000 4.0000 1.0000 -4.2000 2 1.0000 1.0000 1.4480 14.0000 6.0000 -2.0000 10.0000 -6.0000 2.0000 0.5000 0.5000 0.5000 0.5000 0.5000 2.5000 1.9270 4.6759 
6.0000 64.0000 6.0000 4.0000 0.0000 -4.2000 8 -1.0000 0.0000 1.7290 -2.0000 6.0000 10.0000 2.0000 14.0000 -6.0000 0.3994 0.3472 0.7346 0.4833 0.5431 2.5076 1.8486 4.6002 
6.0000 46.0000 6.0000 2.0000 1.0000 0.0000 8 -1.0000 0.0000 0.9480 0.0000 8.0000 12.0000 -8.0000 4.0000 -4.0000 0.5000 0.5000 0.5000 0.5000 0.5000 2.5000 1.9489 4.7093 
6.0000 7.0000 6.0000 -4.0000 1.0000 4.2000 8 -1.0000 1.0000 1.0770 -14.0000 -6.0000 6.0000 -10.0000 2.0000 -2.0000 0.5000 0.5000 0.5000 0.5000 0.5000 2.5000 1.9019 4.6594 
6.0000 41.0000 6.0000 0.0000 0.0000 2.8000 8 -1.0000 1.0000 1.0070 -10.0000 2.0000 6.0000 -2.0000 10.0000 -6.0000 0.3624 0.4520 0.7425 0.5572 0.3839 2.4980 1.7990 4.5572 
6.0000 31.0000 6.0000 0.0000 1.0000 -1.4000 2 1.0000 1.0000 2.0590 -6.0000 2.0000 6.0000 -2.0000 10.0000 -10.0000 0.5000 0.5000 0.5000 0.5000 0.5000 2.5000 1.8607 4.6091 
6.0000 70.0000 6.0000 4.0000 0.0000 4.2000 8 -1.0000 1.0000 0.8990 -2.0000 6.0000 14.0000 2.0000 10.0000 -6.0000 0.5619 0.4941 0.5613 0.3489 0.5367 2.5028 1.8462 4.5952 
6.0000 66.0000 6.0000 4.0000 0.0000 -1.4000 2 1.0000 1.0000 1.3470 -6.0000 6.0000 14.0000 2.0000 10.0000 -2.0000 0.6583 0.3601 0.4002 0.4391 0.6443 2.5020 1.8548 4.6111 
6.0000 1.0000 6.0000 -4.0000 1.0000 -4.2000 2 1.0000 1.0000 0.9090 2.0000 -10.0000 -14.0000 6.0000 -6.0000 -2.0000 0.5000 0.5000 0.5000 0.5000 0.5000 2.5000 1.9539 4.6924 
6.0000 29.0000 6.0000 0.0000 1.0000 -4.2000 2 1.0000 1.0000 0.8690 10.0000 2.0000 -10.0000 6.0000 -6.0000 -2.0000 0.5000 0.5000 0.5000 0.5000 0.5000 2.5000 1.8831 4.6259 
6.0000 23.0000 6.0000 -2.0000 0.0000 -2.8000 2 1.0000 1.0000 1.0150 4.0000 -8.0000 -12.0000 8.0000 -4.0000 0.0000 0.3344 0.5779 0.4975 0.7451 0.3363 2.4913 1.9774 4.7172 
6.0000 43.0000 6.0000 2.0000 1.0000 -4.2000 2 1.0000 1.0000 1.0710 -8.0000 0.0000 8.0000 -4.0000 12.0000 4.0000 0.5000 0.5000 0.5000 0.5000 0.5000 2.5000 1.9395 4.6926 
6.0000 37.0000 6.0000 0.0000 0.0000 -2.8000 8 -1.0000 0.0000 1.2700 -10.0000 -2.0000 10.0000 -6.0000 6.0000 2.0000 0.3124 0.4452 0.6219 0.5445 0.5789 2.5029 1.8764 4.6287 
6.0000 5.0000 6.0000 -4.0000 1.0000 1.4000 2 1.0000 0.0000 1.1850 6.0000 -6.0000 -14.0000 -2.0000 -10.0000 2.0000 0.5000 0.5000 0.5000 0.5000 0.5000 2.5000 1.7643 4.5258 
6.0000 27.0000 6.0000 -2.0000 0.0000 2.8000 8 -1.0000 1.0000 1.8890 -12.0000 0.0000 4.0000 -4.0000 8.0000 -8.0000 0.6955 0.5587 0.3129 0.5736 0.3668 2.5075 1.9254 4.6835 
6.0000 2.0000 6.0000 -4.0000 1.0000 -2.8000 2 1.0000 1.0000 0.7960 -14.0000 -6.0000 2.0000 -10.0000 6.0000 -2.0000 0.5000 0.5000 0.5000 0.5000 0.5000 2.5000 1.7693 4.5258 
6.0000 16.0000 6.0000 -2.0000 1.0000 -2.8000 2 1.0000 1.0000 0.8660 8.0000 -4.0000 -12.0000 0.0000 -8.0000 4.0000 0.5000 0.5000 0.5000 0.5000 0.5000 2.5000 1.9693 4.7093 
6.0000 69.0000 6.0000 4.0000 0.0000 2.8000 8 -1.0000 1.0000 1.0380 -6.0000 6.0000 14.0000 2.0000 10.0000 -2.0000 0.5887 0.5147 0.5496 0.3836 0.4587 2.4954 1.9302 4.6713 
6.0000 21.0000 6.0000 -2.0000 1.0000 4.2000 8 -1.0000 1.0000 1.1710 -8.0000 0.0000 4.0000 -4.0000 8.0000 -12.0000 0.5000 0.5000 0.5000 0.5000 0.5000 2.5000 1.9947 4.7426 
6.0000 49.0000 6.0000 2.0000 1.0000 4.2000 8 -1.0000 1.0000 0.8080 8.0000 0.0000 -8.0000 4.0000 -4.0000 12.0000 0.5000 0.5000 0.5000 0.5000 0.5000 2.5000 1.8138 4.5592 
6.0000 40.0000 6.0000 0.0000 0.0000 1.4000 2 1.0000 0.0000 1.7300 -10.0000 -2.0000 6.0000 -6.0000 10.0000 2.0000 0.3823 0.3569 0.6474 0.4565 0.6475 2.4906 1.8359 4.5831 
6.0000 45.0000 6.0000 2.0000 1.0000 -1.4000 2 1.0000 1.0000 2.5220 -8.0000 0.0000 8.0000 -4.0000 12.0000 4.0000 0.5000 0.5000 0.5000 0.5000 0.5000 2.5000 1.8200 4.5759 
6.0000 26.0000 6.0000 -2.0000 0.0000 1.4000 8 -1.0000 1.0000 1.3840 -8.0000 4.0000 8.0000 -12.0000 0.0000 -4.0000 0.5625 0.4534 0.3121 0.5307 0.6320 2.4907 1.8177 4.5666 
6.0000 32.0000 6.0000 0.0000 1.0000 0.0000 2 1.0000 0.0000 1.4450 -6.0000 2.0000 10.0000 -2.0000 6.0000 -10.0000 0.5000 0.5000 0.5000 0.5000 0.5000 2.5000 1.8408 4.5925 
6.0000 14.0000 6.0000 -4.0000 0.0000 4.2000 8 -1.0000 1.0000 1.8490 -2.0000 -10.0000 -14.0000 6.0000 -6.0000 2.0000 0.5786 0.4609 0.7682 0.3754 0.3074 2.4906 1.7814 4.5164 
6.0000 4.0000 6.0000 -4.0000 1.0000 0.0000 2 1.0000 0.0000 2.9820 2.0000 -6.0000 -14.0000 -2.0000 -10.0000 6.0000 0.5000 0.5000 0.5000 0.5000 0.5000 2.5000 1.9396 4.6925 
6.0000 10.0000 6.0000 -4.0000 0.0000 -1.4000 2 1.0000 1.0000 1.7610 2.0000 -6.0000 -10.0000 -2.0000 -14.0000 6.0000 0.5199 0.4944 0.6109 0.5479 0.3223 2.4954 1.8882 4.6214 
6.0000 18.0000 6.0000 -2.0000 1.0000 0.0000 2 1.0000 0.0000 2.1450 -12.0000 -4.0000 8.0000 -8.0000 4.0000 0.0000 0.5000 0.5000 0.5000 0.5000 0.5000 2.5000 1.7843 4.5259 
6.0000 56.0000 6.0000 2.0000 0.0000 4.2000 8 -1.0000 1.0000 1.2170 -8.0000 0.0000 8.0000 -4.0000 12.0000 4.0000 0.3154 0.4171 0.7803 0.3448 0.6339 2.4916 1.7562 4.5008 
6.0000 39.0000 6.0000 0.0000 0.0000 0.0000 2 1.0000 0.0000 2.0320 -10.0000 -2.0000 10.0000 -6.0000 6.0000 2.0000 0.5399 0.7187 0.3744 0.3370 0.5282 2.4981 1.7763 4.5240 
6.0000 50.0000 6.0000 2.0000 0.0000 -4.2000 2 1.0000 1.0000 1.1640 -8.0000 4.0000 8.0000 0.0000 12.0000 -4.0000 0.6514 0.7061 0.3834 0.4531 0.3072 2.5012 1.9665 4.7271 
6.0000 58.0000 6.0000 4.0000 1.0000 -2.8000 2 1.0000 1.0000 1.1650 -2.0000 6.0000 10.0000 2.0000 14.0000 -6.0000 0.5000 0.5000 0.5000 0.5000 0.5000 2.5000 1.9148 4.6592 
6.0000 25.0000 6.0000 -2.0000 0.0000 0.0000 2 1.0000 0.0000 1.2530 4.0000 -4.0000 -8.0000 0.0000 -12.0000 8.0000 0.5004 0.3655 0.4042 0.7416 0.4977 2.5094 1.9659 4.7188 
6.0000 11.0000 6.0000 -4.0000 0.0000 0.0000 2 1.0000 0.0000 1.1110 -10.0000 2.0000 6.0000 -14.0000 -2.0000 -6.0000 0.6050 0.3345 0.5856 0.4678 0.5109 2.5039 1.8389 4.5965 
6.0000 55.0000 6.0000 2.0000 0.0000 2.8000 8 -1.0000 1.0000 1.1720 -8.0000 0.0000 12.0000 -4.0000 8.0000 4.0000 0.4764 0.5655 0.3048 0.4723 0.6899 2.5088 1.9292 4.6848 
6.0000 17.0000 6.0000 -2.0000 1.0000 -1.4000 2 1.0000 1.0000 1.0680 8.0000 -4.0000 -12.0000 0.0000 -8.0000 4.0000 0.5000 0.5000 0.5000 0.5000 0.5000 2.5000 1.9769 4.7260 
6.0000 42.0000 6.0000 0.0000 0.0000 4.2000 8 -1.0000 1.0000 0.9220 -10.0000 2.0000 10.0000 -2.0000 6.0000 -6.0000 0.3026 0.7627 0.4459 0.6816 0.3058 2.4987 1.8773 4.6413 
6.0000 33.0000 6.0000 0.0000 1.0000 1.4000 8 -1.0000 1.0000 2.0140 -10.0000 -2.0000 10.0000 -6.0000 6.0000 2.0000 0.5000 0.5000 0.5000 0.5000 0.5000 2.5000 1.8876 4.6425 
6.0000 38.0000 6.0000 0.0000 0.0000 -1.4000 2 1.0000 1.0000 1.1330 2.0000 -6.0000 -10.0000 10.0000 -2.0000 6.0000 0.5450 0.4109 0.4818 0.3066 0.7481 2.4924 1.8913 4.6350 
6.0000 19.0000 6.0000 -2.0000 1.0000 1.4000 2 1.0000 0.0000 1.6190 8.0000 -4.0000 -12.0000 0.0000 -8.0000 4.0000 0.5000 0.5000 0.5000 0.5000 0.5000 2.5000 1.8455 4.5926 
6.0000 59.0000 6.0000 4.0000 1.0000 -1.4000 8 -1.0000 0.0000 2.0010 14.0000 6.0000 -6.0000 10.0000 -2.0000 2.0000 0.5000 0.5000 0.5000 0.5000 0.5000 2.5000 1.9608 4.7091 
6.0000 63.0000 6.0000 4.0000 1.0000 4.2000 8 -1.0000 1.0000 1.5240 6.0000 -2.0000 -6.0000 14.0000 2.0000 10.0000 0.5000 0.5000 0.5000 0.5000 0.5000 2.5000 1.8790 4.6258 
6.0000 60.0000 6.0000 4.0000 1.0000 0.0000 2 1.0000 0.0000 2.1290 10.0000 2.0000 -6.0000 6.0000 -2.0000 14.0000 0.5000 0.5000 0.5000 0.5000 0.5000 2.5000 1.9308 4.6759 
6.0000 67.0000 6.0000 4.0000 0.0000 0.0000 8 -1.0000 0.0000 1.3780 14.0000 6.0000 -2.0000 10.0000 -6.0000 2.0000 0.4796 0.3644 0.6537 0.5379 0.4575 2.4931 1.7616 4.5023 
6.0000 36.0000 6.0000 0.0000 0.0000 -4.2000 2 1.0000 1.0000 1.3730 -10.0000 2.0000 6.0000 -2.0000 10.0000 -6.0000 0.5493 0.3557 0.5493 0.6637 0.3882 2.5062 1.8111 4.5653 
6.0000 51.0000 6.0000 2.0000 0.0000 -2.8000 2 1.0000 1.0000 1.5410 8.0000 -4.0000 -8.0000 12.0000 0.0000 4.0000 0.3373 0.5496 0.4175 0.5290 0.6658 2.4990 1.9598 4.7084 
6.0000 12.0000 6.0000 -4.0000 0.0000 1.4000 2 1.0000 0.0000 1.6730 6.0000 -6.0000 -10.0000 -2.0000 -14.0000 2.0000 0.5603 0.3063 0.4608 0.7395 0.4340 2.5010 1.8537 4.6103 
6.0000 9.0000 6.0000 -4.0000 0.0000 -2.8000 2 1.0000 1.0000 1.1810 2.0000 -6.0000 -10.0000 -2.0000 -14.0000 6.0000 0.4209 0.5540 0.4718 0.6783 0.3681 2.4931 1.9647 4.7191 
6.0000 30.0000 6.0000 0.0000 1.0000 -2.8000 2 1.0000 1.0000 1.8150 -6.0000 6.0000 10.0000 -10.0000 2.0000 -2.0000 0.5000 0.5000 0.5000 0.5000 0.5000 2.5000 1.8663 4.6259 
6.0000 35.0000 6.0000 0.0000 1.0000 4.2000 8 -1.0000 1.0000 1.0400 -6.0000 6.0000 10.0000 -10.0000 2.0000 -2.0000 0.5000 0.5000 0.5000 0.5000 0.5000 2.5000 1.9037 4.6593 
6.0000 52.0000 6.0000 2.0000 0.0000 -1.4000 8 -1.0000 0.0000 1.5280 -8.0000 0.0000 8.0000 -4.0000 12.0000 4.0000 0.4224 0.5856 0.3408 0.6779 0.4752 2.5019 1.9182 4.6611 
