subNo index block mean periodicity testLevel pressedKey answer isCorrect rt s1 s2 s3 s4 s5 s6 t1 t2 t3 t4 t5 seqDuration startInterval trialDuration 
15.0000 59.0000 1.0000 4.0000 1.0000 -3.3000 8 1.0000 1.0000 2.2620 14.0000 6.0000 -2.0000 10.0000 -6.0000 2.0000 0.5000 0.5000 0.5000 0.5000 0.5000 2.5000 1.8772 4.6426 
15.0000 32.0000 1.0000 0.0000 1.0000 0.0000 2 -1.0000 0.0000 1.3190 2.0000 -6.0000 -10.0000 10.0000 -2.0000 6.0000 0.5000 0.5000 0.5000 0.5000 0.5000 2.5000 1.9833 4.7426 
15.0000 24.0000 1.0000 -2.0000 0.0000 -3.3000 8 1.0000 1.0000 2.7990 8.0000 -4.0000 -12.0000 0.0000 -8.0000 4.0000 0.4140 0.3326 0.3966 0.6034 0.7595 2.5060 1.9988 4.7651 
15.0000 10.0000 1.0000 -4.0000 0.0000 -3.3000 8 1.0000 1.0000 1.8900 -2.0000 -10.0000 -14.0000 6.0000 -6.0000 2.0000 0.4170 0.5697 0.4863 0.5786 0.4518 2.5034 1.8391 4.5960 
15.0000 69.0000 1.0000 4.0000 0.0000 6.6000 2 -1.0000 1.0000 2.0720 14.0000 2.0000 -6.0000 6.0000 -2.0000 10.0000 0.3135 0.4880 0.7626 0.5309 0.4002 2.4951 1.8691 4.6210 
15.0000 19.0000 1.0000 -2.0000 1.0000 3.3000 2 -1.0000 1.0000 2.0020 -12.0000 -4.0000 8.0000 -8.0000 4.0000 0.0000 0.5000 0.5000 0.5000 0.5000 0.5000 2.5000 1.7787 4.5258 
15.0000 13.0000 1.0000 -4.0000 0.0000 6.6000 2 -1.0000 1.0000 1.7650 -14.0000 -2.0000 6.0000 -6.0000 2.0000 -10.0000 0.3645 0.4200 0.7836 0.5210 0.4147 2.5038 1.8943 4.6464 
15.0000 41.0000 1.0000 0.0000 0.0000 6.6000 2 -1.0000 1.0000 1.2740 10.0000 2.0000 -6.0000 6.0000 -10.0000 -2.0000 0.6972 0.4233 0.4731 0.3223 0.5763 2.4923 1.8407 4.5681 
15.0000 26.0000 1.0000 -2.0000 0.0000 3.3000 8 1.0000 0.0000 2.1500 -8.0000 0.0000 8.0000 -4.0000 4.0000 -12.0000 0.3665 0.7110 0.6436 0.4399 0.3460 2.5069 1.9369 4.6996 
15.0000 60.0000 1.0000 4.0000 1.0000 0.0000 8 1.0000 0.0000 2.1780 -6.0000 2.0000 14.0000 -2.0000 10.0000 6.0000 0.5000 0.5000 0.5000 0.5000 0.5000 2.5000 1.9050 4.6593 
15.0000 45.0000 1.0000 2.0000 1.0000 -3.3000 8 1.0000 1.0000 1.5890 -8.0000 0.0000 8.0000 -4.0000 12.0000 4.0000 0.5000 0.5000 0.5000 0.5000 0.5000 2.5000 1.8001 4.5592 
15.0000 16.0000 1.0000 -2.0000 1.0000 -6.6000 8 1.0000 1.0000 3.1500 -12.0000 -4.0000 4.0000 -8.0000 8.0000 0.0000 0.5000 0.5000 0.5000 0.5000 0.5000 2.5000 1.9003 4.6592 
15.0000 12.0000 1.0000 -4.0000 0.0000 3.3000 2 -1.0000 1.0000 1.4400 -14.0000 -6.0000 2.0000 -10.0000 6.0000 -2.0000 0.4267 0.3797 0.6763 0.3669 0.6518 2.5013 1.9614 4.7105 
15.0000 5.0000 1.0000 -4.0000 1.0000 3.3000 2 -1.0000 1.0000 1.2910 -14.0000 -2.0000 2.0000 -6.0000 6.0000 -10.0000 0.5000 0.5000 0.5000 0.5000 0.5000 2.5000 1.8132 4.5591 
15.0000 65.0000 1.0000 4.0000 0.0000 -6.6000 8 1.0000 1.0000 2.7990 -6.0000 2.0000 10.0000 -2.0000 14.0000 6.0000 0.5244 0.6719 0.4506 0.3445 0.5142 2.5057 1.7878 4.5315 
15.0000 11.0000 1.0000 -4.0000 0.0000 0.0000 2 -1.0000 0.0000 3.3300 6.0000 -2.0000 -14.0000 2.0000 -10.0000 -6.0000 0.7613 0.5239 0.3150 0.4748 0.4328 2.5078 1.9857 4.7338 
15.0000 20.0000 1.0000 -2.0000 1.0000 6.6000 2 -1.0000 1.0000 1.4360 4.0000 -4.0000 -8.0000 0.0000 -12.0000 8.0000 0.5000 0.5000 0.5000 0.5000 0.5000 2.5000 1.7652 4.5259 
15.0000 34.0000 1.0000 0.0000 1.0000 6.6000 2 -1.0000 1.0000 2.1560 10.0000 -2.0000 -10.0000 2.0000 -6.0000 6.0000 0.5000 0.5000 0.5000 0.5000 0.5000 2.5000 1.8126 4.5759 
15.0000 31.0000 1.0000 0.0000 1.0000 -3.3000 8 1.0000 1.0000 1.8420 -6.0000 2.0000 6.0000 -2.0000 10.0000 -10.0000 0.5000 0.5000 0.5000 0.5000 0.5000 2.5000 1.8374 4.5927 
15.0000 68.0000 1.0000 4.0000 0.0000 3.3000 2 -1.0000 1.0000 4.7750 -6.0000 6.0000 14.0000 2.0000 10.0000 -2.0000 0.6550 0.4534 0.6043 0.3824 0.4149 2.5099 1.7798 4.5358 
15.0000 50.0000 1.0000 2.0000 0.0000 -9.9000 8 1.0000 1.0000 4.5820 -4.0000 4.0000 12.0000 0.0000 8.0000 -8.0000 0.4427 0.5132 0.4814 0.4512 0.6097 2.4982 1.9337 4.6740 
15.0000 61.0000 1.0000 4.0000 1.0000 3.3000 2 -1.0000 1.0000 2.7580 10.0000 2.0000 -6.0000 6.0000 -2.0000 14.0000 0.5000 0.5000 0.5000 0.5000 0.5000 2.5000 1.7543 4.4924 
15.0000 14.0000 1.0000 -4.0000 0.0000 9.9000 2 -1.0000 1.0000 1.3500 2.0000 -6.0000 -14.0000 -2.0000 -10.0000 6.0000 0.3293 0.7769 0.4059 0.6159 0.3747 2.5027 1.9080 4.6453 
15.0000 66.0000 1.0000 4.0000 0.0000 -3.3000 8 1.0000 1.0000 3.1180 14.0000 2.0000 -6.0000 6.0000 -2.0000 10.0000 0.6917 0.3909 0.3215 0.6908 0.4070 2.5019 1.7517 4.5110 
15.0000 1.0000 1.0000 -4.0000 1.0000 -9.9000 8 1.0000 1.0000 4.6410 2.0000 -6.0000 -10.0000 -2.0000 -14.0000 6.0000 0.5000 0.5000 0.5000 0.5000 0.5000 2.5000 1.9148 4.6758 
15.0000 35.0000 1.0000 0.0000 1.0000 9.9000 2 -1.0000 1.0000 1.7540 10.0000 2.0000 -6.0000 6.0000 -10.0000 -2.0000 0.5000 0.5000 0.5000 0.5000 0.5000 2.5000 1.8221 4.5758 
15.0000 70.0000 1.0000 4.0000 0.0000 9.9000 2 -1.0000 1.0000 3.5620 -2.0000 6.0000 10.0000 2.0000 14.0000 -6.0000 0.5338 0.5858 0.3004 0.6039 0.4795 2.5034 1.7997 4.5458 
15.0000 57.0000 1.0000 4.0000 1.0000 -9.9000 8 1.0000 1.0000 1.8480 -2.0000 10.0000 14.0000 -6.0000 6.0000 2.0000 0.5000 0.5000 0.5000 0.5000 0.5000 2.5000 1.7665 4.5091 
15.0000 42.0000 1.0000 0.0000 0.0000 9.9000 2 -1.0000 1.0000 4.5410 10.0000 2.0000 -6.0000 6.0000 -10.0000 -2.0000 0.3771 0.4506 0.3395 0.7264 0.6053 2.4988 1.7773 4.5246 
15.0000 9.0000 1.0000 -4.0000 0.0000 -6.6000 NR 0.0000 0.0000 0.0000 2.0000 -6.0000 -10.0000 -2.0000 -14.0000 6.0000 0.3362 0.4150 0.7561 0.5749 0.4211 2.5033 1.8161 4.5624 
15.0000 47.0000 1.0000 2.0000 1.0000 3.3000 2 -1.0000 1.0000 2.1010 12.0000 0.0000 -8.0000 4.0000 -4.0000 8.0000 0.5000 0.5000 0.5000 0.5000 0.5000 2.5000 1.9055 4.6592 
15.0000 53.0000 1.0000 2.0000 0.0000 0.0000 8 1.0000 0.0000 2.4470 12.0000 4.0000 -8.0000 8.0000 -4.0000 0.0000 0.4627 0.4358 0.6093 0.6798 0.3062 2.4938 1.8085 4.5531 
15.0000 25.0000 1.0000 -2.0000 0.0000 0.0000 8 1.0000 0.0000 3.4500 8.0000 -4.0000 -12.0000 0.0000 -8.0000 4.0000 0.5610 0.4837 0.3313 0.3841 0.7494 2.5096 1.9335 4.7023 
15.0000 58.0000 1.0000 4.0000 1.0000 -6.6000 8 1.0000 1.0000 1.2160 -2.0000 10.0000 14.0000 -6.0000 6.0000 2.0000 0.5000 0.5000 0.5000 0.5000 0.5000 2.5000 1.8986 4.6426 
15.0000 44.0000 1.0000 2.0000 1.0000 -6.6000 8 1.0000 1.0000 1.1650 -8.0000 0.0000 12.0000 -4.0000 8.0000 4.0000 0.5000 0.5000 0.5000 0.5000 0.5000 2.5000 1.7967 4.5424 
15.0000 21.0000 1.0000 -2.0000 1.0000 9.9000 2 -1.0000 1.0000 1.7980 8.0000 -4.0000 -12.0000 0.0000 -8.0000 4.0000 0.5000 0.5000 0.5000 0.5000 0.5000 2.5000 1.9825 4.7261 
15.0000 64.0000 1.0000 4.0000 0.0000 -9.9000 8 1.0000 1.0000 2.4450 14.0000 2.0000 -2.0000 6.0000 -6.0000 10.0000 0.6915 0.3241 0.7252 0.4465 0.3127 2.4999 1.9712 4.7091 
15.0000 27.0000 1.0000 -2.0000 0.0000 6.6000 2 -1.0000 1.0000 1.5950 -12.0000 0.0000 4.0000 -4.0000 8.0000 -8.0000 0.4678 0.4316 0.3845 0.5664 0.6416 2.4919 1.9073 4.6513 
15.0000 54.0000 1.0000 2.0000 0.0000 3.3000 2 -1.0000 1.0000 2.6010 8.0000 0.0000 -8.0000 4.0000 -4.0000 12.0000 0.4409 0.4711 0.5241 0.5754 0.4951 2.5066 1.9755 4.7327 
15.0000 30.0000 1.0000 0.0000 1.0000 -6.6000 8 1.0000 1.0000 1.5500 -6.0000 6.0000 10.0000 -10.0000 2.0000 -2.0000 0.5000 0.5000 0.5000 0.5000 0.5000 2.5000 1.7980 4.5593 
15.0000 67.0000 1.0000 4.0000 0.0000 0.0000 NR 0.0000 0.0000 0.0000 10.0000 2.0000 -6.0000 6.0000 -2.0000 14.0000 0.4991 0.4649 0.6452 0.5693 0.3267 2.5053 1.9024 4.6647 
15.0000 63.0000 1.0000 4.0000 1.0000 9.9000 2 -1.0000 1.0000 4.5650 -6.0000 6.0000 14.0000 2.0000 10.0000 -2.0000 0.5000 0.5000 0.5000 0.5000 0.5000 2.5000 1.7991 4.5424 
15.0000 15.0000 1.0000 -2.0000 1.0000 -9.9000 NR 0.0000 0.0000 0.0000 8.0000 -4.0000 -8.0000 0.0000 -12.0000 4.0000 0.5000 0.5000 0.5000 0.5000 0.5000 2.5000 1.9318 4.6758 
15.0000 33.0000 1.0000 0.0000 1.0000 3.3000 8 1.0000 0.0000 3.1100 -6.0000 2.0000 10.0000 -2.0000 6.0000 -10.0000 0.5000 0.5000 0.5000 0.5000 0.5000 2.5000 1.8262 4.5758 
15.0000 22.0000 1.0000 -2.0000 0.0000 -9.9000 NR 0.0000 0.0000 0.0000 -8.0000 4.0000 8.0000 -12.0000 0.0000 -4.0000 0.4596 0.3694 0.7285 0.3052 0.6329 2.4956 1.9679 4.7215 
15.0000 55.0000 1.0000 2.0000 0.0000 6.6000 2 -1.0000 1.0000 3.1470 12.0000 4.0000 -8.0000 8.0000 -4.0000 0.0000 0.4211 0.3314 0.4372 0.6330 0.6757 2.4984 1.7746 4.5242 
15.0000 36.0000 1.0000 0.0000 0.0000 -9.9000 8 1.0000 1.0000 2.1630 10.0000 2.0000 -6.0000 6.0000 -10.0000 -2.0000 0.5224 0.5482 0.3937 0.4761 0.5556 2.4959 1.9888 4.7386 
15.0000 48.0000 1.0000 2.0000 1.0000 6.6000 NR 0.0000 0.0000 0.0000 -4.0000 4.0000 12.0000 0.0000 8.0000 -8.0000 0.5000 0.5000 0.5000 0.5000 0.5000 2.5000 1.8087 4.5592 
15.0000 17.0000 1.0000 -2.0000 1.0000 -3.3000 8 1.0000 1.0000 1.3200 4.0000 -8.0000 -12.0000 8.0000 -4.0000 0.0000 0.5000 0.5000 0.5000 0.5000 0.5000 2.5000 1.8646 4.6093 
15.0000 62.0000 1.0000 4.0000 1.0000 6.6000 2 -1.0000 1.0000 4.5950 10.0000 -2.0000 -6.0000 14.0000 2.0000 6.0000 0.5000 0.5000 0.5000 0.5000 0.5000 2.5000 1.7769 4.5258 
15.0000 23.0000 1.0000 -2.0000 0.0000 -6.6000 8 1.0000 1.0000 3.3990 8.0000 -4.0000 -12.0000 0.0000 -8.0000 4.0000 0.4662 0.5806 0.3353 0.7342 0.3815 2.4978 1.8406 4.5736 
15.0000 46.0000 1.0000 2.0000 1.0000 0.0000 8 1.0000 0.0000 2.8060 0.0000 8.0000 12.0000 -8.0000 4.0000 -4.0000 0.5000 0.5000 0.5000 0.5000 0.5000 2.5000 1.8807 4.6427 
15.0000 37.0000 1.0000 0.0000 0.0000 -6.6000 8 1.0000 1.0000 1.6120 2.0000 -6.0000 -10.0000 10.0000 -2.0000 6.0000 0.7176 0.4076 0.3490 0.7134 0.3218 2.5095 1.9671 4.7353 
15.0000 2.0000 1.0000 -4.0000 1.0000 -6.6000 8 1.0000 1.0000 1.4960 -6.0000 2.0000 6.0000 -14.0000 -2.0000 -10.0000 0.5000 0.5000 0.5000 0.5000 0.5000 2.5000 1.7686 4.5257 
15.0000 40.0000 1.0000 0.0000 0.0000 3.3000 2 -1.0000 1.0000 2.7530 -10.0000 -2.0000 6.0000 -6.0000 10.0000 2.0000 0.5792 0.7744 0.4161 0.3342 0.3960 2.4999 1.8385 4.5924 
15.0000 8.0000 1.0000 -4.0000 0.0000 -9.9000 8 1.0000 1.0000 4.1760 2.0000 -6.0000 -14.0000 -2.0000 -10.0000 6.0000 0.5640 0.4437 0.3211 0.4158 0.7608 2.5054 1.9239 4.6814 
15.0000 18.0000 1.0000 -2.0000 1.0000 0.0000 2 -1.0000 0.0000 4.0460 4.0000 -8.0000 -12.0000 8.0000 -4.0000 0.0000 0.5000 0.5000 0.5000 0.5000 0.5000 2.5000 1.8337 4.5758 
15.0000 7.0000 1.0000 -4.0000 1.0000 9.9000 2 -1.0000 1.0000 1.6970 2.0000 -6.0000 -10.0000 -2.0000 -14.0000 6.0000 0.5000 0.5000 0.5000 0.5000 0.5000 2.5000 1.9761 4.7260 
15.0000 4.0000 1.0000 -4.0000 1.0000 0.0000 2 -1.0000 0.0000 4.9830 -14.0000 -2.0000 2.0000 -6.0000 6.0000 -10.0000 0.5000 0.5000 0.5000 0.5000 0.5000 2.5000 1.8675 4.6258 
15.0000 39.0000 1.0000 0.0000 0.0000 0.0000 8 1.0000 0.0000 4.1110 10.0000 -2.0000 -10.0000 2.0000 -6.0000 6.0000 0.6429 0.4847 0.5303 0.3728 0.4618 2.4926 1.8529 4.6017 
15.0000 43.0000 1.0000 2.0000 1.0000 -9.9000 8 1.0000 1.0000 1.2730 12.0000 0.0000 -8.0000 4.0000 -4.0000 8.0000 0.5000 0.5000 0.5000 0.5000 0.5000 2.5000 1.9360 4.6926 
15.0000 38.0000 1.0000 0.0000 0.0000 -3.3000 8 1.0000 1.0000 1.2710 -10.0000 -2.0000 10.0000 -6.0000 6.0000 2.0000 0.3154 0.6210 0.4605 0.3459 0.7522 2.4950 1.7537 4.5042 
15.0000 6.0000 1.0000 -4.0000 1.0000 6.6000 2 -1.0000 1.0000 2.8700 6.0000 -2.0000 -14.0000 2.0000 -10.0000 -6.0000 0.5000 0.5000 0.5000 0.5000 0.5000 2.5000 1.8637 4.6092 
15.0000 52.0000 1.0000 2.0000 0.0000 -3.3000 2 -1.0000 0.0000 4.3340 8.0000 0.0000 -4.0000 4.0000 -8.0000 12.0000 0.3676 0.3399 0.4280 0.7212 0.6404 2.4971 1.8445 4.5896 
15.0000 29.0000 1.0000 0.0000 1.0000 -9.9000 8 1.0000 1.0000 2.6100 -6.0000 2.0000 10.0000 -2.0000 6.0000 -10.0000 0.5000 0.5000 0.5000 0.5000 0.5000 2.5000 1.8645 4.6093 
15.0000 28.0000 1.0000 -2.0000 0.0000 9.9000 2 -1.0000 1.0000 1.6970 8.0000 -4.0000 -8.0000 0.0000 -12.0000 4.0000 0.7322 0.4154 0.3307 0.3949 0.6170 2.4902 1.9108 4.6661 
15.0000 56.0000 1.0000 2.0000 0.0000 9.9000 2 -1.0000 1.0000 1.7550 12.0000 4.0000 -8.0000 8.0000 -4.0000 0.0000 0.4031 0.5549 0.3607 0.7813 0.3955 2.4955 1.9828 4.7383 
15.0000 49.0000 1.0000 2.0000 1.0000 9.9000 2 -1.0000 1.0000 4.0190 -4.0000 4.0000 12.0000 0.0000 8.0000 -8.0000 0.5000 0.5000 0.5000 0.5000 0.5000 2.5000 1.8049 4.5592 
15.0000 3.0000 1.0000 -4.0000 1.0000 -3.3000 8 1.0000 1.0000 3.8420 2.0000 -6.0000 -14.0000 -2.0000 -10.0000 6.0000 0.5000 0.5000 0.5000 0.5000 0.5000 2.5000 1.8646 4.6092 
15.0000 51.0000 1.0000 2.0000 0.0000 -6.6000 8 1.0000 1.0000 1.4370 8.0000 -4.0000 -8.0000 12.0000 0.0000 4.0000 0.6559 0.3265 0.6318 0.5115 0.3663 2.4920 1.8196 4.5513 
15.0000 47.0000 2.0000 2.0000 1.0000 3.3000 8 1.0000 0.0000 2.7050 4.0000 -4.0000 -8.0000 12.0000 0.0000 8.0000 0.5000 0.5000 0.5000 0.5000 0.5000 2.5000 1.9379 4.6924 
15.0000 55.0000 2.0000 2.0000 0.0000 6.6000 2 -1.0000 1.0000 2.1520 -8.0000 0.0000 8.0000 -4.0000 12.0000 4.0000 0.3056 0.7166 0.6155 0.4704 0.3966 2.5047 1.8133 4.5640 
15.0000 37.0000 2.0000 0.0000 0.0000 -6.6000 8 1.0000 1.0000 2.3040 -6.0000 2.0000 10.0000 -2.0000 6.0000 -10.0000 0.3386 0.5058 0.3876 0.5790 0.6940 2.5049 1.9859 4.7308 
15.0000 64.0000 2.0000 4.0000 0.0000 -9.9000 8 1.0000 1.0000 2.8040 -2.0000 6.0000 14.0000 2.0000 10.0000 -6.0000 0.5605 0.5230 0.3133 0.3952 0.7016 2.4937 1.7936 4.5361 
15.0000 17.0000 2.0000 -2.0000 1.0000 -3.3000 8 1.0000 1.0000 1.2410 -4.0000 4.0000 8.0000 -12.0000 0.0000 -8.0000 0.5000 0.5000 0.5000 0.5000 0.5000 2.5000 1.9592 4.7091 
15.0000 18.0000 2.0000 -2.0000 1.0000 0.0000 2 -1.0000 0.0000 2.0880 -12.0000 0.0000 4.0000 -4.0000 8.0000 -8.0000 0.5000 0.5000 0.5000 0.5000 0.5000 2.5000 1.8810 4.6425 
15.0000 20.0000 2.0000 -2.0000 1.0000 6.6000 2 -1.0000 1.0000 3.2930 -8.0000 0.0000 4.0000 -4.0000 8.0000 -12.0000 0.5000 0.5000 0.5000 0.5000 0.5000 2.5000 1.8545 4.6091 
15.0000 58.0000 2.0000 4.0000 1.0000 -6.6000 8 1.0000 1.0000 1.7720 10.0000 -2.0000 -6.0000 14.0000 2.0000 6.0000 0.5000 0.5000 0.5000 0.5000 0.5000 2.5000 1.8792 4.6260 
15.0000 29.0000 2.0000 0.0000 1.0000 -9.9000 8 1.0000 1.0000 1.6440 -10.0000 2.0000 6.0000 -2.0000 10.0000 -6.0000 0.5000 0.5000 0.5000 0.5000 0.5000 2.5000 1.9398 4.6925 
15.0000 7.0000 2.0000 -4.0000 1.0000 9.9000 2 -1.0000 1.0000 2.4410 -14.0000 -2.0000 6.0000 -6.0000 2.0000 -10.0000 0.5000 0.5000 0.5000 0.5000 0.5000 2.5000 1.7591 4.5091 
15.0000 30.0000 2.0000 0.0000 1.0000 -6.6000 8 1.0000 1.0000 2.6700 -6.0000 2.0000 10.0000 -2.0000 6.0000 -10.0000 0.5000 0.5000 0.5000 0.5000 0.5000 2.5000 1.9764 4.7261 
15.0000 61.0000 2.0000 4.0000 1.0000 3.3000 2 -1.0000 1.0000 3.4530 -6.0000 6.0000 14.0000 2.0000 10.0000 -2.0000 0.5000 0.5000 0.5000 0.5000 0.5000 2.5000 1.8491 4.5926 
15.0000 43.0000 2.0000 2.0000 1.0000 -9.9000 8 1.0000 1.0000 1.4230 12.0000 4.0000 -4.0000 8.0000 -8.0000 0.0000 0.5000 0.5000 0.5000 0.5000 0.5000 2.5000 1.7647 4.5258 
15.0000 52.0000 2.0000 2.0000 0.0000 -3.3000 8 1.0000 1.0000 1.3970 12.0000 0.0000 -4.0000 4.0000 -8.0000 8.0000 0.3866 0.5584 0.5235 0.5702 0.4557 2.4943 1.9466 4.7037 
15.0000 68.0000 2.0000 4.0000 0.0000 3.3000 2 -1.0000 1.0000 4.1060 -6.0000 2.0000 14.0000 -2.0000 10.0000 6.0000 0.6286 0.3407 0.4651 0.6548 0.4047 2.4939 1.9977 4.7533 
15.0000 4.0000 2.0000 -4.0000 1.0000 0.0000 2 -1.0000 0.0000 1.4840 -10.0000 -2.0000 6.0000 -6.0000 2.0000 -14.0000 0.5000 0.5000 0.5000 0.5000 0.5000 2.5000 1.9230 4.6758 
15.0000 16.0000 2.0000 -2.0000 1.0000 -6.6000 8 1.0000 1.0000 1.5670 -8.0000 0.0000 4.0000 -4.0000 8.0000 -12.0000 0.5000 0.5000 0.5000 0.5000 0.5000 2.5000 1.9926 4.7426 
15.0000 45.0000 2.0000 2.0000 1.0000 -3.3000 8 1.0000 1.0000 4.5440 -8.0000 0.0000 8.0000 -4.0000 12.0000 4.0000 0.5000 0.5000 0.5000 0.5000 0.5000 2.5000 1.9568 4.7092 
15.0000 54.0000 2.0000 2.0000 0.0000 3.3000 NR 0.0000 0.0000 0.0000 -8.0000 0.0000 12.0000 -4.0000 8.0000 4.0000 0.7125 0.5426 0.4903 0.3307 0.4273 2.5034 1.8020 4.5459 
15.0000 28.0000 2.0000 -2.0000 0.0000 9.9000 2 -1.0000 1.0000 1.0980 -4.0000 4.0000 8.0000 -12.0000 0.0000 -8.0000 0.3518 0.4029 0.3472 0.6624 0.7305 2.4949 1.7933 4.5374 
15.0000 6.0000 2.0000 -4.0000 1.0000 6.6000 2 -1.0000 1.0000 1.1470 -2.0000 -10.0000 -14.0000 6.0000 -6.0000 2.0000 0.5000 0.5000 0.5000 0.5000 0.5000 2.5000 1.7795 4.5425 
15.0000 63.0000 2.0000 4.0000 1.0000 9.9000 2 -1.0000 1.0000 4.5820 14.0000 2.0000 -6.0000 6.0000 -2.0000 10.0000 0.5000 0.5000 0.5000 0.5000 0.5000 2.5000 1.9027 4.6593 
15.0000 2.0000 2.0000 -4.0000 1.0000 -6.6000 NR 0.0000 0.0000 0.0000 6.0000 -6.0000 -14.0000 -2.0000 -10.0000 2.0000 0.5000 0.5000 0.5000 0.5000 0.5000 2.5000 1.8249 4.5758 
15.0000 26.0000 2.0000 -2.0000 0.0000 3.3000 NR 0.0000 0.0000 0.0000 8.0000 0.0000 -12.0000 4.0000 -8.0000 -4.0000 0.5078 0.3933 0.4364 0.6781 0.4831 2.4986 1.7685 4.5245 
15.0000 65.0000 2.0000 4.0000 0.0000 -6.6000 2 -1.0000 0.0000 2.4080 -6.0000 6.0000 14.0000 2.0000 10.0000 -2.0000 0.4564 0.5173 0.3823 0.6697 0.4656 2.4912 1.8459 4.5836 
15.0000 53.0000 2.0000 2.0000 0.0000 0.0000 2 -1.0000 0.0000 4.2360 12.0000 4.0000 -4.0000 8.0000 -8.0000 0.0000 0.3741 0.6659 0.4276 0.5839 0.4544 2.5060 1.8211 4.5651 
15.0000 21.0000 2.0000 -2.0000 1.0000 9.9000 2 -1.0000 1.0000 1.7800 -12.0000 0.0000 4.0000 -4.0000 8.0000 -8.0000 0.5000 0.5000 0.5000 0.5000 0.5000 2.5000 1.8326 4.5925 
15.0000 8.0000 2.0000 -4.0000 0.0000 -9.9000 8 1.0000 1.0000 3.9900 -10.0000 -2.0000 2.0000 -6.0000 6.0000 -14.0000 0.6242 0.4186 0.4998 0.5897 0.3754 2.5077 1.8635 4.6336 
15.0000 51.0000 2.0000 2.0000 0.0000 -6.6000 8 1.0000 1.0000 1.2200 0.0000 8.0000 12.0000 -8.0000 4.0000 -4.0000 0.6581 0.3759 0.4871 0.5270 0.4594 2.5075 1.7915 4.5500 
15.0000 14.0000 2.0000 -4.0000 0.0000 9.9000 8 1.0000 0.0000 2.9150 6.0000 -6.0000 -14.0000 -2.0000 -10.0000 2.0000 0.5037 0.4026 0.7336 0.3617 0.5030 2.5047 1.8668 4.6305 
15.0000 12.0000 2.0000 -4.0000 0.0000 3.3000 NR 0.0000 0.0000 0.0000 -6.0000 2.0000 6.0000 -14.0000 -2.0000 -10.0000 0.3254 0.4645 0.6323 0.4308 0.6475 2.5004 1.7910 4.5429 
15.0000 5.0000 2.0000 -4.0000 1.0000 3.3000 2 -1.0000 1.0000 1.2000 2.0000 -6.0000 -10.0000 -2.0000 -14.0000 6.0000 0.5000 0.5000 0.5000 0.5000 0.5000 2.5000 1.9909 4.7426 
15.0000 31.0000 2.0000 0.0000 1.0000 -3.3000 8 1.0000 1.0000 1.5800 6.0000 -2.0000 -6.0000 2.0000 -10.0000 10.0000 0.5000 0.5000 0.5000 0.5000 0.5000 2.5000 1.9936 4.7426 
15.0000 42.0000 2.0000 0.0000 0.0000 9.9000 2 -1.0000 1.0000 1.3110 -6.0000 2.0000 10.0000 -2.0000 6.0000 -10.0000 0.7727 0.3159 0.5051 0.5510 0.3563 2.5011 1.9260 4.6771 
15.0000 69.0000 2.0000 4.0000 0.0000 6.6000 2 -1.0000 1.0000 4.3400 -6.0000 6.0000 10.0000 2.0000 14.0000 -2.0000 0.3135 0.5489 0.3535 0.7571 0.5249 2.4978 1.8158 4.5737 
15.0000 40.0000 2.0000 0.0000 0.0000 3.3000 2 -1.0000 1.0000 4.1770 -10.0000 2.0000 6.0000 -2.0000 10.0000 -6.0000 0.3912 0.6071 0.3063 0.7802 0.4159 2.5008 1.8371 4.5934 
15.0000 46.0000 2.0000 2.0000 1.0000 0.0000 8 1.0000 0.0000 3.4210 -4.0000 4.0000 12.0000 0.0000 8.0000 -8.0000 0.5000 0.5000 0.5000 0.5000 0.5000 2.5000 1.7997 4.5592 
15.0000 41.0000 2.0000 0.0000 0.0000 6.6000 8 1.0000 0.0000 4.7750 -10.0000 -2.0000 10.0000 -6.0000 6.0000 2.0000 0.6373 0.5705 0.4772 0.3717 0.4480 2.5047 1.8295 4.5805 
15.0000 27.0000 2.0000 -2.0000 0.0000 6.6000 2 -1.0000 1.0000 2.7100 -12.0000 0.0000 4.0000 -4.0000 8.0000 -8.0000 0.5770 0.6842 0.4799 0.3475 0.4136 2.5022 1.9616 4.7115 
15.0000 13.0000 2.0000 -4.0000 0.0000 6.6000 2 -1.0000 1.0000 1.1860 -14.0000 -6.0000 6.0000 -10.0000 2.0000 -2.0000 0.5490 0.4587 0.7835 0.3916 0.3098 2.4926 1.7685 4.5019 
15.0000 66.0000 2.0000 4.0000 0.0000 -3.3000 8 1.0000 1.0000 1.2070 -6.0000 2.0000 10.0000 -2.0000 14.0000 6.0000 0.3461 0.5124 0.3116 0.6405 0.6910 2.5016 1.9856 4.7442 
15.0000 39.0000 2.0000 0.0000 0.0000 0.0000 2 -1.0000 0.0000 3.2630 10.0000 -2.0000 -10.0000 2.0000 -6.0000 6.0000 0.6521 0.4492 0.4820 0.5546 0.3563 2.4943 1.8922 4.6369 
15.0000 50.0000 2.0000 2.0000 0.0000 -9.9000 8 1.0000 1.0000 1.2540 8.0000 -4.0000 -8.0000 12.0000 0.0000 4.0000 0.3375 0.6182 0.7584 0.4159 0.3625 2.4925 1.8866 4.6350 
15.0000 35.0000 2.0000 0.0000 1.0000 9.9000 NR 0.0000 0.0000 0.0000 6.0000 -2.0000 -10.0000 2.0000 -6.0000 10.0000 0.5000 0.5000 0.5000 0.5000 0.5000 2.5000 1.8788 4.6260 
15.0000 1.0000 2.0000 -4.0000 1.0000 -9.9000 8 1.0000 1.0000 1.8900 6.0000 -6.0000 -10.0000 -2.0000 -14.0000 2.0000 0.5000 0.5000 0.5000 0.5000 0.5000 2.5000 1.9408 4.6925 
15.0000 10.0000 2.0000 -4.0000 0.0000 -3.3000 8 1.0000 1.0000 3.7100 -10.0000 -2.0000 2.0000 -6.0000 6.0000 -14.0000 0.6718 0.3883 0.4454 0.5438 0.4500 2.4993 1.9316 4.6752 
15.0000 15.0000 2.0000 -2.0000 1.0000 -9.9000 8 1.0000 1.0000 1.4390 4.0000 -4.0000 -12.0000 0.0000 -8.0000 8.0000 0.5000 0.5000 0.5000 0.5000 0.5000 2.5000 1.9941 4.7428 
15.0000 49.0000 2.0000 2.0000 1.0000 9.9000 2 -1.0000 1.0000 2.2900 0.0000 8.0000 12.0000 -8.0000 4.0000 -4.0000 0.5000 0.5000 0.5000 0.5000 0.5000 2.5000 1.8215 4.5591 
15.0000 33.0000 2.0000 0.0000 1.0000 3.3000 2 -1.0000 1.0000 2.5510 6.0000 -2.0000 -6.0000 2.0000 -10.0000 10.0000 0.5000 0.5000 0.5000 0.5000 0.5000 2.5000 1.9415 4.6924 
15.0000 34.0000 2.0000 0.0000 1.0000 6.6000 2 -1.0000 1.0000 2.7810 -10.0000 -2.0000 10.0000 -6.0000 6.0000 2.0000 0.5000 0.5000 0.5000 0.5000 0.5000 2.5000 1.7680 4.5258 
15.0000 3.0000 2.0000 -4.0000 1.0000 -3.3000 8 1.0000 1.0000 2.1660 -14.0000 -2.0000 2.0000 -6.0000 6.0000 -10.0000 0.5000 0.5000 0.5000 0.5000 0.5000 2.5000 1.9013 4.6593 
15.0000 44.0000 2.0000 2.0000 1.0000 -6.6000 8 1.0000 1.0000 2.1900 -8.0000 0.0000 12.0000 -4.0000 8.0000 4.0000 0.5000 0.5000 0.5000 0.5000 0.5000 2.5000 1.7921 4.5424 
15.0000 9.0000 2.0000 -4.0000 0.0000 -6.6000 8 1.0000 1.0000 1.3190 2.0000 -6.0000 -14.0000 -2.0000 -10.0000 6.0000 0.5776 0.3328 0.3801 0.4625 0.7524 2.5054 1.8722 4.6314 
15.0000 24.0000 2.0000 -2.0000 0.0000 -3.3000 8 1.0000 1.0000 1.0930 -8.0000 4.0000 8.0000 -12.0000 0.0000 -4.0000 0.6954 0.3401 0.6215 0.4788 0.3600 2.4958 1.9035 4.6385 
15.0000 36.0000 2.0000 0.0000 0.0000 -9.9000 8 1.0000 1.0000 2.5870 -10.0000 -2.0000 10.0000 -6.0000 6.0000 2.0000 0.4068 0.6378 0.5134 0.3512 0.5974 2.5065 1.8683 4.6158 
15.0000 59.0000 2.0000 4.0000 1.0000 -3.3000 8 1.0000 1.0000 1.0870 -2.0000 6.0000 10.0000 2.0000 14.0000 -6.0000 0.5000 0.5000 0.5000 0.5000 0.5000 2.5000 1.8272 4.5758 
15.0000 32.0000 2.0000 0.0000 1.0000 0.0000 8 1.0000 0.0000 2.4190 -6.0000 6.0000 10.0000 -10.0000 2.0000 -2.0000 0.5000 0.5000 0.5000 0.5000 0.5000 2.5000 1.9243 4.6759 
15.0000 67.0000 2.0000 4.0000 0.0000 0.0000 8 1.0000 0.0000 3.8470 14.0000 2.0000 -6.0000 6.0000 -2.0000 10.0000 0.7635 0.4595 0.3866 0.4654 0.4346 2.5096 1.7652 4.5355 
15.0000 62.0000 2.0000 4.0000 1.0000 6.6000 2 -1.0000 1.0000 1.9330 -6.0000 2.0000 14.0000 -2.0000 10.0000 6.0000 0.5000 0.5000 0.5000 0.5000 0.5000 2.5000 1.9058 4.6593 
15.0000 38.0000 2.0000 0.0000 0.0000 -3.3000 8 1.0000 1.0000 2.8190 -10.0000 2.0000 10.0000 -2.0000 6.0000 -6.0000 0.5950 0.7189 0.3013 0.5510 0.3283 2.4945 1.8930 4.6370 
15.0000 19.0000 2.0000 -2.0000 1.0000 3.3000 2 -1.0000 1.0000 2.0780 -8.0000 0.0000 4.0000 -4.0000 8.0000 -12.0000 0.5000 0.5000 0.5000 0.5000 0.5000 2.5000 1.7591 4.5092 
15.0000 23.0000 2.0000 -2.0000 0.0000 -6.6000 NR 0.0000 0.0000 0.0000 -12.0000 0.0000 4.0000 -4.0000 8.0000 -8.0000 0.5761 0.7881 0.3258 0.4914 0.3212 2.5026 1.9089 4.6619 
15.0000 48.0000 2.0000 2.0000 1.0000 6.6000 2 -1.0000 1.0000 2.1690 8.0000 0.0000 -8.0000 4.0000 -4.0000 12.0000 0.5000 0.5000 0.5000 0.5000 0.5000 2.5000 1.9780 4.7260 
15.0000 60.0000 2.0000 4.0000 1.0000 0.0000 2 -1.0000 0.0000 2.7810 -2.0000 6.0000 10.0000 2.0000 14.0000 -6.0000 0.5000 0.5000 0.5000 0.5000 0.5000 2.5000 1.8301 4.5926 
15.0000 25.0000 2.0000 -2.0000 0.0000 0.0000 2 -1.0000 0.0000 1.3300 4.0000 -8.0000 -12.0000 8.0000 -4.0000 0.0000 0.6308 0.6977 0.5145 0.3044 0.3460 2.4934 1.8378 4.5859 
15.0000 70.0000 2.0000 4.0000 0.0000 9.9000 2 -1.0000 1.0000 3.5720 -6.0000 2.0000 14.0000 -2.0000 10.0000 6.0000 0.4119 0.7905 0.3026 0.5482 0.4522 2.5054 1.9264 4.6812 
15.0000 11.0000 2.0000 -4.0000 0.0000 0.0000 8 1.0000 0.0000 2.9030 -14.0000 -6.0000 6.0000 -10.0000 2.0000 -2.0000 0.3996 0.3422 0.6308 0.6951 0.4249 2.4926 1.8298 4.5686 
15.0000 57.0000 2.0000 4.0000 1.0000 -9.9000 8 1.0000 1.0000 1.3550 10.0000 -2.0000 -6.0000 14.0000 2.0000 6.0000 0.5000 0.5000 0.5000 0.5000 0.5000 2.5000 1.9249 4.6760 
15.0000 22.0000 2.0000 -2.0000 0.0000 -9.9000 8 1.0000 1.0000 1.2400 -8.0000 0.0000 4.0000 -4.0000 8.0000 -12.0000 0.3677 0.3947 0.7060 0.3160 0.7099 2.4943 1.9019 4.6370 
15.0000 56.0000 2.0000 2.0000 0.0000 9.9000 2 -1.0000 1.0000 2.4820 -8.0000 4.0000 8.0000 0.0000 12.0000 -4.0000 0.6098 0.4707 0.6835 0.3988 0.3316 2.4944 1.8722 4.6036 
15.0000 1.0000 3.0000 -4.0000 1.0000 -9.9000 8 1.0000 1.0000 2.0750 -10.0000 2.0000 6.0000 -14.0000 -2.0000 -6.0000 0.5000 0.5000 0.5000 0.5000 0.5000 2.5000 1.7882 4.5426 
15.0000 42.0000 3.0000 0.0000 0.0000 9.9000 2 -1.0000 1.0000 3.4800 -10.0000 -2.0000 6.0000 -6.0000 10.0000 2.0000 0.6069 0.5431 0.3972 0.6326 0.3115 2.4914 1.9791 4.7175 
15.0000 41.0000 3.0000 0.0000 0.0000 6.6000 2 -1.0000 1.0000 3.6110 6.0000 -2.0000 -10.0000 2.0000 -6.0000 10.0000 0.7208 0.4159 0.3528 0.6663 0.3492 2.5051 1.7891 4.5309 
15.0000 69.0000 3.0000 4.0000 0.0000 6.6000 2 -1.0000 1.0000 2.1730 10.0000 2.0000 -2.0000 6.0000 -6.0000 14.0000 0.5465 0.4298 0.3291 0.6316 0.5714 2.5085 1.7899 4.5510 
15.0000 36.0000 3.0000 0.0000 0.0000 -9.9000 8 1.0000 1.0000 2.4200 -2.0000 6.0000 10.0000 -10.0000 2.0000 -6.0000 0.3476 0.7589 0.3516 0.6665 0.3809 2.5055 1.7672 4.5314 
15.0000 48.0000 3.0000 2.0000 1.0000 6.6000 2 -1.0000 1.0000 1.6970 -8.0000 4.0000 8.0000 0.0000 12.0000 -4.0000 0.5000 0.5000 0.5000 0.5000 0.5000 2.5000 1.9155 4.6758 
15.0000 40.0000 3.0000 0.0000 0.0000 3.3000 2 -1.0000 1.0000 2.5030 -10.0000 -2.0000 6.0000 -6.0000 10.0000 2.0000 0.3998 0.5519 0.6347 0.5081 0.4094 2.5039 1.8697 4.6299 
15.0000 68.0000 3.0000 4.0000 0.0000 3.3000 2 -1.0000 1.0000 3.4080 -2.0000 10.0000 14.0000 -6.0000 6.0000 2.0000 0.3658 0.4039 0.6063 0.7424 0.3911 2.5093 1.9912 4.7520 
15.0000 39.0000 3.0000 0.0000 0.0000 0.0000 8 1.0000 0.0000 1.5920 10.0000 -2.0000 -10.0000 2.0000 -6.0000 6.0000 0.4268 0.3955 0.6156 0.5720 0.4944 2.5044 1.9548 4.6969 
15.0000 16.0000 3.0000 -2.0000 1.0000 -6.6000 8 1.0000 1.0000 4.0050 8.0000 0.0000 -12.0000 4.0000 -8.0000 -4.0000 0.5000 0.5000 0.5000 0.5000 0.5000 2.5000 1.7949 4.5426 
15.0000 2.0000 3.0000 -4.0000 1.0000 -6.6000 8 1.0000 1.0000 4.5320 2.0000 -10.0000 -14.0000 6.0000 -6.0000 -2.0000 0.5000 0.5000 0.5000 0.5000 0.5000 2.5000 1.8662 4.6260 
15.0000 15.0000 3.0000 -2.0000 1.0000 -9.9000 8 1.0000 1.0000 2.0520 -8.0000 0.0000 4.0000 -4.0000 8.0000 -12.0000 0.5000 0.5000 0.5000 0.5000 0.5000 2.5000 1.7955 4.5424 
15.0000 34.0000 3.0000 0.0000 1.0000 6.6000 2 -1.0000 1.0000 3.7350 -6.0000 6.0000 10.0000 -10.0000 2.0000 -2.0000 0.5000 0.5000 0.5000 0.5000 0.5000 2.5000 1.9806 4.7258 
15.0000 49.0000 3.0000 2.0000 1.0000 9.9000 2 -1.0000 1.0000 2.5120 12.0000 0.0000 -4.0000 4.0000 -8.0000 8.0000 0.5000 0.5000 0.5000 0.5000 0.5000 2.5000 1.9369 4.6924 
15.0000 58.0000 3.0000 4.0000 1.0000 -6.6000 8 1.0000 1.0000 1.7470 10.0000 2.0000 -6.0000 6.0000 -2.0000 14.0000 0.5000 0.5000 0.5000 0.5000 0.5000 2.5000 1.9196 4.6758 
15.0000 30.0000 3.0000 0.0000 1.0000 -6.6000 8 1.0000 1.0000 1.4920 6.0000 -2.0000 -6.0000 2.0000 -10.0000 10.0000 0.5000 0.5000 0.5000 0.5000 0.5000 2.5000 1.9551 4.7092 
15.0000 28.0000 3.0000 -2.0000 0.0000 9.9000 2 -1.0000 1.0000 1.7840 8.0000 -4.0000 -8.0000 0.0000 -12.0000 4.0000 0.5493 0.3907 0.7135 0.4065 0.4368 2.4968 1.9439 4.6896 
15.0000 31.0000 3.0000 0.0000 1.0000 -3.3000 8 1.0000 1.0000 1.3290 10.0000 -2.0000 -6.0000 2.0000 -10.0000 6.0000 0.5000 0.5000 0.5000 0.5000 0.5000 2.5000 1.8987 4.6591 
15.0000 63.0000 3.0000 4.0000 1.0000 9.9000 2 -1.0000 1.0000 3.9230 6.0000 -2.0000 -6.0000 14.0000 2.0000 10.0000 0.5000 0.5000 0.5000 0.5000 0.5000 2.5000 1.9317 4.6926 
15.0000 64.0000 3.0000 4.0000 0.0000 -9.9000 8 1.0000 1.0000 1.3790 14.0000 6.0000 -2.0000 10.0000 -6.0000 2.0000 0.4788 0.4090 0.3264 0.6557 0.6231 2.4930 1.7623 4.5021 
15.0000 22.0000 3.0000 -2.0000 0.0000 -9.9000 8 1.0000 1.0000 1.0990 8.0000 -4.0000 -8.0000 0.0000 -12.0000 4.0000 0.5396 0.4776 0.6278 0.4152 0.4455 2.5057 1.9352 4.6981 
15.0000 53.0000 3.0000 2.0000 0.0000 0.0000 8 1.0000 0.0000 1.5900 8.0000 0.0000 -8.0000 4.0000 -4.0000 12.0000 0.6276 0.4338 0.6990 0.4127 0.3279 2.5010 1.9767 4.7269 
15.0000 9.0000 3.0000 -4.0000 0.0000 -6.6000 8 1.0000 1.0000 3.5250 6.0000 -6.0000 -14.0000 -2.0000 -10.0000 2.0000 0.5073 0.3819 0.5691 0.4491 0.5899 2.4972 1.7540 4.5064 
15.0000 26.0000 3.0000 -2.0000 0.0000 3.3000 2 -1.0000 1.0000 1.9920 8.0000 -4.0000 -8.0000 0.0000 -12.0000 4.0000 0.3449 0.6505 0.7721 0.3905 0.3357 2.4936 1.9346 4.6694 
15.0000 70.0000 3.0000 4.0000 0.0000 9.9000 2 -1.0000 1.0000 4.5500 -6.0000 6.0000 10.0000 2.0000 14.0000 -2.0000 0.6378 0.3205 0.6400 0.4938 0.4016 2.4936 1.8676 4.6028 
15.0000 12.0000 3.0000 -4.0000 0.0000 3.3000 2 -1.0000 1.0000 2.2830 -10.0000 -2.0000 6.0000 -6.0000 2.0000 -14.0000 0.6036 0.5375 0.3482 0.4355 0.5762 2.5010 1.9284 4.6936 
15.0000 8.0000 3.0000 -4.0000 0.0000 -9.9000 8 1.0000 1.0000 3.2540 2.0000 -10.0000 -14.0000 6.0000 -6.0000 -2.0000 0.6295 0.3245 0.6641 0.5565 0.3272 2.5019 1.7941 4.5444 
15.0000 56.0000 3.0000 2.0000 0.0000 9.9000 2 -1.0000 1.0000 3.0520 -8.0000 0.0000 12.0000 -4.0000 8.0000 4.0000 0.4894 0.7141 0.4318 0.4940 0.3748 2.5043 1.8693 4.6301 
15.0000 7.0000 3.0000 -4.0000 1.0000 9.9000 2 -1.0000 1.0000 1.2360 -14.0000 -2.0000 2.0000 -6.0000 6.0000 -10.0000 0.5000 0.5000 0.5000 0.5000 0.5000 2.5000 1.8661 4.6092 
15.0000 10.0000 3.0000 -4.0000 0.0000 -3.3000 2 -1.0000 0.0000 2.8850 -14.0000 -2.0000 2.0000 -6.0000 6.0000 -10.0000 0.6846 0.4209 0.3233 0.5683 0.4943 2.4914 1.9420 4.6840 
15.0000 45.0000 3.0000 2.0000 1.0000 -3.3000 8 1.0000 1.0000 1.5460 -8.0000 4.0000 12.0000 0.0000 8.0000 -4.0000 0.5000 0.5000 0.5000 0.5000 0.5000 2.5000 1.8844 4.6260 
15.0000 66.0000 3.0000 4.0000 0.0000 -3.3000 8 1.0000 1.0000 2.7150 10.0000 -2.0000 -6.0000 14.0000 2.0000 6.0000 0.3172 0.7865 0.3269 0.6189 0.4589 2.5085 1.7641 4.5177 
15.0000 19.0000 3.0000 -2.0000 1.0000 3.3000 2 -1.0000 1.0000 1.6190 -12.0000 -4.0000 4.0000 -8.0000 8.0000 0.0000 0.5000 0.5000 0.5000 0.5000 0.5000 2.5000 1.8197 4.5757 
15.0000 51.0000 3.0000 2.0000 0.0000 -6.6000 8 1.0000 1.0000 1.1600 8.0000 -4.0000 -8.0000 12.0000 0.0000 4.0000 0.3731 0.5948 0.4835 0.3053 0.7474 2.5041 1.9233 4.6801 
15.0000 6.0000 3.0000 -4.0000 1.0000 6.6000 2 -1.0000 1.0000 2.1630 6.0000 -6.0000 -14.0000 -2.0000 -10.0000 2.0000 0.5000 0.5000 0.5000 0.5000 0.5000 2.5000 1.8752 4.6259 
15.0000 11.0000 3.0000 -4.0000 0.0000 0.0000 2 -1.0000 0.0000 1.9060 -6.0000 2.0000 6.0000 -14.0000 -2.0000 -10.0000 0.6062 0.5379 0.4893 0.4155 0.4474 2.4962 1.8024 4.5553 
15.0000 38.0000 3.0000 0.0000 0.0000 -3.3000 8 1.0000 1.0000 4.3000 6.0000 -2.0000 -6.0000 2.0000 -10.0000 10.0000 0.3491 0.5547 0.4385 0.5540 0.6129 2.5092 1.7893 4.5518 
15.0000 13.0000 3.0000 -4.0000 0.0000 6.6000 2 -1.0000 1.0000 1.7200 2.0000 -6.0000 -10.0000 -2.0000 -14.0000 6.0000 0.3346 0.4920 0.7901 0.3385 0.5503 2.5055 1.8642 4.6147 
15.0000 59.0000 3.0000 4.0000 1.0000 -3.3000 8 1.0000 1.0000 1.4430 10.0000 2.0000 -2.0000 6.0000 -6.0000 14.0000 0.5000 0.5000 0.5000 0.5000 0.5000 2.5000 1.9058 4.6592 
15.0000 47.0000 3.0000 2.0000 1.0000 3.3000 8 1.0000 0.0000 3.7600 -4.0000 4.0000 8.0000 0.0000 12.0000 -8.0000 0.5000 0.5000 0.5000 0.5000 0.5000 2.5000 1.7785 4.5259 
15.0000 44.0000 3.0000 2.0000 1.0000 -6.6000 8 1.0000 1.0000 3.5810 12.0000 0.0000 -8.0000 4.0000 -4.0000 8.0000 0.5000 0.5000 0.5000 0.5000 0.5000 2.5000 1.9955 4.7592 
15.0000 18.0000 3.0000 -2.0000 1.0000 0.0000 8 1.0000 0.0000 4.5730 -12.0000 0.0000 8.0000 -4.0000 4.0000 -8.0000 0.5000 0.5000 0.5000 0.5000 0.5000 2.5000 1.9596 4.7093 
15.0000 65.0000 3.0000 4.0000 0.0000 -6.6000 8 1.0000 1.0000 1.5400 -6.0000 2.0000 14.0000 -2.0000 10.0000 6.0000 0.4501 0.4033 0.5560 0.7411 0.3509 2.5013 1.9180 4.6772 
15.0000 67.0000 3.0000 4.0000 0.0000 0.0000 8 1.0000 0.0000 4.3520 14.0000 2.0000 -2.0000 6.0000 -6.0000 10.0000 0.6308 0.3036 0.6147 0.4042 0.5526 2.5059 1.8900 4.6484 
15.0000 37.0000 3.0000 0.0000 0.0000 -6.6000 8 1.0000 1.0000 4.0800 -6.0000 6.0000 10.0000 -10.0000 2.0000 -2.0000 0.6549 0.4846 0.5440 0.4398 0.3732 2.4966 1.7805 4.5224 
15.0000 4.0000 3.0000 -4.0000 1.0000 0.0000 2 -1.0000 0.0000 1.3400 -14.0000 -6.0000 6.0000 -10.0000 2.0000 -2.0000 0.5000 0.5000 0.5000 0.5000 0.5000 2.5000 1.8995 4.6426 
15.0000 21.0000 3.0000 -2.0000 1.0000 9.9000 2 -1.0000 1.0000 0.8060 -12.0000 0.0000 4.0000 -4.0000 8.0000 -8.0000 0.5000 0.5000 0.5000 0.5000 0.5000 2.5000 1.7774 4.5259 
15.0000 52.0000 3.0000 2.0000 0.0000 -3.3000 NR 0.0000 0.0000 0.0000 -4.0000 4.0000 8.0000 0.0000 12.0000 -8.0000 0.5982 0.3021 0.3907 0.5011 0.7173 2.5095 1.8178 4.5854 
15.0000 20.0000 3.0000 -2.0000 1.0000 6.6000 2 -1.0000 1.0000 1.3100 -8.0000 0.0000 8.0000 -4.0000 4.0000 -12.0000 0.5000 0.5000 0.5000 0.5000 0.5000 2.5000 1.9312 4.6925 
15.0000 24.0000 3.0000 -2.0000 0.0000 -3.3000 8 1.0000 1.0000 2.2300 8.0000 0.0000 -12.0000 4.0000 -8.0000 -4.0000 0.7128 0.5995 0.3980 0.4666 0.3216 2.4985 1.8135 4.5578 
15.0000 3.0000 3.0000 -4.0000 1.0000 -3.3000 8 1.0000 1.0000 1.6420 -14.0000 -2.0000 6.0000 -6.0000 2.0000 -10.0000 0.5000 0.5000 0.5000 0.5000 0.5000 2.5000 1.7723 4.5257 
15.0000 25.0000 3.0000 -2.0000 0.0000 0.0000 8 1.0000 0.0000 3.0480 -12.0000 -4.0000 4.0000 -8.0000 8.0000 0.0000 0.5787 0.7065 0.3003 0.5682 0.3399 2.4936 1.9778 4.7196 
15.0000 29.0000 3.0000 0.0000 1.0000 -9.9000 8 1.0000 1.0000 0.8310 10.0000 2.0000 -6.0000 6.0000 -10.0000 -2.0000 0.5000 0.5000 0.5000 0.5000 0.5000 2.5000 1.8747 4.6259 
15.0000 23.0000 3.0000 -2.0000 0.0000 -6.6000 8 1.0000 1.0000 1.1650 -8.0000 0.0000 8.0000 -4.0000 4.0000 -12.0000 0.3117 0.7045 0.3596 0.6018 0.5145 2.4922 1.7828 4.5180 
15.0000 55.0000 3.0000 2.0000 0.0000 6.6000 2 -1.0000 1.0000 0.8760 -8.0000 4.0000 8.0000 0.0000 12.0000 -4.0000 0.6043 0.3825 0.6082 0.5278 0.3742 2.4970 1.8336 4.5727 
15.0000 43.0000 3.0000 2.0000 1.0000 -9.9000 8 1.0000 1.0000 1.2110 12.0000 0.0000 -8.0000 4.0000 -4.0000 8.0000 0.5000 0.5000 0.5000 0.5000 0.5000 2.5000 1.8275 4.5926 
15.0000 46.0000 3.0000 2.0000 1.0000 0.0000 2 -1.0000 0.0000 3.7760 -4.0000 4.0000 12.0000 0.0000 8.0000 -8.0000 0.5000 0.5000 0.5000 0.5000 0.5000 2.5000 1.9676 4.7258 
15.0000 50.0000 3.0000 2.0000 0.0000 -9.9000 8 1.0000 1.0000 1.0370 12.0000 4.0000 -4.0000 8.0000 -8.0000 0.0000 0.4379 0.3120 0.5003 0.6886 0.5613 2.5001 1.7993 4.5593 
15.0000 62.0000 3.0000 4.0000 1.0000 6.6000 2 -1.0000 1.0000 1.5840 -2.0000 6.0000 14.0000 2.0000 10.0000 -6.0000 0.5000 0.5000 0.5000 0.5000 0.5000 2.5000 1.8055 4.5591 
15.0000 17.0000 3.0000 -2.0000 1.0000 -3.3000 8 1.0000 1.0000 3.6680 -8.0000 0.0000 8.0000 -4.0000 4.0000 -12.0000 0.5000 0.5000 0.5000 0.5000 0.5000 2.5000 1.8971 4.6426 
15.0000 35.0000 3.0000 0.0000 1.0000 9.9000 2 -1.0000 1.0000 0.9690 -10.0000 -2.0000 6.0000 -6.0000 10.0000 2.0000 0.5000 0.5000 0.5000 0.5000 0.5000 2.5000 1.8542 4.6092 
15.0000 57.0000 3.0000 4.0000 1.0000 -9.9000 8 1.0000 1.0000 1.2140 10.0000 2.0000 -6.0000 6.0000 -2.0000 14.0000 0.5000 0.5000 0.5000 0.5000 0.5000 2.5000 1.8762 4.6258 
15.0000 27.0000 3.0000 -2.0000 0.0000 6.6000 2 -1.0000 1.0000 1.9160 0.0000 -8.0000 -12.0000 8.0000 -4.0000 4.0000 0.5245 0.6373 0.4223 0.3100 0.6104 2.5045 1.9943 4.7470 
15.0000 33.0000 3.0000 0.0000 1.0000 3.3000 2 -1.0000 1.0000 2.5500 10.0000 2.0000 -10.0000 6.0000 -6.0000 -2.0000 0.5000 0.5000 0.5000 0.5000 0.5000 2.5000 1.9172 4.6759 
15.0000 32.0000 3.0000 0.0000 1.0000 0.0000 2 -1.0000 0.0000 3.6780 2.0000 -6.0000 -10.0000 10.0000 -2.0000 6.0000 0.5000 0.5000 0.5000 0.5000 0.5000 2.5000 1.9581 4.7093 
15.0000 14.0000 3.0000 -4.0000 0.0000 9.9000 2 -1.0000 1.0000 1.0410 -10.0000 -2.0000 2.0000 -6.0000 6.0000 -14.0000 0.3759 0.7387 0.3299 0.6701 0.3798 2.4945 1.9678 4.7204 
15.0000 54.0000 3.0000 2.0000 0.0000 3.3000 2 -1.0000 1.0000 2.9090 -8.0000 0.0000 8.0000 -4.0000 12.0000 4.0000 0.3689 0.3957 0.5364 0.4444 0.7642 2.5096 1.7621 4.5189 
15.0000 5.0000 3.0000 -4.0000 1.0000 3.3000 2 -1.0000 1.0000 1.9870 -14.0000 -6.0000 6.0000 -10.0000 2.0000 -2.0000 0.5000 0.5000 0.5000 0.5000 0.5000 2.5000 1.8406 4.5924 
15.0000 60.0000 3.0000 4.0000 1.0000 0.0000 NR 0.0000 0.0000 0.0000 14.0000 2.0000 -2.0000 6.0000 -6.0000 10.0000 0.5000 0.5000 0.5000 0.5000 0.5000 2.5000 1.9016 4.6424 
15.0000 61.0000 3.0000 4.0000 1.0000 3.3000 2 -1.0000 1.0000 2.1790 10.0000 2.0000 -6.0000 6.0000 -2.0000 14.0000 0.5000 0.5000 0.5000 0.5000 0.5000 2.5000 1.7520 4.4926 
15.0000 21.0000 4.0000 -2.0000 1.0000 9.9000 2 -1.0000 1.0000 2.0900 -8.0000 0.0000 8.0000 -4.0000 4.0000 -12.0000 0.5000 0.5000 0.5000 0.5000 0.5000 2.5000 1.8820 4.6258 
15.0000 12.0000 4.0000 -4.0000 0.0000 3.3000 2 -1.0000 1.0000 1.5920 2.0000 -6.0000 -10.0000 -2.0000 -14.0000 6.0000 0.3922 0.6101 0.4646 0.4248 0.6040 2.4958 1.9488 4.6884 
15.0000 35.0000 4.0000 0.0000 1.0000 9.9000 2 -1.0000 1.0000 1.8550 -6.0000 2.0000 10.0000 -2.0000 6.0000 -10.0000 0.5000 0.5000 0.5000 0.5000 0.5000 2.5000 1.7867 4.5258 
15.0000 26.0000 4.0000 -2.0000 0.0000 3.3000 2 -1.0000 1.0000 3.9980 8.0000 -4.0000 -8.0000 0.0000 -12.0000 4.0000 0.3060 0.6514 0.3229 0.5334 0.6932 2.5068 1.8733 4.6327 
15.0000 10.0000 4.0000 -4.0000 0.0000 -3.3000 2 -1.0000 0.0000 4.0080 -10.0000 -2.0000 6.0000 -6.0000 2.0000 -14.0000 0.3776 0.4031 0.7230 0.3065 0.6938 2.5041 1.8228 4.5799 
15.0000 30.0000 4.0000 0.0000 1.0000 -6.6000 8 1.0000 1.0000 3.0170 2.0000 -6.0000 -10.0000 10.0000 -2.0000 6.0000 0.5000 0.5000 0.5000 0.5000 0.5000 2.5000 1.8754 4.6259 
15.0000 27.0000 4.0000 -2.0000 0.0000 6.6000 NR 0.0000 0.0000 0.0000 -8.0000 0.0000 4.0000 -4.0000 8.0000 -12.0000 0.3196 0.5331 0.5767 0.6550 0.4209 2.5054 1.7940 4.5478 
15.0000 66.0000 4.0000 4.0000 0.0000 -3.3000 2 -1.0000 0.0000 1.4890 -6.0000 6.0000 10.0000 2.0000 14.0000 -2.0000 0.6282 0.3484 0.4330 0.4850 0.6071 2.5017 1.9570 4.7110 
15.0000 61.0000 4.0000 4.0000 1.0000 3.3000 8 1.0000 0.0000 3.0690 -2.0000 6.0000 10.0000 2.0000 14.0000 -6.0000 0.5000 0.5000 0.5000 0.5000 0.5000 2.5000 1.9535 4.6924 
15.0000 70.0000 4.0000 4.0000 0.0000 9.9000 2 -1.0000 1.0000 2.3920 -2.0000 6.0000 14.0000 2.0000 10.0000 -6.0000 0.3137 0.3941 0.5303 0.4906 0.7629 2.4917 1.9738 4.7176 
15.0000 8.0000 4.0000 -4.0000 0.0000 -9.9000 8 1.0000 1.0000 4.1280 6.0000 -6.0000 -10.0000 -2.0000 -14.0000 2.0000 0.5241 0.4581 0.3445 0.6592 0.5199 2.5058 1.8693 4.6316 
15.0000 58.0000 4.0000 4.0000 1.0000 -6.6000 8 1.0000 1.0000 1.3280 10.0000 -2.0000 -6.0000 14.0000 2.0000 6.0000 0.5000 0.5000 0.5000 0.5000 0.5000 2.5000 1.9769 4.7259 
15.0000 51.0000 4.0000 2.0000 0.0000 -6.6000 2 -1.0000 0.0000 4.4290 -4.0000 4.0000 8.0000 0.0000 12.0000 -8.0000 0.3328 0.5378 0.4409 0.3924 0.7971 2.5010 1.9060 4.6602 
15.0000 48.0000 4.0000 2.0000 1.0000 6.6000 2 -1.0000 1.0000 2.8190 8.0000 0.0000 -8.0000 4.0000 -4.0000 12.0000 0.5000 0.5000 0.5000 0.5000 0.5000 2.5000 1.9278 4.6760 
15.0000 11.0000 4.0000 -4.0000 0.0000 0.0000 8 1.0000 0.0000 4.9600 6.0000 -6.0000 -10.0000 -2.0000 -14.0000 2.0000 0.4639 0.5342 0.3326 0.4575 0.7070 2.4953 1.9156 4.6544 
15.0000 54.0000 4.0000 2.0000 0.0000 3.3000 8 1.0000 0.0000 2.6020 -4.0000 8.0000 12.0000 -8.0000 4.0000 0.0000 0.3425 0.5115 0.5810 0.3757 0.6821 2.4928 1.9565 4.6854 
15.0000 6.0000 4.0000 -4.0000 1.0000 6.6000 2 -1.0000 1.0000 1.2590 -14.0000 -6.0000 6.0000 -10.0000 2.0000 -2.0000 0.5000 0.5000 0.5000 0.5000 0.5000 2.5000 1.8329 4.5925 
15.0000 14.0000 4.0000 -4.0000 0.0000 9.9000 2 -1.0000 1.0000 1.9290 -10.0000 -2.0000 2.0000 -6.0000 6.0000 -14.0000 0.7658 0.3060 0.6243 0.3004 0.5014 2.4979 1.9366 4.6904 
15.0000 20.0000 4.0000 -2.0000 1.0000 6.6000 2 -1.0000 1.0000 2.0330 4.0000 -8.0000 -12.0000 8.0000 -4.0000 0.0000 0.5000 0.5000 0.5000 0.5000 0.5000 2.5000 1.9510 4.7092 
15.0000 25.0000 4.0000 -2.0000 0.0000 0.0000 8 1.0000 0.0000 4.4250 8.0000 0.0000 -12.0000 4.0000 -8.0000 -4.0000 0.6755 0.3301 0.7128 0.4343 0.3385 2.4911 1.9221 4.6670 
15.0000 5.0000 4.0000 -4.0000 1.0000 3.3000 2 -1.0000 1.0000 1.8970 -10.0000 2.0000 6.0000 -14.0000 -2.0000 -6.0000 0.5000 0.5000 0.5000 0.5000 0.5000 2.5000 1.8342 4.5757 
15.0000 57.0000 4.0000 4.0000 1.0000 -9.9000 8 1.0000 1.0000 1.5190 10.0000 2.0000 -2.0000 6.0000 -6.0000 14.0000 0.5000 0.5000 0.5000 0.5000 0.5000 2.5000 1.8862 4.6259 
15.0000 9.0000 4.0000 -4.0000 0.0000 -6.6000 8 1.0000 1.0000 2.8580 -14.0000 -6.0000 2.0000 -10.0000 6.0000 -2.0000 0.3414 0.4658 0.5871 0.6322 0.4832 2.5097 1.7861 4.5356 
15.0000 59.0000 4.0000 4.0000 1.0000 -3.3000 8 1.0000 1.0000 1.8650 -6.0000 6.0000 14.0000 2.0000 10.0000 -2.0000 0.5000 0.5000 0.5000 0.5000 0.5000 2.5000 1.8603 4.6091 
15.0000 29.0000 4.0000 0.0000 1.0000 -9.9000 8 1.0000 1.0000 1.2940 10.0000 -2.0000 -10.0000 2.0000 -6.0000 6.0000 0.5000 0.5000 0.5000 0.5000 0.5000 2.5000 1.9061 4.6591 
15.0000 68.0000 4.0000 4.0000 0.0000 3.3000 2 -1.0000 1.0000 1.6870 2.0000 10.0000 14.0000 -6.0000 6.0000 -2.0000 0.4467 0.3163 0.5152 0.7206 0.5110 2.5099 1.8404 4.6025 
15.0000 17.0000 4.0000 -2.0000 1.0000 -3.3000 8 1.0000 1.0000 1.3940 -8.0000 0.0000 8.0000 -4.0000 4.0000 -12.0000 0.5000 0.5000 0.5000 0.5000 0.5000 2.5000 1.7555 4.5092 
15.0000 22.0000 4.0000 -2.0000 0.0000 -9.9000 8 1.0000 1.0000 1.2170 4.0000 -4.0000 -8.0000 0.0000 -12.0000 8.0000 0.3668 0.7086 0.4199 0.5932 0.4036 2.4921 1.9207 4.6680 
15.0000 64.0000 4.0000 4.0000 0.0000 -9.9000 8 1.0000 1.0000 1.4880 14.0000 6.0000 -6.0000 10.0000 -2.0000 2.0000 0.4981 0.3220 0.4387 0.7204 0.5197 2.4989 1.9538 4.7082 
15.0000 7.0000 4.0000 -4.0000 1.0000 9.9000 2 -1.0000 1.0000 2.0280 -10.0000 2.0000 6.0000 -14.0000 -2.0000 -6.0000 0.5000 0.5000 0.5000 0.5000 0.5000 2.5000 1.7571 4.5093 
15.0000 49.0000 4.0000 2.0000 1.0000 9.9000 2 -1.0000 1.0000 1.2870 4.0000 -4.0000 -8.0000 12.0000 0.0000 8.0000 0.5000 0.5000 0.5000 0.5000 0.5000 2.5000 1.8147 4.5592 
15.0000 3.0000 4.0000 -4.0000 1.0000 -3.3000 8 1.0000 1.0000 2.2680 2.0000 -6.0000 -10.0000 -2.0000 -14.0000 6.0000 0.5000 0.5000 0.5000 0.5000 0.5000 2.5000 1.9323 4.6759 
15.0000 46.0000 4.0000 2.0000 1.0000 0.0000 8 1.0000 0.0000 1.7700 0.0000 8.0000 12.0000 -8.0000 4.0000 -4.0000 0.5000 0.5000 0.5000 0.5000 0.5000 2.5000 1.9257 4.6759 
15.0000 69.0000 4.0000 4.0000 0.0000 6.6000 2 -1.0000 1.0000 4.8410 -2.0000 10.0000 14.0000 -6.0000 6.0000 2.0000 0.3956 0.6065 0.5185 0.4015 0.5823 2.5044 1.9441 4.6969 
15.0000 19.0000 4.0000 -2.0000 1.0000 3.3000 8 1.0000 0.0000 3.0130 -12.0000 0.0000 8.0000 -4.0000 4.0000 -8.0000 0.5000 0.5000 0.5000 0.5000 0.5000 2.5000 1.9189 4.6760 
15.0000 62.0000 4.0000 4.0000 1.0000 6.6000 8 1.0000 0.0000 4.6330 -6.0000 2.0000 14.0000 -2.0000 10.0000 6.0000 0.5000 0.5000 0.5000 0.5000 0.5000 2.5000 1.7910 4.5425 
15.0000 50.0000 4.0000 2.0000 0.0000 -9.9000 8 1.0000 1.0000 1.6230 8.0000 0.0000 -8.0000 4.0000 -4.0000 12.0000 0.4338 0.5587 0.3993 0.6864 0.4119 2.4900 1.9390 4.6828 
15.0000 60.0000 4.0000 4.0000 1.0000 0.0000 8 1.0000 0.0000 4.0570 10.0000 -2.0000 -6.0000 14.0000 2.0000 6.0000 0.5000 0.5000 0.5000 0.5000 0.5000 2.5000 1.8394 4.5925 
15.0000 56.0000 4.0000 2.0000 0.0000 9.9000 2 -1.0000 1.0000 4.1120 12.0000 0.0000 -4.0000 4.0000 -8.0000 8.0000 0.5282 0.4344 0.3414 0.4636 0.7251 2.4927 1.9180 4.6519 
15.0000 16.0000 4.0000 -2.0000 1.0000 -6.6000 8 1.0000 1.0000 1.6920 4.0000 -8.0000 -12.0000 8.0000 -4.0000 0.0000 0.5000 0.5000 0.5000 0.5000 0.5000 2.5000 1.8477 4.6091 
15.0000 37.0000 4.0000 0.0000 0.0000 -6.6000 8 1.0000 1.0000 3.4570 6.0000 -6.0000 -10.0000 10.0000 -2.0000 2.0000 0.5403 0.4520 0.3256 0.4004 0.7843 2.5026 1.9047 4.6618 
15.0000 28.0000 4.0000 -2.0000 0.0000 9.9000 2 -1.0000 1.0000 1.7660 4.0000 -4.0000 -12.0000 0.0000 -8.0000 8.0000 0.4926 0.5468 0.3711 0.3036 0.7882 2.5022 1.9184 4.6782 
15.0000 18.0000 4.0000 -2.0000 1.0000 0.0000 2 -1.0000 0.0000 1.7940 4.0000 -4.0000 -12.0000 0.0000 -8.0000 8.0000 0.5000 0.5000 0.5000 0.5000 0.5000 2.5000 1.8682 4.6258 
15.0000 53.0000 4.0000 2.0000 0.0000 0.0000 2 -1.0000 0.0000 2.7060 12.0000 4.0000 -4.0000 8.0000 -8.0000 0.0000 0.5154 0.3366 0.7055 0.5841 0.3575 2.4991 1.9314 4.6750 
15.0000 32.0000 4.0000 0.0000 1.0000 0.0000 8 1.0000 0.0000 3.3220 -6.0000 2.0000 6.0000 -2.0000 10.0000 -10.0000 0.5000 0.5000 0.5000 0.5000 0.5000 2.5000 1.8134 4.5591 
15.0000 24.0000 4.0000 -2.0000 0.0000 -3.3000 8 1.0000 1.0000 1.0130 8.0000 -4.0000 -8.0000 0.0000 -12.0000 4.0000 0.3089 0.5537 0.5232 0.6023 0.5175 2.5056 1.8802 4.6315 
15.0000 38.0000 4.0000 0.0000 0.0000 -3.3000 8 1.0000 1.0000 2.2450 -10.0000 -2.0000 10.0000 -6.0000 6.0000 2.0000 0.3753 0.3187 0.6454 0.7251 0.4277 2.4922 1.9422 4.6847 
15.0000 67.0000 4.0000 4.0000 0.0000 0.0000 8 1.0000 0.0000 2.1150 -2.0000 6.0000 10.0000 2.0000 14.0000 -6.0000 0.4702 0.4278 0.7847 0.4526 0.3730 2.5083 1.7596 4.5175 
15.0000 31.0000 4.0000 0.0000 1.0000 -3.3000 8 1.0000 1.0000 4.5260 10.0000 2.0000 -10.0000 6.0000 -6.0000 -2.0000 0.5000 0.5000 0.5000 0.5000 0.5000 2.5000 1.8740 4.6258 
15.0000 41.0000 4.0000 0.0000 0.0000 6.6000 2 -1.0000 1.0000 1.9410 6.0000 -2.0000 -6.0000 2.0000 -10.0000 10.0000 0.4100 0.5304 0.3574 0.4415 0.7533 2.4925 1.7947 4.5352 
15.0000 4.0000 4.0000 -4.0000 1.0000 0.0000 NR 0.0000 0.0000 0.0000 -14.0000 -6.0000 6.0000 -10.0000 2.0000 -2.0000 0.5000 0.5000 0.5000 0.5000 0.5000 2.5000 1.8640 4.6091 
15.0000 65.0000 4.0000 4.0000 0.0000 -6.6000 8 1.0000 1.0000 1.0400 -2.0000 10.0000 14.0000 -6.0000 6.0000 2.0000 0.4628 0.7192 0.3115 0.4826 0.5328 2.5090 1.9295 4.6849 
15.0000 15.0000 4.0000 -2.0000 1.0000 -9.9000 8 1.0000 1.0000 0.8620 -8.0000 0.0000 4.0000 -4.0000 8.0000 -12.0000 0.5000 0.5000 0.5000 0.5000 0.5000 2.5000 1.8081 4.5592 
15.0000 2.0000 4.0000 -4.0000 1.0000 -6.6000 8 1.0000 1.0000 2.2870 -6.0000 2.0000 6.0000 -14.0000 -2.0000 -10.0000 0.5000 0.5000 0.5000 0.5000 0.5000 2.5000 1.8502 4.5925 
15.0000 55.0000 4.0000 2.0000 0.0000 6.6000 2 -1.0000 1.0000 4.2540 12.0000 4.0000 -4.0000 8.0000 -8.0000 0.0000 0.3312 0.6539 0.3365 0.4818 0.7013 2.5047 1.8198 4.5804 
15.0000 45.0000 4.0000 2.0000 1.0000 -3.3000 8 1.0000 1.0000 1.3990 4.0000 -4.0000 -8.0000 12.0000 0.0000 8.0000 0.5000 0.5000 0.5000 0.5000 0.5000 2.5000 1.9605 4.7093 
15.0000 47.0000 4.0000 2.0000 1.0000 3.3000 2 -1.0000 1.0000 3.3600 4.0000 -4.0000 -8.0000 12.0000 0.0000 8.0000 0.5000 0.5000 0.5000 0.5000 0.5000 2.5000 1.9342 4.6926 
15.0000 40.0000 4.0000 0.0000 0.0000 3.3000 8 1.0000 0.0000 3.1980 10.0000 -2.0000 -10.0000 2.0000 -6.0000 6.0000 0.6429 0.3993 0.5278 0.3316 0.5906 2.4922 1.7888 4.5347 
15.0000 36.0000 4.0000 0.0000 0.0000 -9.9000 8 1.0000 1.0000 1.0430 -10.0000 2.0000 10.0000 -2.0000 6.0000 -6.0000 0.6966 0.3176 0.4306 0.7162 0.3332 2.4942 1.7543 4.5034 
15.0000 52.0000 4.0000 2.0000 0.0000 -3.3000 8 1.0000 1.0000 1.6270 -8.0000 0.0000 8.0000 -4.0000 12.0000 4.0000 0.3853 0.5123 0.6439 0.5352 0.4164 2.4931 1.9311 4.6689 
15.0000 43.0000 4.0000 2.0000 1.0000 -9.9000 8 1.0000 1.0000 1.4710 -4.0000 8.0000 12.0000 -8.0000 4.0000 0.0000 0.5000 0.5000 0.5000 0.5000 0.5000 2.5000 1.8499 4.5926 
15.0000 34.0000 4.0000 0.0000 1.0000 6.6000 2 -1.0000 1.0000 1.3400 2.0000 -6.0000 -10.0000 10.0000 -2.0000 6.0000 0.5000 0.5000 0.5000 0.5000 0.5000 2.5000 1.9019 4.6593 
15.0000 23.0000 4.0000 -2.0000 0.0000 -6.6000 8 1.0000 1.0000 1.0860 4.0000 -8.0000 -12.0000 8.0000 -4.0000 0.0000 0.3074 0.3830 0.4395 0.7845 0.5788 2.4933 1.7684 4.5191 
15.0000 42.0000 4.0000 0.0000 0.0000 9.9000 2 -1.0000 1.0000 1.2170 10.0000 2.0000 -6.0000 6.0000 -10.0000 -2.0000 0.4091 0.5860 0.7004 0.4196 0.3753 2.4904 1.9162 4.6664 
15.0000 13.0000 4.0000 -4.0000 0.0000 6.6000 2 -1.0000 1.0000 2.0850 -10.0000 2.0000 6.0000 -14.0000 -2.0000 -6.0000 0.5922 0.5515 0.3158 0.7281 0.3181 2.5056 1.8572 4.6148 
15.0000 1.0000 4.0000 -4.0000 1.0000 -9.9000 8 1.0000 1.0000 2.8320 -14.0000 -6.0000 6.0000 -10.0000 2.0000 -2.0000 0.5000 0.5000 0.5000 0.5000 0.5000 2.5000 1.7566 4.5093 
15.0000 33.0000 4.0000 0.0000 1.0000 3.3000 8 1.0000 0.0000 1.4640 -6.0000 2.0000 6.0000 -2.0000 10.0000 -10.0000 0.5000 0.5000 0.5000 0.5000 0.5000 2.5000 1.8476 4.5925 
15.0000 44.0000 4.0000 2.0000 1.0000 -6.6000 8 1.0000 1.0000 2.7060 8.0000 0.0000 -8.0000 4.0000 -4.0000 12.0000 0.5000 0.5000 0.5000 0.5000 0.5000 2.5000 1.8529 4.5925 
15.0000 39.0000 4.0000 0.0000 0.0000 0.0000 8 1.0000 0.0000 2.6790 6.0000 -2.0000 -10.0000 2.0000 -6.0000 10.0000 0.4483 0.3054 0.3751 0.6094 0.7616 2.4999 1.8484 4.5924 
15.0000 63.0000 4.0000 4.0000 1.0000 9.9000 2 -1.0000 1.0000 2.6480 -2.0000 6.0000 14.0000 2.0000 10.0000 -6.0000 0.5000 0.5000 0.5000 0.5000 0.5000 2.5000 1.9972 4.7594 
15.0000 41.0000 5.0000 0.0000 0.0000 6.6000 2 -1.0000 1.0000 1.5030 -6.0000 2.0000 6.0000 -2.0000 10.0000 -10.0000 0.3470 0.5410 0.6443 0.4202 0.5495 2.5020 1.8206 4.5778 
15.0000 21.0000 5.0000 -2.0000 1.0000 9.9000 2 -1.0000 1.0000 1.5780 -8.0000 0.0000 8.0000 -4.0000 4.0000 -12.0000 0.5000 0.5000 0.5000 0.5000 0.5000 2.5000 1.9577 4.7094 
15.0000 43.0000 5.0000 2.0000 1.0000 -9.9000 8 1.0000 1.0000 1.2250 12.0000 4.0000 -8.0000 8.0000 -4.0000 0.0000 0.5000 0.5000 0.5000 0.5000 0.5000 2.5000 1.7796 4.5258 
15.0000 59.0000 5.0000 4.0000 1.0000 -3.3000 8 1.0000 1.0000 2.8000 6.0000 -2.0000 -6.0000 14.0000 2.0000 10.0000 0.5000 0.5000 0.5000 0.5000 0.5000 2.5000 1.9683 4.7092 
15.0000 11.0000 5.0000 -4.0000 0.0000 0.0000 8 1.0000 0.0000 1.6370 -10.0000 2.0000 6.0000 -14.0000 -2.0000 -6.0000 0.6390 0.3903 0.4513 0.3997 0.6206 2.5009 1.7804 4.5268 
15.0000 50.0000 5.0000 2.0000 0.0000 -9.9000 8 1.0000 1.0000 2.0570 -4.0000 4.0000 8.0000 0.0000 12.0000 -8.0000 0.5194 0.3642 0.5562 0.3895 0.6639 2.4932 1.7737 4.5023 
15.0000 6.0000 5.0000 -4.0000 1.0000 6.6000 2 -1.0000 1.0000 1.9000 -14.0000 -6.0000 6.0000 -10.0000 2.0000 -2.0000 0.5000 0.5000 0.5000 0.5000 0.5000 2.5000 1.9733 4.7260 
15.0000 46.0000 5.0000 2.0000 1.0000 0.0000 2 -1.0000 0.0000 3.7570 -4.0000 4.0000 8.0000 0.0000 12.0000 -8.0000 0.5000 0.5000 0.5000 0.5000 0.5000 2.5000 1.8129 4.5759 
15.0000 45.0000 5.0000 2.0000 1.0000 -3.3000 8 1.0000 1.0000 1.8790 12.0000 4.0000 -4.0000 8.0000 -8.0000 0.0000 0.5000 0.5000 0.5000 0.5000 0.5000 2.5000 1.8933 4.6425 
15.0000 22.0000 5.0000 -2.0000 0.0000 -9.9000 8 1.0000 1.0000 1.1080 0.0000 -8.0000 -12.0000 8.0000 -4.0000 4.0000 0.4645 0.6091 0.4655 0.4329 0.5247 2.4967 1.9287 4.6726 
15.0000 35.0000 5.0000 0.0000 1.0000 9.9000 2 -1.0000 1.0000 1.5000 -6.0000 2.0000 10.0000 -2.0000 6.0000 -10.0000 0.5000 0.5000 0.5000 0.5000 0.5000 2.5000 1.7940 4.5426 
15.0000 5.0000 5.0000 -4.0000 1.0000 3.3000 NR 0.0000 0.0000 0.0000 -2.0000 -10.0000 -14.0000 6.0000 -6.0000 2.0000 0.5000 0.5000 0.5000 0.5000 0.5000 2.5000 1.9274 4.6760 
15.0000 12.0000 5.0000 -4.0000 0.0000 3.3000 2 -1.0000 1.0000 4.4210 -10.0000 -2.0000 2.0000 -6.0000 6.0000 -14.0000 0.7858 0.4313 0.3998 0.5377 0.3431 2.4977 1.8180 4.5571 
15.0000 34.0000 5.0000 0.0000 1.0000 6.6000 2 -1.0000 1.0000 1.1150 6.0000 -2.0000 -6.0000 2.0000 -10.0000 10.0000 0.5000 0.5000 0.5000 0.5000 0.5000 2.5000 1.9394 4.6926 
15.0000 60.0000 5.0000 4.0000 1.0000 0.0000 NR 0.0000 0.0000 0.0000 -2.0000 6.0000 14.0000 2.0000 10.0000 -6.0000 0.5000 0.5000 0.5000 0.5000 0.5000 2.5000 1.8608 4.6092 
15.0000 13.0000 5.0000 -4.0000 0.0000 6.6000 2 -1.0000 1.0000 1.1930 -14.0000 -6.0000 2.0000 -10.0000 6.0000 -2.0000 0.3480 0.7335 0.4427 0.5571 0.4140 2.4952 1.8946 4.6378 
15.0000 25.0000 5.0000 -2.0000 0.0000 0.0000 2 -1.0000 0.0000 1.1900 4.0000 -8.0000 -12.0000 8.0000 -4.0000 0.0000 0.4451 0.6300 0.5590 0.4184 0.4456 2.4982 1.7688 4.5240 
15.0000 68.0000 5.0000 4.0000 0.0000 3.3000 8 1.0000 0.0000 2.6350 -2.0000 6.0000 10.0000 2.0000 14.0000 -6.0000 0.4051 0.5452 0.7380 0.3189 0.4922 2.4994 1.8286 4.5752 
15.0000 63.0000 5.0000 4.0000 1.0000 9.9000 2 -1.0000 1.0000 1.2210 -6.0000 2.0000 14.0000 -2.0000 10.0000 6.0000 0.5000 0.5000 0.5000 0.5000 0.5000 2.5000 1.8662 4.6092 
15.0000 70.0000 5.0000 4.0000 0.0000 9.9000 2 -1.0000 1.0000 1.2100 -6.0000 2.0000 14.0000 -2.0000 10.0000 6.0000 0.3937 0.7317 0.4820 0.3039 0.5986 2.5099 1.7595 4.5191 
15.0000 53.0000 5.0000 2.0000 0.0000 0.0000 2 -1.0000 0.0000 2.3280 4.0000 -4.0000 -8.0000 12.0000 0.0000 8.0000 0.4771 0.6454 0.4032 0.4541 0.5257 2.5055 1.9772 4.7313 
15.0000 2.0000 5.0000 -4.0000 1.0000 -6.6000 8 1.0000 1.0000 2.5660 -10.0000 -2.0000 6.0000 -6.0000 2.0000 -14.0000 0.5000 0.5000 0.5000 0.5000 0.5000 2.5000 1.8568 4.6091 
15.0000 62.0000 5.0000 4.0000 1.0000 6.6000 2 -1.0000 1.0000 2.1960 2.0000 10.0000 14.0000 -6.0000 6.0000 -2.0000 0.5000 0.5000 0.5000 0.5000 0.5000 2.5000 1.7513 4.5091 
15.0000 66.0000 5.0000 4.0000 0.0000 -3.3000 2 -1.0000 0.0000 3.8990 -6.0000 6.0000 14.0000 2.0000 10.0000 -2.0000 0.3860 0.5857 0.5016 0.6105 0.4124 2.4962 1.9710 4.7223 
15.0000 51.0000 5.0000 2.0000 0.0000 -6.6000 8 1.0000 1.0000 3.8680 -8.0000 4.0000 12.0000 0.0000 8.0000 -4.0000 0.4079 0.6914 0.4662 0.6079 0.3278 2.5012 1.7750 4.5270 
15.0000 61.0000 5.0000 4.0000 1.0000 3.3000 8 1.0000 0.0000 1.2140 10.0000 -2.0000 -6.0000 14.0000 2.0000 6.0000 0.5000 0.5000 0.5000 0.5000 0.5000 2.5000 1.9566 4.7092 
15.0000 65.0000 5.0000 4.0000 0.0000 -6.6000 8 1.0000 1.0000 0.9670 10.0000 2.0000 -6.0000 6.0000 -2.0000 14.0000 0.5297 0.6383 0.3683 0.6326 0.3402 2.5091 1.9243 4.6850 
15.0000 48.0000 5.0000 2.0000 1.0000 6.6000 2 -1.0000 1.0000 1.2780 12.0000 0.0000 -8.0000 4.0000 -4.0000 8.0000 0.5000 0.5000 0.5000 0.5000 0.5000 2.5000 1.9904 4.7259 
15.0000 30.0000 5.0000 0.0000 1.0000 -6.6000 8 1.0000 1.0000 2.0230 2.0000 -6.0000 -10.0000 10.0000 -2.0000 6.0000 0.5000 0.5000 0.5000 0.5000 0.5000 2.5000 1.9984 4.7594 
15.0000 39.0000 5.0000 0.0000 0.0000 0.0000 2 -1.0000 0.0000 2.2530 10.0000 -2.0000 -10.0000 2.0000 -6.0000 6.0000 0.3907 0.7718 0.5030 0.3376 0.4879 2.4910 1.9304 4.6836 
15.0000 37.0000 5.0000 0.0000 0.0000 -6.6000 8 1.0000 1.0000 1.1880 10.0000 2.0000 -10.0000 6.0000 -6.0000 -2.0000 0.7168 0.4488 0.5191 0.3194 0.4926 2.4967 1.9252 4.6727 
15.0000 44.0000 5.0000 2.0000 1.0000 -6.6000 8 1.0000 1.0000 1.5790 8.0000 0.0000 -4.0000 4.0000 -8.0000 12.0000 0.5000 0.5000 0.5000 0.5000 0.5000 2.5000 1.9529 4.7093 
15.0000 14.0000 5.0000 -4.0000 0.0000 9.9000 2 -1.0000 1.0000 1.2030 6.0000 -2.0000 -10.0000 2.0000 -14.0000 -6.0000 0.4604 0.3976 0.6497 0.3538 0.6443 2.5057 1.9344 4.6981 
15.0000 29.0000 5.0000 0.0000 1.0000 -9.9000 8 1.0000 1.0000 1.3930 10.0000 -2.0000 -10.0000 2.0000 -6.0000 6.0000 0.5000 0.5000 0.5000 0.5000 0.5000 2.5000 1.9850 4.7259 
15.0000 16.0000 5.0000 -2.0000 1.0000 -6.6000 8 1.0000 1.0000 0.9650 4.0000 -4.0000 -8.0000 0.0000 -12.0000 8.0000 0.5000 0.5000 0.5000 0.5000 0.5000 2.5000 1.8624 4.6092 
15.0000 36.0000 5.0000 0.0000 0.0000 -9.9000 8 1.0000 1.0000 1.3520 -6.0000 2.0000 10.0000 -2.0000 6.0000 -10.0000 0.4241 0.7997 0.3001 0.5352 0.4330 2.4921 1.8942 4.6346 
15.0000 18.0000 5.0000 -2.0000 1.0000 0.0000 8 1.0000 0.0000 2.2650 -12.0000 -4.0000 4.0000 -8.0000 8.0000 0.0000 0.5000 0.5000 0.5000 0.5000 0.5000 2.5000 1.7839 4.5258 
15.0000 15.0000 5.0000 -2.0000 1.0000 -9.9000 8 1.0000 1.0000 2.6790 -12.0000 -4.0000 8.0000 -8.0000 4.0000 0.0000 0.5000 0.5000 0.5000 0.5000 0.5000 2.5000 1.8871 4.6425 
15.0000 7.0000 5.0000 -4.0000 1.0000 9.9000 2 -1.0000 1.0000 1.0370 -10.0000 -2.0000 6.0000 -6.0000 2.0000 -14.0000 0.5000 0.5000 0.5000 0.5000 0.5000 2.5000 1.9015 4.6591 
15.0000 26.0000 5.0000 -2.0000 0.0000 3.3000 8 1.0000 0.0000 2.7110 -8.0000 0.0000 4.0000 -4.0000 8.0000 -12.0000 0.4513 0.4152 0.5549 0.6625 0.4222 2.5061 1.9819 4.7488 
15.0000 3.0000 5.0000 -4.0000 1.0000 -3.3000 8 1.0000 1.0000 1.9900 -10.0000 -2.0000 2.0000 -6.0000 6.0000 -14.0000 0.5000 0.5000 0.5000 0.5000 0.5000 2.5000 1.8065 4.5591 
15.0000 55.0000 5.0000 2.0000 0.0000 6.6000 2 -1.0000 1.0000 1.5640 -8.0000 0.0000 8.0000 -4.0000 12.0000 4.0000 0.3511 0.7143 0.6137 0.3568 0.4703 2.5062 1.8416 4.5987 
15.0000 64.0000 5.0000 4.0000 0.0000 -9.9000 8 1.0000 1.0000 1.3640 -2.0000 6.0000 14.0000 2.0000 10.0000 -6.0000 0.3592 0.3054 0.6556 0.7198 0.4574 2.4975 1.9202 4.6568 
15.0000 38.0000 5.0000 0.0000 0.0000 -3.3000 8 1.0000 1.0000 2.2130 10.0000 -2.0000 -10.0000 2.0000 -6.0000 6.0000 0.7423 0.3119 0.5986 0.3399 0.5113 2.5040 1.9384 4.6798 
15.0000 56.0000 5.0000 2.0000 0.0000 9.9000 2 -1.0000 1.0000 1.4930 12.0000 4.0000 -8.0000 8.0000 -4.0000 0.0000 0.6727 0.3238 0.7537 0.4003 0.3427 2.4933 1.9288 4.6691 
15.0000 67.0000 5.0000 4.0000 0.0000 0.0000 8 1.0000 0.0000 3.7140 -6.0000 2.0000 10.0000 -2.0000 14.0000 6.0000 0.3805 0.5158 0.5990 0.5373 0.4636 2.4962 1.9186 4.6721 
15.0000 28.0000 5.0000 -2.0000 0.0000 9.9000 2 -1.0000 1.0000 1.2670 -12.0000 -4.0000 4.0000 -8.0000 8.0000 0.0000 0.4485 0.3579 0.4153 0.5871 0.6885 2.4973 1.9699 4.7232 
15.0000 27.0000 5.0000 -2.0000 0.0000 6.6000 2 -1.0000 1.0000 1.3610 -12.0000 0.0000 8.0000 -4.0000 4.0000 -8.0000 0.4104 0.6511 0.7688 0.3156 0.3615 2.5074 1.9141 4.6665 
15.0000 17.0000 5.0000 -2.0000 1.0000 -3.3000 8 1.0000 1.0000 1.8240 -12.0000 0.0000 4.0000 -4.0000 8.0000 -8.0000 0.5000 0.5000 0.5000 0.5000 0.5000 2.5000 1.9365 4.6926 
15.0000 49.0000 5.0000 2.0000 1.0000 9.9000 2 -1.0000 1.0000 0.9330 8.0000 0.0000 -4.0000 4.0000 -8.0000 12.0000 0.5000 0.5000 0.5000 0.5000 0.5000 2.5000 1.8008 4.5425 
15.0000 42.0000 5.0000 0.0000 0.0000 9.9000 2 -1.0000 1.0000 1.7180 6.0000 -2.0000 -10.0000 2.0000 -6.0000 10.0000 0.5781 0.6225 0.5056 0.4165 0.3759 2.4986 1.7923 4.5411 
15.0000 31.0000 5.0000 0.0000 1.0000 -3.3000 8 1.0000 1.0000 2.5610 -6.0000 2.0000 6.0000 -2.0000 10.0000 -10.0000 0.5000 0.5000 0.5000 0.5000 0.5000 2.5000 1.9519 4.6925 
15.0000 23.0000 5.0000 -2.0000 0.0000 -6.6000 8 1.0000 1.0000 1.5880 4.0000 -4.0000 -8.0000 0.0000 -12.0000 8.0000 0.3437 0.4368 0.7353 0.5709 0.4141 2.5008 1.9067 4.6434 
15.0000 47.0000 5.0000 2.0000 1.0000 3.3000 2 -1.0000 1.0000 1.9190 12.0000 0.0000 -8.0000 4.0000 -4.0000 8.0000 0.5000 0.5000 0.5000 0.5000 0.5000 2.5000 1.8029 4.5593 
15.0000 19.0000 5.0000 -2.0000 1.0000 3.3000 2 -1.0000 1.0000 1.4060 -12.0000 0.0000 8.0000 -4.0000 4.0000 -8.0000 0.5000 0.5000 0.5000 0.5000 0.5000 2.5000 1.8778 4.6259 
15.0000 52.0000 5.0000 2.0000 0.0000 -3.3000 2 -1.0000 0.0000 1.3430 12.0000 4.0000 -4.0000 8.0000 -8.0000 0.0000 0.6096 0.3663 0.4420 0.6507 0.4390 2.5076 1.8158 4.5833 
15.0000 33.0000 5.0000 0.0000 1.0000 3.3000 2 -1.0000 1.0000 1.6300 -6.0000 2.0000 10.0000 -2.0000 6.0000 -10.0000 0.5000 0.5000 0.5000 0.5000 0.5000 2.5000 1.8500 4.6092 
15.0000 8.0000 5.0000 -4.0000 0.0000 -9.9000 8 1.0000 1.0000 3.0480 -14.0000 -2.0000 2.0000 -6.0000 6.0000 -10.0000 0.4447 0.3565 0.7608 0.5907 0.3542 2.5068 1.8276 4.5827 
15.0000 10.0000 5.0000 -4.0000 0.0000 -3.3000 8 1.0000 1.0000 2.5560 -14.0000 -6.0000 6.0000 -10.0000 2.0000 -2.0000 0.5374 0.4424 0.4132 0.3205 0.7888 2.5024 1.9236 4.6783 
15.0000 1.0000 5.0000 -4.0000 1.0000 -9.9000 8 1.0000 1.0000 1.4560 -14.0000 -2.0000 6.0000 -6.0000 2.0000 -10.0000 0.5000 0.5000 0.5000 0.5000 0.5000 2.5000 1.9185 4.6591 
15.0000 58.0000 5.0000 4.0000 1.0000 -6.6000 8 1.0000 1.0000 2.6830 -6.0000 6.0000 10.0000 2.0000 14.0000 -2.0000 0.5000 0.5000 0.5000 0.5000 0.5000 2.5000 1.9810 4.7261 
15.0000 57.0000 5.0000 4.0000 1.0000 -9.9000 8 1.0000 1.0000 1.4900 10.0000 2.0000 -6.0000 6.0000 -2.0000 14.0000 0.5000 0.5000 0.5000 0.5000 0.5000 2.5000 1.8260 4.5760 
15.0000 9.0000 5.0000 -4.0000 0.0000 -6.6000 8 1.0000 1.0000 1.6890 2.0000 -6.0000 -10.0000 -2.0000 -14.0000 6.0000 0.4860 0.3688 0.5797 0.7094 0.3622 2.5061 1.8713 4.6320 
15.0000 69.0000 5.0000 4.0000 0.0000 6.6000 2 -1.0000 1.0000 2.3640 10.0000 2.0000 -2.0000 6.0000 -6.0000 14.0000 0.4937 0.4676 0.6271 0.5960 0.3205 2.5049 1.7634 4.5141 
15.0000 54.0000 5.0000 2.0000 0.0000 3.3000 2 -1.0000 1.0000 1.1610 0.0000 8.0000 12.0000 -8.0000 4.0000 -4.0000 0.5512 0.3380 0.6753 0.3875 0.5519 2.5040 1.8276 4.5797 
15.0000 4.0000 5.0000 -4.0000 1.0000 0.0000 8 1.0000 0.0000 2.9750 -14.0000 -6.0000 6.0000 -10.0000 2.0000 -2.0000 0.5000 0.5000 0.5000 0.5000 0.5000 2.5000 1.7767 4.5258 
15.0000 32.0000 5.0000 0.0000 1.0000 0.0000 2 -1.0000 0.0000 2.2580 -6.0000 2.0000 10.0000 -2.0000 6.0000 -10.0000 0.5000 0.5000 0.5000 0.5000 0.5000 2.5000 1.8785 4.6260 
15.0000 24.0000 5.0000 -2.0000 0.0000 -3.3000 8 1.0000 1.0000 2.0880 4.0000 -4.0000 -12.0000 0.0000 -8.0000 8.0000 0.4704 0.3070 0.7648 0.6380 0.3143 2.4945 1.7565 4.4871 
15.0000 40.0000 5.0000 0.0000 0.0000 3.3000 2 -1.0000 1.0000 2.7720 -10.0000 -2.0000 6.0000 -6.0000 10.0000 2.0000 0.4535 0.7425 0.5057 0.3823 0.4167 2.5006 1.9131 4.6599 
15.0000 20.0000 5.0000 -2.0000 1.0000 6.6000 2 -1.0000 1.0000 2.1650 -8.0000 0.0000 8.0000 -4.0000 4.0000 -12.0000 0.5000 0.5000 0.5000 0.5000 0.5000 2.5000 1.7553 4.5093 
15.0000 31.0000 6.0000 0.0000 1.0000 -3.3000 8 1.0000 1.0000 3.0740 -10.0000 -2.0000 10.0000 -6.0000 6.0000 2.0000 0.5000 0.5000 0.5000 0.5000 0.5000 2.5000 1.8499 4.5927 
15.0000 49.0000 6.0000 2.0000 1.0000 9.9000 2 -1.0000 1.0000 1.0840 -8.0000 0.0000 8.0000 -4.0000 12.0000 4.0000 0.5000 0.5000 0.5000 0.5000 0.5000 2.5000 1.9732 4.7260 
15.0000 57.0000 6.0000 4.0000 1.0000 -9.9000 8 1.0000 1.0000 2.4690 2.0000 10.0000 14.0000 -6.0000 6.0000 -2.0000 0.5000 0.5000 0.5000 0.5000 0.5000 2.5000 1.8315 4.5926 
15.0000 65.0000 6.0000 4.0000 0.0000 -6.6000 8 1.0000 1.0000 1.8610 -6.0000 6.0000 14.0000 2.0000 10.0000 -2.0000 0.7604 0.5588 0.3883 0.4256 0.3628 2.4959 1.8407 4.5885 
15.0000 12.0000 6.0000 -4.0000 0.0000 3.3000 2 -1.0000 1.0000 3.6260 -14.0000 -6.0000 6.0000 -10.0000 2.0000 -2.0000 0.7995 0.3642 0.3212 0.5821 0.4369 2.5039 1.9545 4.7132 
15.0000 30.0000 6.0000 0.0000 1.0000 -6.6000 8 1.0000 1.0000 1.5460 -2.0000 6.0000 10.0000 -10.0000 2.0000 -6.0000 0.5000 0.5000 0.5000 0.5000 0.5000 2.5000 1.8673 4.6093 
15.0000 60.0000 6.0000 4.0000 1.0000 0.0000 2 -1.0000 0.0000 2.8500 -2.0000 6.0000 10.0000 2.0000 14.0000 -6.0000 0.5000 0.5000 0.5000 0.5000 0.5000 2.5000 1.7997 4.5426 
15.0000 5.0000 6.0000 -4.0000 1.0000 3.3000 2 -1.0000 1.0000 3.3710 2.0000 -6.0000 -10.0000 -2.0000 -14.0000 6.0000 0.5000 0.5000 0.5000 0.5000 0.5000 2.5000 1.8149 4.5592 
15.0000 4.0000 6.0000 -4.0000 1.0000 0.0000 8 1.0000 0.0000 2.3310 6.0000 -2.0000 -14.0000 2.0000 -10.0000 -6.0000 0.5000 0.5000 0.5000 0.5000 0.5000 2.5000 1.9363 4.6758 
15.0000 25.0000 6.0000 -2.0000 0.0000 0.0000 8 1.0000 0.0000 4.2120 4.0000 -4.0000 -12.0000 0.0000 -8.0000 8.0000 0.7482 0.3793 0.6295 0.4080 0.3256 2.4907 1.9758 4.7167 
15.0000 7.0000 6.0000 -4.0000 1.0000 9.9000 2 -1.0000 1.0000 1.4940 -14.0000 -6.0000 2.0000 -10.0000 6.0000 -2.0000 0.5000 0.5000 0.5000 0.5000 0.5000 2.5000 1.8408 4.5924 
15.0000 43.0000 6.0000 2.0000 1.0000 -9.9000 2 -1.0000 0.0000 4.4790 -4.0000 4.0000 12.0000 0.0000 8.0000 -8.0000 0.5000 0.5000 0.5000 0.5000 0.5000 2.5000 1.8115 4.5591 
15.0000 69.0000 6.0000 4.0000 0.0000 6.6000 2 -1.0000 1.0000 1.4220 10.0000 2.0000 -6.0000 6.0000 -2.0000 14.0000 0.4387 0.4036 0.5210 0.6943 0.4330 2.4906 1.8217 4.5664 
15.0000 38.0000 6.0000 0.0000 0.0000 -3.3000 8 1.0000 1.0000 3.4750 -6.0000 6.0000 10.0000 -10.0000 2.0000 -2.0000 0.5196 0.3549 0.5834 0.3805 0.6628 2.5013 1.7930 4.5438 
15.0000 24.0000 6.0000 -2.0000 0.0000 -3.3000 8 1.0000 1.0000 2.4540 8.0000 -4.0000 -12.0000 0.0000 -8.0000 4.0000 0.4863 0.7289 0.5092 0.4318 0.3478 2.5041 1.9505 4.6966 
15.0000 2.0000 6.0000 -4.0000 1.0000 -6.6000 2 -1.0000 0.0000 4.6910 -6.0000 2.0000 6.0000 -14.0000 -2.0000 -10.0000 0.5000 0.5000 0.5000 0.5000 0.5000 2.5000 1.9689 4.7092 
15.0000 48.0000 6.0000 2.0000 1.0000 6.6000 2 -1.0000 1.0000 3.3380 0.0000 8.0000 12.0000 -8.0000 4.0000 -4.0000 0.5000 0.5000 0.5000 0.5000 0.5000 2.5000 1.7819 4.5426 
15.0000 32.0000 6.0000 0.0000 1.0000 0.0000 NR 0.0000 0.0000 0.0000 6.0000 -2.0000 -6.0000 2.0000 -10.0000 10.0000 0.5000 0.5000 0.5000 0.5000 0.5000 2.5000 1.8048 4.5591 
15.0000 23.0000 6.0000 -2.0000 0.0000 -6.6000 8 1.0000 1.0000 1.7760 -8.0000 0.0000 8.0000 -4.0000 4.0000 -12.0000 0.5662 0.7187 0.3052 0.4697 0.4418 2.5016 1.8728 4.6276 
15.0000 46.0000 6.0000 2.0000 1.0000 0.0000 2 -1.0000 0.0000 3.6630 8.0000 0.0000 -4.0000 4.0000 -8.0000 12.0000 0.5000 0.5000 0.5000 0.5000 0.5000 2.5000 1.7726 4.5258 
15.0000 9.0000 6.0000 -4.0000 0.0000 -6.6000 8 1.0000 1.0000 2.8040 -14.0000 -6.0000 2.0000 -10.0000 6.0000 -2.0000 0.7191 0.3685 0.4141 0.6325 0.3716 2.5057 1.9697 4.7150 
15.0000 53.0000 6.0000 2.0000 0.0000 0.0000 2 -1.0000 0.0000 2.7670 4.0000 -4.0000 -8.0000 12.0000 0.0000 8.0000 0.3509 0.5423 0.6644 0.6377 0.3116 2.5070 1.8031 4.5494 
15.0000 52.0000 6.0000 2.0000 0.0000 -3.3000 8 1.0000 1.0000 2.1250 12.0000 0.0000 -8.0000 4.0000 -4.0000 8.0000 0.6410 0.5332 0.6293 0.4042 0.3005 2.5082 1.7942 4.5674 
15.0000 61.0000 6.0000 4.0000 1.0000 3.3000 NR 0.0000 0.0000 0.0000 -2.0000 10.0000 14.0000 -6.0000 6.0000 2.0000 0.5000 0.5000 0.5000 0.5000 0.5000 2.5000 1.8217 4.5759 
15.0000 58.0000 6.0000 4.0000 1.0000 -6.6000 8 1.0000 1.0000 1.5900 -6.0000 6.0000 14.0000 2.0000 10.0000 -2.0000 0.5000 0.5000 0.5000 0.5000 0.5000 2.5000 1.8624 4.6092 
15.0000 67.0000 6.0000 4.0000 0.0000 0.0000 2 -1.0000 0.0000 1.4570 -2.0000 6.0000 14.0000 2.0000 10.0000 -6.0000 0.3903 0.3573 0.6325 0.5201 0.6085 2.5087 1.7871 4.5512 
15.0000 29.0000 6.0000 0.0000 1.0000 -9.9000 8 1.0000 1.0000 1.0060 6.0000 -6.0000 -10.0000 10.0000 -2.0000 2.0000 0.5000 0.5000 0.5000 0.5000 0.5000 2.5000 1.9392 4.6926 
15.0000 26.0000 6.0000 -2.0000 0.0000 3.3000 2 -1.0000 1.0000 1.5700 -12.0000 0.0000 8.0000 -4.0000 4.0000 -8.0000 0.4291 0.4944 0.6995 0.3305 0.5475 2.5010 1.8942 4.6436 
15.0000 62.0000 6.0000 4.0000 1.0000 6.6000 8 1.0000 0.0000 2.9110 -6.0000 2.0000 10.0000 -2.0000 14.0000 6.0000 0.5000 0.5000 0.5000 0.5000 0.5000 2.5000 1.9719 4.7258 
15.0000 19.0000 6.0000 -2.0000 1.0000 3.3000 NR 0.0000 0.0000 0.0000 -12.0000 0.0000 4.0000 -4.0000 8.0000 -8.0000 0.5000 0.5000 0.5000 0.5000 0.5000 2.5000 1.7873 4.5259 
15.0000 28.0000 6.0000 -2.0000 0.0000 9.9000 2 -1.0000 1.0000 1.5850 4.0000 -4.0000 -8.0000 0.0000 -12.0000 8.0000 0.3336 0.5132 0.6407 0.4499 0.5711 2.5085 1.8479 4.6177 
15.0000 37.0000 6.0000 0.0000 0.0000 -6.6000 8 1.0000 1.0000 2.8840 -10.0000 -2.0000 10.0000 -6.0000 6.0000 2.0000 0.4526 0.3279 0.5173 0.7222 0.4821 2.5021 1.9018 4.6613 
15.0000 15.0000 6.0000 -2.0000 1.0000 -9.9000 8 1.0000 1.0000 0.9920 -12.0000 0.0000 8.0000 -4.0000 4.0000 -8.0000 0.5000 0.5000 0.5000 0.5000 0.5000 2.5000 1.8949 4.6425 
15.0000 14.0000 6.0000 -4.0000 0.0000 9.9000 2 -1.0000 1.0000 1.1180 -14.0000 -6.0000 6.0000 -10.0000 2.0000 -2.0000 0.6935 0.3510 0.3235 0.4129 0.7129 2.4937 1.8228 4.5696 
15.0000 17.0000 6.0000 -2.0000 1.0000 -3.3000 2 -1.0000 0.0000 4.9670 4.0000 -4.0000 -8.0000 0.0000 -12.0000 8.0000 0.5000 0.5000 0.5000 0.5000 0.5000 2.5000 1.7631 4.5092 
15.0000 44.0000 6.0000 2.0000 1.0000 -6.6000 8 1.0000 1.0000 1.4050 -8.0000 0.0000 8.0000 -4.0000 12.0000 4.0000 0.5000 0.5000 0.5000 0.5000 0.5000 2.5000 1.7727 4.5258 
15.0000 41.0000 6.0000 0.0000 0.0000 6.6000 2 -1.0000 1.0000 1.4920 -6.0000 2.0000 6.0000 -2.0000 10.0000 -10.0000 0.5593 0.4259 0.6636 0.3516 0.5024 2.5027 1.7777 4.5285 
15.0000 68.0000 6.0000 4.0000 0.0000 3.3000 2 -1.0000 1.0000 1.6850 -2.0000 6.0000 14.0000 2.0000 10.0000 -6.0000 0.3779 0.4643 0.3670 0.7160 0.5685 2.4936 1.9931 4.7362 
15.0000 55.0000 6.0000 2.0000 0.0000 6.6000 2 -1.0000 1.0000 1.7350 8.0000 0.0000 -4.0000 4.0000 -8.0000 12.0000 0.3173 0.4435 0.5905 0.6953 0.4524 2.4989 1.9666 4.7247 
15.0000 20.0000 6.0000 -2.0000 1.0000 6.6000 2 -1.0000 1.0000 2.0180 4.0000 -8.0000 -12.0000 8.0000 -4.0000 0.0000 0.5000 0.5000 0.5000 0.5000 0.5000 2.5000 1.9094 4.6592 
15.0000 3.0000 6.0000 -4.0000 1.0000 -3.3000 8 1.0000 1.0000 1.6300 -14.0000 -6.0000 2.0000 -10.0000 6.0000 -2.0000 0.5000 0.5000 0.5000 0.5000 0.5000 2.5000 1.8252 4.5759 
15.0000 11.0000 6.0000 -4.0000 0.0000 0.0000 2 -1.0000 0.0000 4.9600 6.0000 -2.0000 -10.0000 2.0000 -14.0000 -6.0000 0.7147 0.4975 0.3057 0.5253 0.4580 2.5011 1.8422 4.5936 
15.0000 42.0000 6.0000 0.0000 0.0000 9.9000 2 -1.0000 1.0000 1.5140 -6.0000 2.0000 10.0000 -2.0000 6.0000 -10.0000 0.5242 0.3470 0.7051 0.5775 0.3538 2.5076 1.8933 4.6503 
15.0000 45.0000 6.0000 2.0000 1.0000 -3.3000 8 1.0000 1.0000 4.5130 -4.0000 8.0000 12.0000 -8.0000 4.0000 0.0000 0.5000 0.5000 0.5000 0.5000 0.5000 2.5000 1.8290 4.5758 
15.0000 22.0000 6.0000 -2.0000 0.0000 -9.9000 8 1.0000 1.0000 1.7600 -8.0000 0.0000 8.0000 -4.0000 4.0000 -12.0000 0.6347 0.6074 0.5353 0.3934 0.3331 2.5038 1.8303 4.5796 
15.0000 64.0000 6.0000 4.0000 0.0000 -9.9000 8 1.0000 1.0000 1.4970 -6.0000 6.0000 10.0000 2.0000 14.0000 -2.0000 0.4035 0.6976 0.3036 0.6047 0.4830 2.4924 1.9307 4.6851 
15.0000 33.0000 6.0000 0.0000 1.0000 3.3000 2 -1.0000 1.0000 2.5130 10.0000 -2.0000 -6.0000 2.0000 -10.0000 6.0000 0.5000 0.5000 0.5000 0.5000 0.5000 2.5000 1.9936 4.7427 
15.0000 13.0000 6.0000 -4.0000 0.0000 6.6000 2 -1.0000 1.0000 1.4200 -14.0000 -6.0000 2.0000 -10.0000 6.0000 -2.0000 0.3938 0.4754 0.6333 0.4488 0.5405 2.4918 1.9383 4.6844 
15.0000 47.0000 6.0000 2.0000 1.0000 3.3000 2 -1.0000 1.0000 1.2660 -8.0000 4.0000 12.0000 0.0000 8.0000 -4.0000 0.5000 0.5000 0.5000 0.5000 0.5000 2.5000 1.9925 4.7425 
15.0000 40.0000 6.0000 0.0000 0.0000 3.3000 2 -1.0000 1.0000 1.6370 -6.0000 2.0000 10.0000 -2.0000 6.0000 -10.0000 0.4718 0.7504 0.5706 0.3209 0.3913 2.5050 1.9725 4.7309 
15.0000 16.0000 6.0000 -2.0000 1.0000 -6.6000 8 1.0000 1.0000 1.7100 4.0000 -4.0000 -12.0000 0.0000 -8.0000 8.0000 0.5000 0.5000 0.5000 0.5000 0.5000 2.5000 1.8852 4.6258 
15.0000 59.0000 6.0000 4.0000 1.0000 -3.3000 8 1.0000 1.0000 1.9110 10.0000 -2.0000 -6.0000 14.0000 2.0000 6.0000 0.5000 0.5000 0.5000 0.5000 0.5000 2.5000 1.8030 4.5424 
15.0000 70.0000 6.0000 4.0000 0.0000 9.9000 2 -1.0000 1.0000 1.9410 10.0000 2.0000 -2.0000 6.0000 -6.0000 14.0000 0.4424 0.5480 0.6037 0.3673 0.5476 2.5090 1.8432 4.6016 
15.0000 66.0000 6.0000 4.0000 0.0000 -3.3000 8 1.0000 1.0000 3.3670 14.0000 2.0000 -2.0000 6.0000 -6.0000 10.0000 0.6952 0.3262 0.3835 0.6890 0.4051 2.4992 1.8941 4.6585 
15.0000 54.0000 6.0000 2.0000 0.0000 3.3000 2 -1.0000 1.0000 3.5940 0.0000 8.0000 12.0000 -8.0000 4.0000 -4.0000 0.3347 0.3975 0.7673 0.4876 0.5173 2.5044 1.8541 4.6135 
15.0000 1.0000 6.0000 -4.0000 1.0000 -9.9000 8 1.0000 1.0000 2.8790 -10.0000 -2.0000 6.0000 -6.0000 2.0000 -14.0000 0.5000 0.5000 0.5000 0.5000 0.5000 2.5000 1.7651 4.5259 
15.0000 10.0000 6.0000 -4.0000 0.0000 -3.3000 8 1.0000 1.0000 1.4410 2.0000 -10.0000 -14.0000 6.0000 -6.0000 -2.0000 0.5397 0.7718 0.4211 0.4535 0.3186 2.5047 1.9948 4.7473 
15.0000 6.0000 6.0000 -4.0000 1.0000 6.6000 2 -1.0000 1.0000 1.6710 -14.0000 -6.0000 6.0000 -10.0000 2.0000 -2.0000 0.5000 0.5000 0.5000 0.5000 0.5000 2.5000 1.7773 4.5259 
15.0000 63.0000 6.0000 4.0000 1.0000 9.9000 2 -1.0000 1.0000 1.4040 -6.0000 6.0000 10.0000 2.0000 14.0000 -2.0000 0.5000 0.5000 0.5000 0.5000 0.5000 2.5000 1.9350 4.6761 
15.0000 36.0000 6.0000 0.0000 0.0000 -9.9000 8 1.0000 1.0000 1.5670 6.0000 -6.0000 -10.0000 10.0000 -2.0000 2.0000 0.5507 0.4162 0.5313 0.6806 0.3128 2.4916 1.8887 4.6175 
15.0000 27.0000 6.0000 -2.0000 0.0000 6.6000 2 -1.0000 1.0000 1.1520 -12.0000 0.0000 8.0000 -4.0000 4.0000 -8.0000 0.6698 0.4364 0.3576 0.4709 0.5735 2.5082 1.9091 4.6675 
15.0000 35.0000 6.0000 0.0000 1.0000 9.9000 2 -1.0000 1.0000 1.4390 10.0000 -2.0000 -6.0000 2.0000 -10.0000 6.0000 0.5000 0.5000 0.5000 0.5000 0.5000 2.5000 1.7627 4.5259 
15.0000 8.0000 6.0000 -4.0000 0.0000 -9.9000 8 1.0000 1.0000 1.4840 -10.0000 -2.0000 2.0000 -6.0000 6.0000 -14.0000 0.7418 0.5056 0.3122 0.3756 0.5672 2.5023 1.7685 4.5280 
15.0000 50.0000 6.0000 2.0000 0.0000 -9.9000 8 1.0000 1.0000 1.4190 -4.0000 4.0000 8.0000 0.0000 12.0000 -8.0000 0.3078 0.6569 0.4223 0.6459 0.4687 2.5015 1.8500 4.6107 
15.0000 39.0000 6.0000 0.0000 0.0000 0.0000 NR 0.0000 0.0000 0.0000 10.0000 2.0000 -6.0000 6.0000 -10.0000 -2.0000 0.3552 0.4508 0.5311 0.7669 0.3940 2.4979 1.9418 4.6904 
15.0000 34.0000 6.0000 0.0000 1.0000 6.6000 2 -1.0000 1.0000 1.1730 -10.0000 2.0000 10.0000 -2.0000 6.0000 -6.0000 0.5000 0.5000 0.5000 0.5000 0.5000 2.5000 1.9905 4.7427 
15.0000 51.0000 6.0000 2.0000 0.0000 -6.6000 8 1.0000 1.0000 1.2850 12.0000 0.0000 -8.0000 4.0000 -4.0000 8.0000 0.5126 0.4743 0.7619 0.4586 0.3021 2.5094 1.9571 4.7185 
15.0000 18.0000 6.0000 -2.0000 1.0000 0.0000 2 -1.0000 0.0000 3.3420 -12.0000 -4.0000 8.0000 -8.0000 4.0000 0.0000 0.5000 0.5000 0.5000 0.5000 0.5000 2.5000 1.8229 4.5758 
15.0000 56.0000 6.0000 2.0000 0.0000 9.9000 2 -1.0000 1.0000 1.9890 12.0000 0.0000 -8.0000 4.0000 -4.0000 8.0000 0.5920 0.3774 0.4629 0.4223 0.6384 2.4930 1.8288 4.5690 
15.0000 21.0000 6.0000 -2.0000 1.0000 9.9000 2 -1.0000 1.0000 1.1630 8.0000 -4.0000 -8.0000 0.0000 -12.0000 4.0000 0.5000 0.5000 0.5000 0.5000 0.5000 2.5000 1.9524 4.7093 
