subNo index block mean periodicity testLevel pressedKey answer isCorrect rt s1 s2 s3 s4 s5 s6 t1 t2 t3 t4 t5 seqDuration startInterval trialDuration 
15.0000 1.0000 1.0000 3.6667 0.0000 -3.8363 8 1.0000 1.0000 1.9020 9.6667 -2.3333 -6.3333 13.6667 1.6667 5.6667 0.4052 0.5644 0.7940 0.4451 0.3006 2.5093 1.8450 4.6018 
15.0000 2.0000 1.0000 -3.4193 0.0000 1.2743 2 -1.0000 1.0000 1.0680 2.5807 -5.4193 -13.4193 -1.4193 -9.4193 6.5807 0.6403 0.7650 0.3465 0.4231 0.3318 2.5066 1.9499 4.7158 
15.0000 3.0000 1.0000 -3.7094 0.0000 1.3789 2 -1.0000 1.0000 1.5790 2.2906 -5.7094 -13.7094 -1.7094 -9.7094 6.2906 0.4935 0.3142 0.4108 0.5698 0.7063 2.4946 1.7675 4.5039 
15.0000 4.0000 1.0000 0.3504 0.0000 4.0463 2 -1.0000 1.0000 1.8610 -9.6496 2.3504 6.3504 -1.6496 10.3504 -5.6496 0.7524 0.4181 0.5732 0.3427 0.4227 2.5090 1.9829 4.7349 
15.0000 5.0000 1.0000 0.5438 1.0000 3.0555 2 -1.0000 1.0000 1.3930 6.5438 -5.4562 -9.4562 10.5438 -1.4562 2.5438 0.5000 0.5000 0.5000 0.5000 0.5000 2.5000 1.9018 4.6425 
15.0000 6.0000 1.0000 0.7629 0.0000 6.0423 2 -1.0000 1.0000 1.3050 6.7629 -1.2371 -9.2371 2.7629 -5.2371 10.7629 0.7367 0.3090 0.6461 0.5085 0.3096 2.5099 1.9610 4.7192 
15.0000 7.0000 1.0000 2.9296 1.0000 -8.6730 8 1.0000 1.0000 1.3570 12.9296 4.9296 -7.0704 8.9296 -3.0704 0.9296 0.5000 0.5000 0.5000 0.5000 0.5000 2.5000 1.8055 4.5593 
15.0000 8.0000 1.0000 -3.3772 1.0000 -2.5321 8 1.0000 1.0000 1.4820 2.6228 -5.3772 -9.3772 -1.3772 -13.3772 6.6228 0.5000 0.5000 0.5000 0.5000 0.5000 2.5000 1.9262 4.6759 
15.0000 9.0000 1.0000 3.2504 1.0000 3.1074 2 -1.0000 1.0000 1.4530 -6.7496 5.2504 13.2504 1.2504 9.2504 -2.7496 0.5000 0.5000 0.5000 0.5000 0.5000 2.5000 1.8667 4.6259 
15.0000 10.0000 1.0000 -2.0492 1.0000 -3.5055 8 1.0000 1.0000 1.2360 -8.0492 -0.0492 7.9508 -4.0492 3.9508 -12.0492 0.5000 0.5000 0.5000 0.5000 0.5000 2.5000 1.9830 4.7260 
15.0000 11.0000 1.0000 0.5393 1.0000 -4.0277 2 -1.0000 0.0000 1.6450 -9.4607 -1.4607 10.5393 -5.4607 6.5393 2.5393 0.5000 0.5000 0.5000 0.5000 0.5000 2.5000 1.9202 4.6760 
15.0000 12.0000 1.0000 1.1963 0.0000 -2.0021 2 -1.0000 0.0000 1.6060 -0.8037 7.1963 11.1963 -8.8037 3.1963 -4.8037 0.5875 0.3724 0.6915 0.3963 0.4552 2.5028 1.7743 4.5287 
15.0000 13.0000 1.0000 3.0911 0.0000 1.2684 2 -1.0000 1.0000 1.5200 -6.9089 1.0911 13.0911 -2.9089 9.0911 5.0911 0.7360 0.5524 0.4370 0.4110 0.3695 2.5058 1.9046 4.6484 
15.0000 14.0000 1.0000 2.6422 1.0000 1.9959 2 -1.0000 1.0000 1.3030 8.6422 0.6422 -3.3578 4.6422 -7.3578 12.6422 0.5000 0.5000 0.5000 0.5000 0.5000 2.5000 1.9381 4.6758 
15.0000 15.0000 1.0000 -2.8417 1.0000 6.0661 2 -1.0000 1.0000 0.8780 3.1583 -8.8417 -12.8417 7.1583 -4.8417 -0.8417 0.5000 0.5000 0.5000 0.5000 0.5000 2.5000 1.9340 4.6925 
15.0000 16.0000 1.0000 -1.2975 0.0000 4.5122 2 -1.0000 1.0000 1.0900 8.7025 -3.2975 -7.2975 0.7025 -11.2975 4.7025 0.5772 0.3826 0.4319 0.3214 0.7855 2.4986 1.9704 4.7244 
15.0000 17.0000 1.0000 1.9704 0.0000 3.2967 2 -1.0000 1.0000 1.3110 7.9704 -0.0296 -4.0296 3.9704 -8.0296 11.9704 0.3001 0.7024 0.4030 0.6184 0.4849 2.5089 1.8070 4.5680 
15.0000 18.0000 1.0000 2.2174 0.0000 2.5194 2 -1.0000 1.0000 1.5470 -3.7826 8.2174 12.2174 -7.7826 4.2174 0.2174 0.3575 0.5122 0.3401 0.5957 0.6992 2.5048 1.9641 4.7140 
15.0000 19.0000 1.0000 0.7495 0.0000 4.6141 2 -1.0000 1.0000 0.9190 -1.2505 6.7495 10.7495 -9.2505 2.7495 -5.2505 0.7006 0.4278 0.3976 0.5889 0.3800 2.4948 1.8028 4.5540 
15.0000 20.0000 1.0000 -2.1858 0.0000 -1.9834 2 -1.0000 0.0000 1.3160 3.8142 -8.1858 -12.1858 7.8142 -4.1858 -0.1858 0.6923 0.4464 0.3698 0.5448 0.4405 2.4937 1.9477 4.6863 
15.0000 21.0000 1.0000 0.5708 1.0000 1.1541 8 1.0000 0.0000 2.4870 -5.4292 2.5708 6.5708 -1.4292 10.5708 -9.4292 0.5000 0.5000 0.5000 0.5000 0.5000 2.5000 1.8702 4.6093 
15.0000 22.0000 1.0000 3.7695 1.0000 -2.1804 8 1.0000 1.0000 1.9370 13.7695 1.7695 -6.2305 5.7695 -2.2305 9.7695 0.5000 0.5000 0.5000 0.5000 0.5000 2.5000 1.8138 4.5592 
15.0000 23.0000 1.0000 3.8987 1.0000 3.1193 8 1.0000 0.0000 1.3950 -6.1013 1.8987 13.8987 -2.1013 9.8987 5.8987 0.5000 0.5000 0.5000 0.5000 0.5000 2.5000 1.8411 4.5925 
15.0000 24.0000 1.0000 -3.4030 1.0000 -3.1149 8 1.0000 1.0000 1.3780 6.5970 -5.4030 -13.4030 -1.4030 -9.4030 2.5970 0.5000 0.5000 0.5000 0.5000 0.5000 2.5000 1.8612 4.6091 
15.0000 25.0000 1.0000 1.6154 1.0000 -2.2541 8 1.0000 1.0000 2.2160 11.6154 -0.3846 -4.3846 3.6154 -8.3846 7.6154 0.5000 0.5000 0.5000 0.5000 0.5000 2.5000 1.8502 4.6092 
15.0000 26.0000 1.0000 2.7820 0.0000 -1.0710 2 -1.0000 0.0000 2.1770 -7.2180 0.7820 8.7820 -3.2180 12.7820 4.7820 0.3424 0.4129 0.7630 0.3906 0.5823 2.4911 1.9274 4.6670 
15.0000 27.0000 1.0000 -3.7091 0.0000 -3.5161 2 -1.0000 0.0000 1.8670 -9.7091 -1.7091 2.2909 -5.7091 6.2909 -13.7091 0.3783 0.4888 0.5973 0.4308 0.6043 2.4995 1.9641 4.7088 
15.0000 28.0000 1.0000 -0.2918 0.0000 -0.5761 8 1.0000 1.0000 1.3870 -10.2918 1.7082 9.7082 -2.2918 5.7082 -6.2918 0.7629 0.3497 0.4195 0.5136 0.4491 2.4947 1.9840 4.7207 
15.0000 29.0000 1.0000 -3.1534 0.0000 -7.6223 8 1.0000 1.0000 1.5370 -1.1534 -9.1534 -13.1534 6.8466 -5.1534 2.8466 0.4315 0.3958 0.5643 0.3532 0.7519 2.4967 1.8760 4.6225 
15.0000 30.0000 1.0000 -1.8376 1.0000 -4.9197 8 1.0000 1.0000 1.5040 -11.8376 -3.8376 4.1624 -7.8376 8.1624 0.1624 0.5000 0.5000 0.5000 0.5000 0.5000 2.5000 1.7668 4.5091 
15.0000 31.0000 1.0000 -2.5275 1.0000 1.1971 8 1.0000 0.0000 1.8910 -8.5275 -0.5275 3.4725 -4.5275 7.4725 -12.5275 0.5000 0.5000 0.5000 0.5000 0.5000 2.5000 1.8460 4.5925 
15.0000 32.0000 1.0000 -1.0697 0.0000 -4.0004 2 -1.0000 0.0000 1.2100 -3.0697 4.9303 8.9303 -11.0697 0.9303 -7.0697 0.3682 0.6748 0.4739 0.5264 0.4510 2.4943 1.9700 4.7036 
15.0000 33.0000 1.0000 -0.8835 0.0000 3.5099 2 -1.0000 1.0000 2.0740 5.1165 -2.8835 -10.8835 1.1165 -6.8835 9.1165 0.4142 0.5550 0.3663 0.4309 0.7267 2.4931 1.8808 4.6191 
15.0000 34.0000 1.0000 2.1727 0.0000 -2.1575 2 -1.0000 0.0000 1.3280 -7.8273 0.1727 8.1727 -3.8273 12.1727 4.1727 0.3093 0.5469 0.7291 0.3667 0.5384 2.4902 1.7599 4.5161 
15.0000 35.0000 1.0000 -0.7321 1.0000 -4.8442 8 1.0000 1.0000 1.4340 5.2679 -6.7321 -10.7321 9.2679 -2.7321 1.2679 0.5000 0.5000 0.5000 0.5000 0.5000 2.5000 1.9791 4.7426 
15.0000 36.0000 1.0000 2.7181 0.0000 -3.8332 2 -1.0000 0.0000 2.5980 -7.2819 4.7181 8.7181 0.7181 12.7181 -3.2819 0.4949 0.5480 0.6300 0.3542 0.4689 2.4960 1.8718 4.6218 
15.0000 37.0000 1.0000 3.9826 1.0000 -1.3831 8 1.0000 1.0000 1.6020 9.9826 1.9826 -2.0174 5.9826 -6.0174 13.9826 0.5000 0.5000 0.5000 0.5000 0.5000 2.5000 1.9350 4.6926 
15.0000 38.0000 1.0000 0.4274 0.0000 8.7674 2 -1.0000 1.0000 2.2950 10.4274 2.4274 -9.5726 6.4274 -5.5726 -1.5726 0.7280 0.3346 0.3076 0.3731 0.7523 2.4957 1.9341 4.6717 
15.0000 39.0000 1.0000 1.3523 1.0000 -3.7703 8 1.0000 1.0000 1.6480 -4.6477 7.3523 11.3523 -8.6477 3.3523 -0.6477 0.5000 0.5000 0.5000 0.5000 0.5000 2.5000 1.8593 4.6092 
15.0000 40.0000 1.0000 2.1328 1.0000 -1.4615 8 1.0000 1.0000 1.5220 -7.8672 4.1328 12.1328 0.1328 8.1328 -3.8672 0.5000 0.5000 0.5000 0.5000 0.5000 2.5000 1.9487 4.6925 
15.0000 41.0000 1.0000 -2.0514 0.0000 -0.6987 8 1.0000 1.0000 1.4890 -4.0514 3.9486 7.9486 -12.0514 -0.0514 -8.0514 0.5555 0.3697 0.5661 0.4798 0.5311 2.5022 1.7541 4.4946 
15.0000 42.0000 1.0000 1.1097 1.0000 -3.2362 8 1.0000 1.0000 3.1400 -4.8903 3.1097 11.1097 -0.8903 7.1097 -8.8903 0.5000 0.5000 0.5000 0.5000 0.5000 2.5000 1.7983 4.5592 
15.0000 43.0000 1.0000 2.4839 0.0000 1.4575 8 1.0000 0.0000 3.2550 12.4839 0.4839 -7.5161 4.4839 -3.5161 8.4839 0.6193 0.5028 0.3146 0.6613 0.4047 2.5027 1.7782 4.5286 
15.0000 44.0000 1.0000 1.9817 0.0000 1.2681 2 -1.0000 1.0000 2.7110 -8.0183 3.9817 11.9817 -0.0183 7.9817 -4.0183 0.5679 0.3089 0.5998 0.6265 0.3986 2.5016 1.9826 4.7442 
15.0000 45.0000 1.0000 2.2183 1.0000 -2.5255 8 1.0000 1.0000 2.0440 12.2183 0.2183 -3.7817 4.2183 -7.7817 8.2183 0.5000 0.5000 0.5000 0.5000 0.5000 2.5000 1.9164 4.6592 
15.0000 46.0000 1.0000 -0.8510 1.0000 -4.2075 8 1.0000 1.0000 2.2020 -10.8510 1.1490 9.1490 -2.8510 5.1490 -6.8510 0.5000 0.5000 0.5000 0.5000 0.5000 2.5000 1.8338 4.5759 
15.0000 47.0000 1.0000 3.8329 0.0000 4.9354 8 1.0000 0.0000 2.8540 -6.1671 5.8329 13.8329 1.8329 9.8329 -2.1671 0.3805 0.3323 0.5337 0.5809 0.6735 2.5009 1.9630 4.7102 
15.0000 48.0000 1.0000 2.3787 1.0000 1.1725 8 1.0000 0.0000 4.1130 -7.6213 0.3787 12.3787 -3.6213 8.3787 4.3787 0.5000 0.5000 0.5000 0.5000 0.5000 2.5000 1.8444 4.5925 
15.0000 49.0000 1.0000 3.2640 1.0000 6.3687 2 -1.0000 1.0000 2.6150 9.2640 1.2640 -2.7360 5.2640 -6.7360 13.2640 0.5000 0.5000 0.5000 0.5000 0.5000 2.5000 1.9194 4.6758 
15.0000 50.0000 1.0000 -2.9917 1.0000 4.0163 2 -1.0000 1.0000 1.2910 -8.9917 -0.9917 7.0083 -4.9917 3.0083 -12.9917 0.5000 0.5000 0.5000 0.5000 0.5000 2.5000 1.8969 4.6426 
