subNo index block mean periodicity testLevel pressedKey answer isCorrect rt s1 s2 s3 s4 s5 s6 t1 t2 t3 t4 t5 seqDuration startInterval trialDuration 
14.0000 14.0000 1.0000 -4.0000 0.0000 9.9000 8 -1.0000 1.0000 0.8830 -14.0000 -6.0000 2.0000 -10.0000 6.0000 -2.0000 0.6851 0.5494 0.3526 0.4685 0.4418 2.4975 1.9932 4.7403 
14.0000 40.0000 1.0000 0.0000 0.0000 3.3000 8 -1.0000 1.0000 1.1590 -10.0000 -2.0000 10.0000 -6.0000 6.0000 2.0000 0.4053 0.4307 0.5717 0.3585 0.7345 2.5008 1.9198 4.6766 
14.0000 56.0000 1.0000 2.0000 0.0000 9.9000 8 -1.0000 1.0000 1.0800 -4.0000 8.0000 12.0000 -8.0000 4.0000 0.0000 0.4743 0.5655 0.4490 0.6093 0.3942 2.4924 1.7809 4.5181 
14.0000 38.0000 1.0000 0.0000 0.0000 -3.3000 2 1.0000 1.0000 0.7390 6.0000 -2.0000 -10.0000 2.0000 -6.0000 10.0000 0.3054 0.5923 0.6664 0.5282 0.4048 2.4972 1.7707 4.5230 
14.0000 34.0000 1.0000 0.0000 1.0000 6.6000 8 -1.0000 1.0000 0.9840 2.0000 -6.0000 -10.0000 10.0000 -2.0000 6.0000 0.5000 0.5000 0.5000 0.5000 0.5000 2.5000 1.8865 4.6259 
14.0000 29.0000 1.0000 0.0000 1.0000 -9.9000 2 1.0000 1.0000 0.7270 -6.0000 2.0000 10.0000 -2.0000 6.0000 -10.0000 0.5000 0.5000 0.5000 0.5000 0.5000 2.5000 1.8029 4.5425 
14.0000 9.0000 1.0000 -4.0000 0.0000 -6.6000 2 1.0000 1.0000 0.7900 2.0000 -6.0000 -10.0000 -2.0000 -14.0000 6.0000 0.5090 0.3051 0.3991 0.5252 0.7642 2.5027 1.8227 4.5619 
14.0000 41.0000 1.0000 0.0000 0.0000 6.6000 2 1.0000 0.0000 2.2420 -10.0000 2.0000 10.0000 -2.0000 6.0000 -6.0000 0.4425 0.3229 0.6252 0.7679 0.3353 2.4937 1.8657 4.6196 
14.0000 5.0000 1.0000 -4.0000 1.0000 3.3000 2 1.0000 0.0000 1.3750 6.0000 -6.0000 -10.0000 -2.0000 -14.0000 2.0000 0.5000 0.5000 0.5000 0.5000 0.5000 2.5000 1.9305 4.6926 
14.0000 2.0000 1.0000 -4.0000 1.0000 -6.6000 2 1.0000 1.0000 0.7250 6.0000 -6.0000 -10.0000 -2.0000 -14.0000 2.0000 0.5000 0.5000 0.5000 0.5000 0.5000 2.5000 1.9565 4.7094 
14.0000 3.0000 1.0000 -4.0000 1.0000 -3.3000 2 1.0000 1.0000 1.0200 2.0000 -10.0000 -14.0000 6.0000 -6.0000 -2.0000 0.5000 0.5000 0.5000 0.5000 0.5000 2.5000 1.8418 4.5925 
14.0000 35.0000 1.0000 0.0000 1.0000 9.9000 8 -1.0000 1.0000 0.8890 6.0000 -2.0000 -10.0000 2.0000 -6.0000 10.0000 0.5000 0.5000 0.5000 0.5000 0.5000 2.5000 1.7878 4.5425 
14.0000 63.0000 1.0000 4.0000 1.0000 9.9000 8 -1.0000 1.0000 1.2080 -6.0000 2.0000 14.0000 -2.0000 10.0000 6.0000 0.5000 0.5000 0.5000 0.5000 0.5000 2.5000 1.8914 4.6425 
14.0000 55.0000 1.0000 2.0000 0.0000 6.6000 8 -1.0000 1.0000 1.9730 12.0000 4.0000 -8.0000 8.0000 -4.0000 0.0000 0.3829 0.6662 0.5292 0.4291 0.4909 2.4984 1.9939 4.7409 
14.0000 68.0000 1.0000 4.0000 0.0000 3.3000 2 1.0000 0.0000 1.0430 -6.0000 2.0000 10.0000 -2.0000 14.0000 6.0000 0.3880 0.5056 0.4749 0.5920 0.5335 2.4940 1.8545 4.5865 
14.0000 51.0000 1.0000 2.0000 0.0000 -6.6000 2 1.0000 1.0000 0.9610 -4.0000 4.0000 12.0000 0.0000 8.0000 -8.0000 0.3191 0.4169 0.3727 0.6555 0.7312 2.4954 1.9329 4.6880 
14.0000 43.0000 1.0000 2.0000 1.0000 -9.9000 2 1.0000 1.0000 0.8420 8.0000 0.0000 -8.0000 4.0000 -4.0000 12.0000 0.5000 0.5000 0.5000 0.5000 0.5000 2.5000 1.9210 4.6759 
14.0000 58.0000 1.0000 4.0000 1.0000 -6.6000 2 1.0000 1.0000 0.7990 6.0000 -2.0000 -6.0000 14.0000 2.0000 10.0000 0.5000 0.5000 0.5000 0.5000 0.5000 2.5000 1.7876 4.5426 
14.0000 12.0000 1.0000 -4.0000 0.0000 3.3000 2 1.0000 0.0000 0.9210 6.0000 -6.0000 -10.0000 -2.0000 -14.0000 2.0000 0.6317 0.5911 0.5177 0.4339 0.3250 2.4994 1.8555 4.6086 
14.0000 31.0000 1.0000 0.0000 1.0000 -3.3000 2 1.0000 1.0000 0.7330 6.0000 -6.0000 -10.0000 10.0000 -2.0000 2.0000 0.5000 0.5000 0.5000 0.5000 0.5000 2.5000 1.9179 4.6760 
14.0000 67.0000 1.0000 4.0000 0.0000 0.0000 2 1.0000 0.0000 1.6560 -2.0000 6.0000 14.0000 2.0000 10.0000 -6.0000 0.4564 0.4814 0.6708 0.4133 0.4868 2.5088 1.9432 4.7013 
14.0000 11.0000 1.0000 -4.0000 0.0000 0.0000 2 1.0000 0.0000 0.9910 2.0000 -6.0000 -10.0000 -2.0000 -14.0000 6.0000 0.5223 0.7035 0.4951 0.3051 0.4824 2.5084 1.8284 4.5842 
14.0000 42.0000 1.0000 0.0000 0.0000 9.9000 8 -1.0000 1.0000 1.3160 -2.0000 6.0000 10.0000 -10.0000 2.0000 -6.0000 0.3042 0.6429 0.3660 0.7339 0.4605 2.5075 1.8549 4.6167 
14.0000 18.0000 1.0000 -2.0000 1.0000 0.0000 2 1.0000 0.0000 1.1080 0.0000 -8.0000 -12.0000 8.0000 -4.0000 4.0000 0.5000 0.5000 0.5000 0.5000 0.5000 2.5000 1.9919 4.7427 
14.0000 20.0000 1.0000 -2.0000 1.0000 6.6000 8 -1.0000 1.0000 2.2350 8.0000 -4.0000 -12.0000 0.0000 -8.0000 4.0000 0.5000 0.5000 0.5000 0.5000 0.5000 2.5000 1.8812 4.6425 
14.0000 70.0000 1.0000 4.0000 0.0000 9.9000 8 -1.0000 1.0000 1.0140 -6.0000 2.0000 10.0000 -2.0000 14.0000 6.0000 0.4869 0.3157 0.7449 0.3568 0.6000 2.5043 1.9564 4.7136 
14.0000 21.0000 1.0000 -2.0000 1.0000 9.9000 8 -1.0000 1.0000 0.8730 -12.0000 0.0000 8.0000 -4.0000 4.0000 -8.0000 0.5000 0.5000 0.5000 0.5000 0.5000 2.5000 1.8277 4.5757 
14.0000 65.0000 1.0000 4.0000 0.0000 -6.6000 2 1.0000 1.0000 0.8530 10.0000 2.0000 -6.0000 6.0000 -2.0000 14.0000 0.3454 0.4148 0.5051 0.7435 0.4934 2.5022 1.9787 4.7282 
14.0000 15.0000 1.0000 -2.0000 1.0000 -9.9000 2 1.0000 1.0000 0.7360 -12.0000 0.0000 4.0000 -4.0000 8.0000 -8.0000 0.5000 0.5000 0.5000 0.5000 0.5000 2.5000 1.9961 4.7427 
14.0000 46.0000 1.0000 2.0000 1.0000 0.0000 2 1.0000 0.0000 1.4560 -4.0000 4.0000 12.0000 0.0000 8.0000 -8.0000 0.5000 0.5000 0.5000 0.5000 0.5000 2.5000 1.8604 4.6093 
14.0000 49.0000 1.0000 2.0000 1.0000 9.9000 8 -1.0000 1.0000 0.9150 12.0000 0.0000 -4.0000 4.0000 -8.0000 8.0000 0.5000 0.5000 0.5000 0.5000 0.5000 2.5000 1.7693 4.5092 
14.0000 60.0000 1.0000 4.0000 1.0000 0.0000 2 1.0000 0.0000 0.9960 10.0000 2.0000 -2.0000 6.0000 -6.0000 14.0000 0.5000 0.5000 0.5000 0.5000 0.5000 2.5000 1.7925 4.5424 
14.0000 1.0000 1.0000 -4.0000 1.0000 -9.9000 2 1.0000 1.0000 0.7410 6.0000 -2.0000 -10.0000 2.0000 -14.0000 -6.0000 0.5000 0.5000 0.5000 0.5000 0.5000 2.5000 1.9531 4.6927 
14.0000 37.0000 1.0000 0.0000 0.0000 -6.6000 2 1.0000 1.0000 0.7220 -10.0000 2.0000 10.0000 -2.0000 6.0000 -6.0000 0.4938 0.3287 0.7437 0.5493 0.3802 2.4957 1.8795 4.6382 
14.0000 8.0000 1.0000 -4.0000 0.0000 -9.9000 2 1.0000 1.0000 0.6650 2.0000 -10.0000 -14.0000 6.0000 -6.0000 -2.0000 0.4263 0.5527 0.7977 0.3395 0.3880 2.5042 1.8087 4.5633 
14.0000 64.0000 1.0000 4.0000 0.0000 -9.9000 2 1.0000 1.0000 0.6880 -6.0000 6.0000 14.0000 2.0000 10.0000 -2.0000 0.3413 0.4005 0.4300 0.6954 0.6414 2.5086 1.8783 4.6344 
14.0000 47.0000 1.0000 2.0000 1.0000 3.3000 2 1.0000 0.0000 2.1490 8.0000 -4.0000 -8.0000 12.0000 0.0000 4.0000 0.5000 0.5000 0.5000 0.5000 0.5000 2.5000 1.9031 4.6591 
14.0000 36.0000 1.0000 0.0000 0.0000 -9.9000 2 1.0000 1.0000 0.7190 6.0000 -6.0000 -10.0000 10.0000 -2.0000 2.0000 0.3289 0.6160 0.4561 0.3484 0.7438 2.4934 1.9085 4.6526 
14.0000 25.0000 1.0000 -2.0000 0.0000 0.0000 2 1.0000 0.0000 2.1350 -12.0000 -4.0000 8.0000 -8.0000 4.0000 0.0000 0.6231 0.3588 0.5988 0.5408 0.3810 2.5026 1.9584 4.7118 
14.0000 57.0000 1.0000 4.0000 1.0000 -9.9000 2 1.0000 1.0000 0.8640 -6.0000 6.0000 10.0000 2.0000 14.0000 -2.0000 0.5000 0.5000 0.5000 0.5000 0.5000 2.5000 1.9627 4.7093 
14.0000 33.0000 1.0000 0.0000 1.0000 3.3000 8 -1.0000 1.0000 1.6380 -6.0000 2.0000 10.0000 -2.0000 6.0000 -10.0000 0.5000 0.5000 0.5000 0.5000 0.5000 2.5000 1.9372 4.6760 
14.0000 10.0000 1.0000 -4.0000 0.0000 -3.3000 2 1.0000 1.0000 1.1720 -6.0000 2.0000 6.0000 -14.0000 -2.0000 -10.0000 0.3848 0.6598 0.5730 0.4071 0.4792 2.5039 1.9494 4.6965 
14.0000 54.0000 1.0000 2.0000 0.0000 3.3000 8 -1.0000 1.0000 2.1410 0.0000 8.0000 12.0000 -8.0000 4.0000 -4.0000 0.3447 0.6555 0.4551 0.3208 0.7245 2.5006 1.7680 4.5263 
14.0000 32.0000 1.0000 0.0000 1.0000 0.0000 2 1.0000 0.0000 1.1230 10.0000 2.0000 -10.0000 6.0000 -6.0000 -2.0000 0.5000 0.5000 0.5000 0.5000 0.5000 2.5000 1.9569 4.7094 
14.0000 62.0000 1.0000 4.0000 1.0000 6.6000 2 1.0000 0.0000 1.8670 2.0000 10.0000 14.0000 -6.0000 6.0000 -2.0000 0.5000 0.5000 0.5000 0.5000 0.5000 2.5000 1.9853 4.7426 
14.0000 6.0000 1.0000 -4.0000 1.0000 6.6000 8 -1.0000 1.0000 2.4270 -6.0000 2.0000 6.0000 -14.0000 -2.0000 -10.0000 0.5000 0.5000 0.5000 0.5000 0.5000 2.5000 1.8571 4.6092 
14.0000 52.0000 1.0000 2.0000 0.0000 -3.3000 2 1.0000 1.0000 0.7790 -8.0000 0.0000 8.0000 -4.0000 12.0000 4.0000 0.7619 0.3142 0.4231 0.6409 0.3543 2.4945 1.8927 4.6369 
14.0000 26.0000 1.0000 -2.0000 0.0000 3.3000 2 1.0000 0.0000 1.1280 8.0000 -4.0000 -8.0000 0.0000 -12.0000 4.0000 0.4731 0.3081 0.5459 0.4723 0.7020 2.5013 1.9971 4.7438 
14.0000 45.0000 1.0000 2.0000 1.0000 -3.3000 2 1.0000 1.0000 0.7710 12.0000 4.0000 -4.0000 8.0000 -8.0000 0.0000 0.5000 0.5000 0.5000 0.5000 0.5000 2.5000 1.7676 4.5092 
14.0000 28.0000 1.0000 -2.0000 0.0000 9.9000 8 -1.0000 1.0000 1.0510 -8.0000 0.0000 8.0000 -4.0000 4.0000 -12.0000 0.5539 0.5220 0.4213 0.6319 0.3795 2.5086 1.9506 4.7013 
14.0000 66.0000 1.0000 4.0000 0.0000 -3.3000 2 1.0000 1.0000 1.3080 2.0000 10.0000 14.0000 -6.0000 6.0000 -2.0000 0.3471 0.5919 0.3214 0.5474 0.6950 2.5029 1.9213 4.6621 
14.0000 22.0000 1.0000 -2.0000 0.0000 -9.9000 2 1.0000 1.0000 0.6850 0.0000 -8.0000 -12.0000 8.0000 -4.0000 4.0000 0.5729 0.4435 0.5769 0.4270 0.4876 2.5079 1.9045 4.6671 
14.0000 27.0000 1.0000 -2.0000 0.0000 6.6000 2 1.0000 0.0000 1.3380 8.0000 0.0000 -12.0000 4.0000 -8.0000 -4.0000 0.3598 0.4549 0.5105 0.6199 0.5520 2.4970 1.9283 4.6896 
14.0000 30.0000 1.0000 0.0000 1.0000 -6.6000 2 1.0000 1.0000 0.7380 6.0000 -2.0000 -10.0000 2.0000 -6.0000 10.0000 0.5000 0.5000 0.5000 0.5000 0.5000 2.5000 1.7767 4.5259 
14.0000 23.0000 1.0000 -2.0000 0.0000 -6.6000 2 1.0000 1.0000 0.6200 -12.0000 0.0000 4.0000 -4.0000 8.0000 -8.0000 0.4869 0.5733 0.6881 0.3890 0.3529 2.4903 1.9602 4.6994 
14.0000 4.0000 1.0000 -4.0000 1.0000 0.0000 2 1.0000 0.0000 1.4800 6.0000 -2.0000 -10.0000 2.0000 -14.0000 -6.0000 0.5000 0.5000 0.5000 0.5000 0.5000 2.5000 1.8305 4.5758 
14.0000 53.0000 1.0000 2.0000 0.0000 0.0000 2 1.0000 0.0000 1.0030 -8.0000 4.0000 12.0000 0.0000 8.0000 -4.0000 0.7622 0.3826 0.7132 0.3000 0.3432 2.5012 1.8005 4.5438 
14.0000 24.0000 1.0000 -2.0000 0.0000 -3.3000 2 1.0000 1.0000 0.8260 4.0000 -8.0000 -12.0000 8.0000 -4.0000 0.0000 0.6014 0.5185 0.3507 0.5725 0.4540 2.4971 1.9489 4.6895 
14.0000 50.0000 1.0000 2.0000 0.0000 -9.9000 2 1.0000 1.0000 0.7830 12.0000 0.0000 -4.0000 4.0000 -8.0000 8.0000 0.3031 0.6621 0.4525 0.6841 0.4053 2.5071 1.9811 4.7331 
14.0000 44.0000 1.0000 2.0000 1.0000 -6.6000 2 1.0000 1.0000 0.6250 -8.0000 4.0000 8.0000 0.0000 12.0000 -4.0000 0.5000 0.5000 0.5000 0.5000 0.5000 2.5000 1.7535 4.4926 
14.0000 39.0000 1.0000 0.0000 0.0000 0.0000 2 1.0000 0.0000 0.8930 -6.0000 6.0000 10.0000 -10.0000 2.0000 -2.0000 0.6213 0.4485 0.6836 0.3313 0.4227 2.5075 1.7963 4.5669 
14.0000 16.0000 1.0000 -2.0000 1.0000 -6.6000 2 1.0000 1.0000 1.3130 4.0000 -8.0000 -12.0000 8.0000 -4.0000 0.0000 0.5000 0.5000 0.5000 0.5000 0.5000 2.5000 1.8907 4.6427 
14.0000 69.0000 1.0000 4.0000 0.0000 6.6000 8 -1.0000 1.0000 2.1640 6.0000 -2.0000 -6.0000 14.0000 2.0000 10.0000 0.7133 0.4048 0.4649 0.3206 0.6059 2.5095 1.7710 4.5353 
14.0000 59.0000 1.0000 4.0000 1.0000 -3.3000 2 1.0000 1.0000 1.2470 -6.0000 6.0000 14.0000 2.0000 10.0000 -2.0000 0.5000 0.5000 0.5000 0.5000 0.5000 2.5000 1.8879 4.6425 
14.0000 7.0000 1.0000 -4.0000 1.0000 9.9000 8 -1.0000 1.0000 1.1490 2.0000 -10.0000 -14.0000 6.0000 -6.0000 -2.0000 0.5000 0.5000 0.5000 0.5000 0.5000 2.5000 1.8892 4.6425 
14.0000 17.0000 1.0000 -2.0000 1.0000 -3.3000 2 1.0000 1.0000 1.1430 -8.0000 0.0000 4.0000 -4.0000 8.0000 -12.0000 0.5000 0.5000 0.5000 0.5000 0.5000 2.5000 1.7527 4.5092 
14.0000 48.0000 1.0000 2.0000 1.0000 6.6000 8 -1.0000 1.0000 1.9860 -8.0000 0.0000 8.0000 -4.0000 12.0000 4.0000 0.5000 0.5000 0.5000 0.5000 0.5000 2.5000 1.8836 4.6258 
14.0000 61.0000 1.0000 4.0000 1.0000 3.3000 8 -1.0000 1.0000 2.6110 10.0000 2.0000 -6.0000 6.0000 -2.0000 14.0000 0.5000 0.5000 0.5000 0.5000 0.5000 2.5000 1.9514 4.6926 
14.0000 19.0000 1.0000 -2.0000 1.0000 3.3000 8 -1.0000 1.0000 3.4170 4.0000 -4.0000 -12.0000 0.0000 -8.0000 8.0000 0.5000 0.5000 0.5000 0.5000 0.5000 2.5000 1.7766 4.5259 
14.0000 13.0000 1.0000 -4.0000 0.0000 6.6000 8 -1.0000 1.0000 2.6700 6.0000 -6.0000 -14.0000 -2.0000 -10.0000 2.0000 0.4280 0.3350 0.6255 0.4193 0.6864 2.4942 1.9078 4.6534 
14.0000 17.0000 2.0000 -2.0000 1.0000 -3.3000 2 1.0000 1.0000 0.7690 0.0000 -8.0000 -12.0000 8.0000 -4.0000 4.0000 0.5000 0.5000 0.5000 0.5000 0.5000 2.5000 1.7592 4.5092 
14.0000 20.0000 2.0000 -2.0000 1.0000 6.6000 8 -1.0000 1.0000 1.5250 4.0000 -4.0000 -8.0000 0.0000 -12.0000 8.0000 0.5000 0.5000 0.5000 0.5000 0.5000 2.5000 1.8779 4.6258 
14.0000 57.0000 2.0000 4.0000 1.0000 -9.9000 2 1.0000 1.0000 0.8370 -6.0000 6.0000 10.0000 2.0000 14.0000 -2.0000 0.5000 0.5000 0.5000 0.5000 0.5000 2.5000 1.8668 4.6094 
14.0000 3.0000 2.0000 -4.0000 1.0000 -3.3000 2 1.0000 1.0000 0.7210 6.0000 -2.0000 -14.0000 2.0000 -10.0000 -6.0000 0.5000 0.5000 0.5000 0.5000 0.5000 2.5000 1.7688 4.5092 
14.0000 62.0000 2.0000 4.0000 1.0000 6.6000 8 -1.0000 1.0000 0.8920 -6.0000 6.0000 10.0000 2.0000 14.0000 -2.0000 0.5000 0.5000 0.5000 0.5000 0.5000 2.5000 1.7853 4.5260 
14.0000 39.0000 2.0000 0.0000 0.0000 0.0000 2 1.0000 0.0000 1.4740 -6.0000 2.0000 6.0000 -2.0000 10.0000 -10.0000 0.5885 0.4817 0.3234 0.6686 0.4389 2.5012 1.9147 4.6605 
14.0000 46.0000 2.0000 2.0000 1.0000 0.0000 2 1.0000 0.0000 1.1400 -8.0000 4.0000 8.0000 0.0000 12.0000 -4.0000 0.5000 0.5000 0.5000 0.5000 0.5000 2.5000 1.9756 4.7261 
14.0000 33.0000 2.0000 0.0000 1.0000 3.3000 2 1.0000 0.0000 3.0990 -6.0000 2.0000 10.0000 -2.0000 6.0000 -10.0000 0.5000 0.5000 0.5000 0.5000 0.5000 2.5000 1.7796 4.5426 
14.0000 47.0000 2.0000 2.0000 1.0000 3.3000 2 1.0000 0.0000 1.5550 0.0000 8.0000 12.0000 -8.0000 4.0000 -4.0000 0.5000 0.5000 0.5000 0.5000 0.5000 2.5000 1.8147 4.5758 
14.0000 34.0000 2.0000 0.0000 1.0000 6.6000 8 -1.0000 1.0000 2.5020 -6.0000 2.0000 10.0000 -2.0000 6.0000 -10.0000 0.5000 0.5000 0.5000 0.5000 0.5000 2.5000 1.8680 4.6259 
14.0000 21.0000 2.0000 -2.0000 1.0000 9.9000 8 -1.0000 1.0000 0.8840 -12.0000 -4.0000 8.0000 -8.0000 4.0000 0.0000 0.5000 0.5000 0.5000 0.5000 0.5000 2.5000 1.8731 4.6259 
14.0000 22.0000 2.0000 -2.0000 0.0000 -9.9000 2 1.0000 1.0000 1.0220 8.0000 0.0000 -8.0000 4.0000 -12.0000 -4.0000 0.3705 0.7053 0.4369 0.3997 0.5968 2.5092 1.8176 4.5684 
14.0000 28.0000 2.0000 -2.0000 0.0000 9.9000 8 -1.0000 1.0000 2.2010 0.0000 -8.0000 -12.0000 8.0000 -4.0000 4.0000 0.5191 0.4315 0.6739 0.5233 0.3503 2.4981 1.8395 4.5908 
14.0000 61.0000 2.0000 4.0000 1.0000 3.3000 2 1.0000 0.0000 1.1990 14.0000 2.0000 -6.0000 6.0000 -2.0000 10.0000 0.5000 0.5000 0.5000 0.5000 0.5000 2.5000 1.7763 4.5258 
14.0000 32.0000 2.0000 0.0000 1.0000 0.0000 2 1.0000 0.0000 0.8920 -10.0000 2.0000 6.0000 -2.0000 10.0000 -6.0000 0.5000 0.5000 0.5000 0.5000 0.5000 2.5000 1.8065 4.5592 
14.0000 13.0000 2.0000 -4.0000 0.0000 6.6000 8 -1.0000 1.0000 3.0460 -10.0000 -2.0000 6.0000 -6.0000 2.0000 -14.0000 0.7186 0.6113 0.4832 0.3359 0.3609 2.5100 1.9975 4.7692 
14.0000 51.0000 2.0000 2.0000 0.0000 -6.6000 2 1.0000 1.0000 0.8480 -8.0000 0.0000 8.0000 -4.0000 12.0000 4.0000 0.4046 0.3180 0.6496 0.3753 0.7444 2.4920 1.8668 4.6179 
14.0000 59.0000 2.0000 4.0000 1.0000 -3.3000 2 1.0000 1.0000 0.7300 14.0000 6.0000 -6.0000 10.0000 -2.0000 2.0000 0.5000 0.5000 0.5000 0.5000 0.5000 2.5000 1.8231 4.5758 
14.0000 25.0000 2.0000 -2.0000 0.0000 0.0000 2 1.0000 0.0000 0.8940 -8.0000 4.0000 8.0000 -12.0000 0.0000 -4.0000 0.5598 0.4837 0.4027 0.6388 0.4132 2.4982 1.9190 4.6740 
14.0000 40.0000 2.0000 0.0000 0.0000 3.3000 2 1.0000 0.0000 1.3910 10.0000 2.0000 -6.0000 6.0000 -10.0000 -2.0000 0.4907 0.5171 0.5956 0.4648 0.4283 2.4964 1.9860 4.7391 
14.0000 60.0000 2.0000 4.0000 1.0000 0.0000 2 1.0000 0.0000 1.1830 10.0000 2.0000 -6.0000 6.0000 -2.0000 14.0000 0.5000 0.5000 0.5000 0.5000 0.5000 2.5000 1.9489 4.6927 
14.0000 4.0000 2.0000 -4.0000 1.0000 0.0000 2 1.0000 0.0000 0.8070 -2.0000 -10.0000 -14.0000 6.0000 -6.0000 2.0000 0.5000 0.5000 0.5000 0.5000 0.5000 2.5000 1.9826 4.7259 
14.0000 50.0000 2.0000 2.0000 0.0000 -9.9000 2 1.0000 1.0000 0.7510 12.0000 4.0000 -8.0000 8.0000 -4.0000 0.0000 0.5225 0.6586 0.4743 0.3655 0.4860 2.5070 1.9100 4.6661 
14.0000 68.0000 2.0000 4.0000 0.0000 3.3000 2 1.0000 0.0000 2.3090 10.0000 -2.0000 -6.0000 14.0000 2.0000 6.0000 0.3525 0.6631 0.6335 0.5396 0.3130 2.5018 1.8453 4.6110 
14.0000 44.0000 2.0000 2.0000 1.0000 -6.6000 2 1.0000 1.0000 0.7080 12.0000 0.0000 -8.0000 4.0000 -4.0000 8.0000 0.5000 0.5000 0.5000 0.5000 0.5000 2.5000 1.9940 4.7425 
14.0000 11.0000 2.0000 -4.0000 0.0000 0.0000 2 1.0000 0.0000 0.7590 -10.0000 -2.0000 2.0000 -6.0000 6.0000 -14.0000 0.6337 0.3091 0.4782 0.3125 0.7694 2.5028 1.9227 4.6788 
14.0000 49.0000 2.0000 2.0000 1.0000 9.9000 8 -1.0000 1.0000 1.5540 12.0000 4.0000 -8.0000 8.0000 -4.0000 0.0000 0.5000 0.5000 0.5000 0.5000 0.5000 2.5000 1.8904 4.6425 
14.0000 15.0000 2.0000 -2.0000 1.0000 -9.9000 2 1.0000 1.0000 0.7560 -8.0000 0.0000 4.0000 -4.0000 8.0000 -12.0000 0.5000 0.5000 0.5000 0.5000 0.5000 2.5000 1.7945 4.5425 
14.0000 8.0000 2.0000 -4.0000 0.0000 -9.9000 2 1.0000 1.0000 0.7960 -10.0000 2.0000 6.0000 -14.0000 -2.0000 -6.0000 0.6501 0.3866 0.4465 0.5420 0.4799 2.5050 1.9405 4.6978 
14.0000 29.0000 2.0000 0.0000 1.0000 -9.9000 2 1.0000 1.0000 0.7400 6.0000 -2.0000 -10.0000 2.0000 -6.0000 10.0000 0.5000 0.5000 0.5000 0.5000 0.5000 2.5000 1.9670 4.7093 
14.0000 19.0000 2.0000 -2.0000 1.0000 3.3000 2 1.0000 0.0000 2.1620 -8.0000 0.0000 8.0000 -4.0000 4.0000 -12.0000 0.5000 0.5000 0.5000 0.5000 0.5000 2.5000 1.8083 4.5591 
14.0000 35.0000 2.0000 0.0000 1.0000 9.9000 8 -1.0000 1.0000 1.1060 10.0000 -2.0000 -6.0000 2.0000 -10.0000 6.0000 0.5000 0.5000 0.5000 0.5000 0.5000 2.5000 1.9817 4.7259 
14.0000 63.0000 2.0000 4.0000 1.0000 9.9000 8 -1.0000 1.0000 1.3390 14.0000 6.0000 -6.0000 10.0000 -2.0000 2.0000 0.5000 0.5000 0.5000 0.5000 0.5000 2.5000 1.9615 4.7259 
14.0000 37.0000 2.0000 0.0000 0.0000 -6.6000 2 1.0000 1.0000 0.9470 -2.0000 6.0000 10.0000 -10.0000 2.0000 -6.0000 0.5359 0.5655 0.5186 0.4823 0.4054 2.5076 1.9666 4.7335 
14.0000 41.0000 2.0000 0.0000 0.0000 6.6000 8 -1.0000 1.0000 2.0590 10.0000 -2.0000 -10.0000 2.0000 -6.0000 6.0000 0.4802 0.7152 0.3196 0.3950 0.5834 2.4935 1.9561 4.7027 
14.0000 18.0000 2.0000 -2.0000 1.0000 0.0000 8 -1.0000 0.0000 2.8090 4.0000 -8.0000 -12.0000 8.0000 -4.0000 0.0000 0.5000 0.5000 0.5000 0.5000 0.5000 2.5000 1.9652 4.7091 
14.0000 16.0000 2.0000 -2.0000 1.0000 -6.6000 2 1.0000 1.0000 0.7710 8.0000 -4.0000 -12.0000 0.0000 -8.0000 4.0000 0.5000 0.5000 0.5000 0.5000 0.5000 2.5000 1.8197 4.5759 
14.0000 43.0000 2.0000 2.0000 1.0000 -9.9000 2 1.0000 1.0000 0.6650 -8.0000 0.0000 8.0000 -4.0000 12.0000 4.0000 0.5000 0.5000 0.5000 0.5000 0.5000 2.5000 1.8110 4.5593 
14.0000 48.0000 2.0000 2.0000 1.0000 6.6000 8 -1.0000 1.0000 1.5700 -8.0000 4.0000 12.0000 0.0000 8.0000 -4.0000 0.5000 0.5000 0.5000 0.5000 0.5000 2.5000 1.8262 4.5759 
14.0000 52.0000 2.0000 2.0000 0.0000 -3.3000 2 1.0000 1.0000 0.8250 -8.0000 0.0000 12.0000 -4.0000 8.0000 4.0000 0.5855 0.3256 0.4691 0.3897 0.7396 2.5095 1.8492 4.6021 
14.0000 65.0000 2.0000 4.0000 0.0000 -6.6000 2 1.0000 1.0000 0.6950 -2.0000 10.0000 14.0000 -6.0000 6.0000 2.0000 0.5877 0.7304 0.3800 0.4636 0.3459 2.5076 1.9296 4.7001 
14.0000 7.0000 2.0000 -4.0000 1.0000 9.9000 8 -1.0000 1.0000 1.6640 -6.0000 2.0000 6.0000 -14.0000 -2.0000 -10.0000 0.5000 0.5000 0.5000 0.5000 0.5000 2.5000 1.8005 4.5593 
14.0000 54.0000 2.0000 2.0000 0.0000 3.3000 8 -1.0000 1.0000 1.6980 4.0000 -4.0000 -8.0000 12.0000 0.0000 8.0000 0.4028 0.4985 0.6669 0.3412 0.5847 2.4942 1.7857 4.5367 
14.0000 69.0000 2.0000 4.0000 0.0000 6.6000 8 -1.0000 1.0000 1.0150 -6.0000 6.0000 14.0000 2.0000 10.0000 -2.0000 0.3936 0.6114 0.4761 0.6382 0.3896 2.5089 1.9033 4.6682 
14.0000 23.0000 2.0000 -2.0000 0.0000 -6.6000 2 1.0000 1.0000 0.7310 0.0000 -8.0000 -12.0000 8.0000 -4.0000 4.0000 0.3260 0.7916 0.5980 0.3599 0.4222 2.4976 1.9961 4.7403 
14.0000 9.0000 2.0000 -4.0000 0.0000 -6.6000 2 1.0000 1.0000 0.7460 -6.0000 2.0000 6.0000 -14.0000 -2.0000 -10.0000 0.5223 0.3966 0.7443 0.4482 0.3867 2.4982 1.8260 4.5740 
14.0000 30.0000 2.0000 0.0000 1.0000 -6.6000 2 1.0000 1.0000 0.7920 -2.0000 6.0000 10.0000 -10.0000 2.0000 -6.0000 0.5000 0.5000 0.5000 0.5000 0.5000 2.5000 1.8537 4.6093 
14.0000 24.0000 2.0000 -2.0000 0.0000 -3.3000 2 1.0000 1.0000 0.8560 8.0000 -4.0000 -12.0000 0.0000 -8.0000 4.0000 0.4915 0.4273 0.5075 0.4050 0.6699 2.5011 1.7601 4.5103 
14.0000 55.0000 2.0000 2.0000 0.0000 6.6000 8 -1.0000 1.0000 1.4830 -8.0000 0.0000 8.0000 -4.0000 12.0000 4.0000 0.5700 0.4825 0.3376 0.6836 0.4276 2.5012 1.9978 4.7440 
14.0000 10.0000 2.0000 -4.0000 0.0000 -3.3000 2 1.0000 1.0000 0.8360 6.0000 -6.0000 -10.0000 -2.0000 -14.0000 2.0000 0.6934 0.5994 0.4240 0.3103 0.4788 2.5059 1.8402 4.5983 
14.0000 1.0000 2.0000 -4.0000 1.0000 -9.9000 2 1.0000 1.0000 0.7990 -14.0000 -6.0000 2.0000 -10.0000 6.0000 -2.0000 0.5000 0.5000 0.5000 0.5000 0.5000 2.5000 1.8220 4.5760 
14.0000 53.0000 2.0000 2.0000 0.0000 0.0000 2 1.0000 0.0000 2.8660 12.0000 4.0000 -8.0000 8.0000 -4.0000 0.0000 0.4550 0.5946 0.3121 0.5389 0.6022 2.5027 1.8368 4.5952 
14.0000 31.0000 2.0000 0.0000 1.0000 -3.3000 8 -1.0000 0.0000 2.1590 -2.0000 6.0000 10.0000 -10.0000 2.0000 -6.0000 0.5000 0.5000 0.5000 0.5000 0.5000 2.5000 1.9129 4.6592 
14.0000 2.0000 2.0000 -4.0000 1.0000 -6.6000 2 1.0000 1.0000 0.7940 -10.0000 -2.0000 2.0000 -6.0000 6.0000 -14.0000 0.5000 0.5000 0.5000 0.5000 0.5000 2.5000 1.8204 4.5759 
14.0000 36.0000 2.0000 0.0000 0.0000 -9.9000 2 1.0000 1.0000 0.7630 10.0000 2.0000 -10.0000 6.0000 -6.0000 -2.0000 0.6447 0.4743 0.4424 0.3369 0.6066 2.5049 1.9852 4.7309 
14.0000 67.0000 2.0000 4.0000 0.0000 0.0000 2 1.0000 0.0000 1.1690 10.0000 2.0000 -2.0000 6.0000 -6.0000 14.0000 0.3642 0.4853 0.6902 0.4305 0.5340 2.5042 1.9775 4.7301 
14.0000 66.0000 2.0000 4.0000 0.0000 -3.3000 2 1.0000 1.0000 1.2770 -6.0000 2.0000 10.0000 -2.0000 14.0000 6.0000 0.4442 0.6391 0.3345 0.7796 0.3016 2.4990 1.8876 4.6250 
14.0000 45.0000 2.0000 2.0000 1.0000 -3.3000 2 1.0000 1.0000 0.7700 8.0000 0.0000 -8.0000 4.0000 -4.0000 12.0000 0.5000 0.5000 0.5000 0.5000 0.5000 2.5000 1.9343 4.6759 
14.0000 70.0000 2.0000 4.0000 0.0000 9.9000 8 -1.0000 1.0000 1.5380 -6.0000 2.0000 14.0000 -2.0000 10.0000 6.0000 0.5357 0.5617 0.3653 0.5900 0.4546 2.5074 1.9741 4.7334 
14.0000 6.0000 2.0000 -4.0000 1.0000 6.6000 2 1.0000 0.0000 2.3110 6.0000 -6.0000 -10.0000 -2.0000 -14.0000 2.0000 0.5000 0.5000 0.5000 0.5000 0.5000 2.5000 1.8114 4.5759 
14.0000 56.0000 2.0000 2.0000 0.0000 9.9000 8 -1.0000 1.0000 1.4660 12.0000 0.0000 -4.0000 4.0000 -8.0000 8.0000 0.3570 0.6030 0.5437 0.3379 0.6528 2.4944 1.7508 4.5036 
14.0000 26.0000 2.0000 -2.0000 0.0000 3.3000 8 -1.0000 1.0000 2.8220 0.0000 -8.0000 -12.0000 8.0000 -4.0000 4.0000 0.5508 0.7893 0.3354 0.4410 0.3784 2.4948 1.7593 4.5039 
14.0000 12.0000 2.0000 -4.0000 0.0000 3.3000 8 -1.0000 1.0000 1.9080 -6.0000 2.0000 6.0000 -14.0000 -2.0000 -10.0000 0.3114 0.5773 0.4383 0.6706 0.4965 2.4942 1.9559 4.7035 
14.0000 58.0000 2.0000 4.0000 1.0000 -6.6000 2 1.0000 1.0000 0.7530 6.0000 -2.0000 -6.0000 14.0000 2.0000 10.0000 0.5000 0.5000 0.5000 0.5000 0.5000 2.5000 1.9032 4.6593 
14.0000 14.0000 2.0000 -4.0000 0.0000 9.9000 8 -1.0000 1.0000 1.7820 6.0000 -6.0000 -10.0000 -2.0000 -14.0000 2.0000 0.4944 0.3581 0.3874 0.5995 0.6620 2.5014 1.8556 4.6106 
14.0000 27.0000 2.0000 -2.0000 0.0000 6.6000 8 -1.0000 1.0000 2.2330 -8.0000 4.0000 8.0000 -12.0000 0.0000 -4.0000 0.3040 0.4052 0.5984 0.5244 0.6753 2.5073 1.8269 4.5832 
14.0000 5.0000 2.0000 -4.0000 1.0000 3.3000 2 1.0000 0.0000 1.4200 -14.0000 -2.0000 6.0000 -6.0000 2.0000 -10.0000 0.5000 0.5000 0.5000 0.5000 0.5000 2.5000 1.8424 4.5926 
14.0000 42.0000 2.0000 0.0000 0.0000 9.9000 8 -1.0000 1.0000 1.5560 -6.0000 6.0000 10.0000 -10.0000 2.0000 -2.0000 0.3370 0.5798 0.3666 0.5538 0.6605 2.4977 1.8725 4.6237 
14.0000 38.0000 2.0000 0.0000 0.0000 -3.3000 2 1.0000 1.0000 0.8400 10.0000 2.0000 -6.0000 6.0000 -10.0000 -2.0000 0.6228 0.5422 0.3587 0.4673 0.5020 2.4930 1.8855 4.6357 
14.0000 64.0000 2.0000 4.0000 0.0000 -9.9000 2 1.0000 1.0000 0.7710 10.0000 -2.0000 -6.0000 14.0000 2.0000 6.0000 0.6106 0.3886 0.5968 0.4155 0.4851 2.4965 1.9724 4.7225 
14.0000 61.0000 3.0000 4.0000 1.0000 3.3000 2 1.0000 0.0000 1.2390 10.0000 -2.0000 -6.0000 14.0000 2.0000 6.0000 0.5000 0.5000 0.5000 0.5000 0.5000 2.5000 1.9817 4.7258 
14.0000 50.0000 3.0000 2.0000 0.0000 -9.9000 2 1.0000 1.0000 0.7040 -4.0000 4.0000 12.0000 0.0000 8.0000 -8.0000 0.4274 0.7815 0.3209 0.3788 0.5852 2.4937 1.8986 4.6362 
14.0000 23.0000 3.0000 -2.0000 0.0000 -6.6000 2 1.0000 1.0000 0.6210 4.0000 -8.0000 -12.0000 8.0000 -4.0000 0.0000 0.3488 0.6479 0.5240 0.3698 0.6079 2.4985 1.9128 4.6577 
14.0000 60.0000 3.0000 4.0000 1.0000 0.0000 2 1.0000 0.0000 0.7720 14.0000 6.0000 -6.0000 10.0000 -2.0000 2.0000 0.5000 0.5000 0.5000 0.5000 0.5000 2.5000 1.7737 4.5259 
14.0000 25.0000 3.0000 -2.0000 0.0000 0.0000 2 1.0000 0.0000 0.6190 -12.0000 0.0000 4.0000 -4.0000 8.0000 -8.0000 0.6239 0.3134 0.6188 0.4067 0.5329 2.4957 1.7630 4.5215 
14.0000 34.0000 3.0000 0.0000 1.0000 6.6000 2 1.0000 0.0000 1.1080 6.0000 -2.0000 -6.0000 2.0000 -10.0000 10.0000 0.5000 0.5000 0.5000 0.5000 0.5000 2.5000 1.8569 4.6092 
14.0000 68.0000 3.0000 4.0000 0.0000 3.3000 2 1.0000 0.0000 1.2060 14.0000 2.0000 -2.0000 6.0000 -6.0000 10.0000 0.4045 0.6341 0.3703 0.4811 0.6053 2.4953 1.7972 4.5379 
14.0000 4.0000 3.0000 -4.0000 1.0000 0.0000 2 1.0000 0.0000 1.5780 6.0000 -6.0000 -10.0000 -2.0000 -14.0000 2.0000 0.5000 0.5000 0.5000 0.5000 0.5000 2.5000 1.8071 4.5592 
14.0000 38.0000 3.0000 0.0000 0.0000 -3.3000 2 1.0000 1.0000 0.8480 10.0000 -2.0000 -10.0000 2.0000 -6.0000 6.0000 0.4892 0.5489 0.5117 0.4659 0.4930 2.5086 1.9840 4.7346 
14.0000 9.0000 3.0000 -4.0000 0.0000 -6.6000 2 1.0000 1.0000 0.9720 -14.0000 -2.0000 6.0000 -6.0000 2.0000 -10.0000 0.7181 0.4535 0.4147 0.5669 0.3388 2.4921 1.8184 4.5514 
14.0000 33.0000 3.0000 0.0000 1.0000 3.3000 8 -1.0000 1.0000 2.4700 -6.0000 6.0000 10.0000 -10.0000 2.0000 -2.0000 0.5000 0.5000 0.5000 0.5000 0.5000 2.5000 1.9412 4.6926 
14.0000 15.0000 3.0000 -2.0000 1.0000 -9.9000 2 1.0000 1.0000 0.6360 8.0000 -4.0000 -8.0000 0.0000 -12.0000 4.0000 0.5000 0.5000 0.5000 0.5000 0.5000 2.5000 1.8796 4.6258 
14.0000 26.0000 3.0000 -2.0000 0.0000 3.3000 2 1.0000 0.0000 1.1230 -12.0000 -4.0000 4.0000 -8.0000 8.0000 0.0000 0.4756 0.3957 0.4248 0.7942 0.4060 2.4963 1.9019 4.6557 
14.0000 47.0000 3.0000 2.0000 1.0000 3.3000 2 1.0000 0.0000 2.4570 0.0000 8.0000 12.0000 -8.0000 4.0000 -4.0000 0.5000 0.5000 0.5000 0.5000 0.5000 2.5000 1.8288 4.5925 
14.0000 40.0000 3.0000 0.0000 0.0000 3.3000 8 -1.0000 1.0000 2.2310 -10.0000 2.0000 6.0000 -2.0000 10.0000 -6.0000 0.6594 0.3055 0.4766 0.7511 0.3107 2.5032 1.9257 4.6792 
14.0000 14.0000 3.0000 -4.0000 0.0000 9.9000 8 -1.0000 1.0000 1.0590 -14.0000 -2.0000 2.0000 -6.0000 6.0000 -10.0000 0.5241 0.3091 0.3839 0.5667 0.7078 2.4916 1.7601 4.5008 
14.0000 62.0000 3.0000 4.0000 1.0000 6.6000 8 -1.0000 1.0000 1.0460 6.0000 -2.0000 -6.0000 14.0000 2.0000 10.0000 0.5000 0.5000 0.5000 0.5000 0.5000 2.5000 1.8494 4.5926 
14.0000 57.0000 3.0000 4.0000 1.0000 -9.9000 2 1.0000 1.0000 0.6830 2.0000 10.0000 14.0000 -6.0000 6.0000 -2.0000 0.5000 0.5000 0.5000 0.5000 0.5000 2.5000 1.7574 4.5092 
14.0000 37.0000 3.0000 0.0000 0.0000 -6.6000 2 1.0000 1.0000 0.6600 -6.0000 6.0000 10.0000 -10.0000 2.0000 -2.0000 0.4460 0.5595 0.7725 0.3044 0.4164 2.4989 1.7956 4.5415 
14.0000 12.0000 3.0000 -4.0000 0.0000 3.3000 2 1.0000 0.0000 0.6530 2.0000 -10.0000 -14.0000 6.0000 -6.0000 -2.0000 0.4420 0.6956 0.5595 0.3739 0.4295 2.5004 1.8777 4.6262 
14.0000 42.0000 3.0000 0.0000 0.0000 9.9000 8 -1.0000 1.0000 1.7530 6.0000 -6.0000 -10.0000 10.0000 -2.0000 2.0000 0.3120 0.4771 0.7020 0.6183 0.3807 2.4902 1.7899 4.5160 
14.0000 5.0000 3.0000 -4.0000 1.0000 3.3000 8 -1.0000 1.0000 1.7270 -14.0000 -6.0000 2.0000 -10.0000 6.0000 -2.0000 0.5000 0.5000 0.5000 0.5000 0.5000 2.5000 1.8437 4.6092 
14.0000 11.0000 3.0000 -4.0000 0.0000 0.0000 2 1.0000 0.0000 0.7430 6.0000 -2.0000 -10.0000 2.0000 -14.0000 -6.0000 0.6633 0.3354 0.3940 0.5290 0.5763 2.4980 1.7930 4.5406 
14.0000 48.0000 3.0000 2.0000 1.0000 6.6000 8 -1.0000 1.0000 1.3520 -8.0000 4.0000 12.0000 0.0000 8.0000 -4.0000 0.5000 0.5000 0.5000 0.5000 0.5000 2.5000 1.9395 4.6926 
14.0000 63.0000 3.0000 4.0000 1.0000 9.9000 8 -1.0000 1.0000 1.0960 14.0000 6.0000 -6.0000 10.0000 -2.0000 2.0000 0.5000 0.5000 0.5000 0.5000 0.5000 2.5000 1.9799 4.7261 
14.0000 70.0000 3.0000 4.0000 0.0000 9.9000 8 -1.0000 1.0000 1.0320 6.0000 -2.0000 -6.0000 14.0000 2.0000 10.0000 0.3277 0.7320 0.6128 0.4502 0.3743 2.4970 1.7972 4.5395 
14.0000 36.0000 3.0000 0.0000 0.0000 -9.9000 2 1.0000 1.0000 0.7120 2.0000 -6.0000 -10.0000 10.0000 -2.0000 6.0000 0.5914 0.6264 0.3198 0.6122 0.3531 2.5029 1.9607 4.7121 
14.0000 28.0000 3.0000 -2.0000 0.0000 9.9000 8 -1.0000 1.0000 1.1400 -12.0000 0.0000 4.0000 -4.0000 8.0000 -8.0000 0.3742 0.5197 0.7206 0.3114 0.5751 2.5011 1.9198 4.6605 
14.0000 64.0000 3.0000 4.0000 0.0000 -9.9000 2 1.0000 1.0000 0.7630 14.0000 6.0000 -6.0000 10.0000 -2.0000 2.0000 0.6251 0.3181 0.4986 0.5489 0.5127 2.5033 1.8143 4.5625 
14.0000 6.0000 3.0000 -4.0000 1.0000 6.6000 2 1.0000 0.0000 2.5040 2.0000 -6.0000 -10.0000 -2.0000 -14.0000 6.0000 0.5000 0.5000 0.5000 0.5000 0.5000 2.5000 1.8516 4.5925 
14.0000 27.0000 3.0000 -2.0000 0.0000 6.6000 8 -1.0000 1.0000 2.1060 -12.0000 -4.0000 4.0000 -8.0000 8.0000 0.0000 0.5171 0.4780 0.3494 0.6103 0.5505 2.5053 1.9193 4.6812 
14.0000 21.0000 3.0000 -2.0000 1.0000 9.9000 8 -1.0000 1.0000 1.8720 -12.0000 -4.0000 4.0000 -8.0000 8.0000 0.0000 0.5000 0.5000 0.5000 0.5000 0.5000 2.5000 1.8345 4.5925 
14.0000 7.0000 3.0000 -4.0000 1.0000 9.9000 8 -1.0000 1.0000 1.5380 6.0000 -6.0000 -10.0000 -2.0000 -14.0000 2.0000 0.5000 0.5000 0.5000 0.5000 0.5000 2.5000 1.9977 4.7426 
14.0000 53.0000 3.0000 2.0000 0.0000 0.0000 2 1.0000 0.0000 0.7360 8.0000 0.0000 -4.0000 4.0000 -8.0000 12.0000 0.4044 0.3058 0.7748 0.3356 0.6755 2.4961 1.8686 4.6219 
14.0000 51.0000 3.0000 2.0000 0.0000 -6.6000 2 1.0000 1.0000 0.6360 4.0000 -4.0000 -8.0000 12.0000 0.0000 8.0000 0.3842 0.6857 0.6070 0.4349 0.3961 2.5080 1.8701 4.6339 
14.0000 66.0000 3.0000 4.0000 0.0000 -3.3000 2 1.0000 1.0000 0.7700 -6.0000 2.0000 10.0000 -2.0000 14.0000 6.0000 0.3197 0.5805 0.3310 0.5277 0.7414 2.5004 1.9692 4.7097 
14.0000 46.0000 3.0000 2.0000 1.0000 0.0000 2 1.0000 0.0000 0.6710 12.0000 0.0000 -4.0000 4.0000 -8.0000 8.0000 0.5000 0.5000 0.5000 0.5000 0.5000 2.5000 1.8655 4.6093 
14.0000 8.0000 3.0000 -4.0000 0.0000 -9.9000 2 1.0000 1.0000 0.6830 6.0000 -6.0000 -14.0000 -2.0000 -10.0000 2.0000 0.3030 0.3640 0.6150 0.4918 0.7332 2.5071 1.7998 4.5497 
14.0000 52.0000 3.0000 2.0000 0.0000 -3.3000 2 1.0000 1.0000 0.9490 12.0000 4.0000 -4.0000 8.0000 -8.0000 0.0000 0.7433 0.4854 0.3748 0.3448 0.5513 2.4996 1.9701 4.7088 
14.0000 49.0000 3.0000 2.0000 1.0000 9.9000 8 -1.0000 1.0000 1.5430 8.0000 -4.0000 -8.0000 12.0000 0.0000 4.0000 0.5000 0.5000 0.5000 0.5000 0.5000 2.5000 1.9281 4.6926 
14.0000 32.0000 3.0000 0.0000 1.0000 0.0000 2 1.0000 0.0000 0.7610 6.0000 -6.0000 -10.0000 10.0000 -2.0000 2.0000 0.5000 0.5000 0.5000 0.5000 0.5000 2.5000 1.8981 4.6592 
14.0000 59.0000 3.0000 4.0000 1.0000 -3.3000 2 1.0000 1.0000 0.7940 -6.0000 6.0000 10.0000 2.0000 14.0000 -2.0000 0.5000 0.5000 0.5000 0.5000 0.5000 2.5000 1.9939 4.7428 
14.0000 43.0000 3.0000 2.0000 1.0000 -9.9000 2 1.0000 1.0000 0.6320 -8.0000 4.0000 12.0000 0.0000 8.0000 -4.0000 0.5000 0.5000 0.5000 0.5000 0.5000 2.5000 1.9374 4.6925 
14.0000 31.0000 3.0000 0.0000 1.0000 -3.3000 2 1.0000 1.0000 0.6840 2.0000 -6.0000 -10.0000 10.0000 -2.0000 6.0000 0.5000 0.5000 0.5000 0.5000 0.5000 2.5000 1.8060 4.5591 
14.0000 56.0000 3.0000 2.0000 0.0000 9.9000 8 -1.0000 1.0000 1.4050 12.0000 0.0000 -4.0000 4.0000 -8.0000 8.0000 0.5032 0.4024 0.4923 0.7600 0.3333 2.4911 1.8231 4.5670 
14.0000 2.0000 3.0000 -4.0000 1.0000 -6.6000 2 1.0000 1.0000 0.6210 -2.0000 -10.0000 -14.0000 6.0000 -6.0000 2.0000 0.5000 0.5000 0.5000 0.5000 0.5000 2.5000 1.9685 4.7093 
14.0000 1.0000 3.0000 -4.0000 1.0000 -9.9000 2 1.0000 1.0000 1.1440 -10.0000 -2.0000 2.0000 -6.0000 6.0000 -14.0000 0.5000 0.5000 0.5000 0.5000 0.5000 2.5000 1.8460 4.5926 
14.0000 44.0000 3.0000 2.0000 1.0000 -6.6000 2 1.0000 1.0000 1.0430 -8.0000 4.0000 8.0000 0.0000 12.0000 -4.0000 0.5000 0.5000 0.5000 0.5000 0.5000 2.5000 1.9089 4.6593 
14.0000 20.0000 3.0000 -2.0000 1.0000 6.6000 8 -1.0000 1.0000 2.2560 -12.0000 -4.0000 4.0000 -8.0000 8.0000 0.0000 0.5000 0.5000 0.5000 0.5000 0.5000 2.5000 1.7536 4.5091 
14.0000 17.0000 3.0000 -2.0000 1.0000 -3.3000 2 1.0000 1.0000 0.8500 8.0000 0.0000 -8.0000 4.0000 -12.0000 -4.0000 0.5000 0.5000 0.5000 0.5000 0.5000 2.5000 1.9869 4.7428 
14.0000 39.0000 3.0000 0.0000 0.0000 0.0000 2 1.0000 0.0000 0.9750 10.0000 -2.0000 -10.0000 2.0000 -6.0000 6.0000 0.6712 0.4670 0.3526 0.5496 0.4553 2.4957 1.7572 4.5048 
14.0000 10.0000 3.0000 -4.0000 0.0000 -3.3000 2 1.0000 1.0000 0.7540 2.0000 -6.0000 -14.0000 -2.0000 -10.0000 6.0000 0.6918 0.7248 0.4345 0.3100 0.3479 2.5090 1.8688 4.6349 
14.0000 65.0000 3.0000 4.0000 0.0000 -6.6000 2 1.0000 1.0000 0.7570 -6.0000 2.0000 10.0000 -2.0000 14.0000 6.0000 0.3050 0.6891 0.7753 0.3865 0.3432 2.4991 1.8725 4.6250 
14.0000 18.0000 3.0000 -2.0000 1.0000 0.0000 2 1.0000 0.0000 1.4120 -12.0000 0.0000 8.0000 -4.0000 4.0000 -8.0000 0.5000 0.5000 0.5000 0.5000 0.5000 2.5000 1.8514 4.5926 
14.0000 58.0000 3.0000 4.0000 1.0000 -6.6000 2 1.0000 1.0000 0.6150 -6.0000 2.0000 14.0000 -2.0000 10.0000 6.0000 0.5000 0.5000 0.5000 0.5000 0.5000 2.5000 1.8257 4.5759 
14.0000 35.0000 3.0000 0.0000 1.0000 9.9000 8 -1.0000 1.0000 2.2380 -2.0000 6.0000 10.0000 -10.0000 2.0000 -6.0000 0.5000 0.5000 0.5000 0.5000 0.5000 2.5000 1.9840 4.7260 
14.0000 16.0000 3.0000 -2.0000 1.0000 -6.6000 2 1.0000 1.0000 0.7160 4.0000 -4.0000 -12.0000 0.0000 -8.0000 8.0000 0.5000 0.5000 0.5000 0.5000 0.5000 2.5000 1.9208 4.6592 
14.0000 13.0000 3.0000 -4.0000 0.0000 6.6000 8 -1.0000 1.0000 1.4490 -14.0000 -6.0000 2.0000 -10.0000 6.0000 -2.0000 0.3061 0.4016 0.3595 0.6662 0.7640 2.4974 1.8955 4.6567 
14.0000 41.0000 3.0000 0.0000 0.0000 6.6000 8 -1.0000 1.0000 0.9520 2.0000 -6.0000 -10.0000 10.0000 -2.0000 6.0000 0.5639 0.3266 0.6793 0.6166 0.3141 2.5006 1.8994 4.6599 
14.0000 3.0000 3.0000 -4.0000 1.0000 -3.3000 2 1.0000 1.0000 0.6280 6.0000 -6.0000 -14.0000 -2.0000 -10.0000 2.0000 0.5000 0.5000 0.5000 0.5000 0.5000 2.5000 1.8147 4.5758 
14.0000 30.0000 3.0000 0.0000 1.0000 -6.6000 2 1.0000 1.0000 0.5230 6.0000 -2.0000 -10.0000 2.0000 -6.0000 10.0000 0.5000 0.5000 0.5000 0.5000 0.5000 2.5000 1.9988 4.7426 
14.0000 69.0000 3.0000 4.0000 0.0000 6.6000 8 -1.0000 1.0000 2.1310 -2.0000 6.0000 14.0000 2.0000 10.0000 -6.0000 0.4410 0.5836 0.3692 0.5935 0.5126 2.4999 1.7704 4.5256 
14.0000 22.0000 3.0000 -2.0000 0.0000 -9.9000 2 1.0000 1.0000 0.6150 8.0000 0.0000 -12.0000 4.0000 -8.0000 -4.0000 0.3023 0.6000 0.4058 0.4961 0.6932 2.4974 1.9111 4.6566 
14.0000 29.0000 3.0000 0.0000 1.0000 -9.9000 2 1.0000 1.0000 0.6280 10.0000 -2.0000 -6.0000 2.0000 -10.0000 6.0000 0.5000 0.5000 0.5000 0.5000 0.5000 2.5000 1.9855 4.7258 
14.0000 54.0000 3.0000 2.0000 0.0000 3.3000 8 -1.0000 1.0000 2.2850 0.0000 8.0000 12.0000 -8.0000 4.0000 -4.0000 0.4365 0.4654 0.3734 0.6830 0.5369 2.4952 1.7894 4.5211 
14.0000 45.0000 3.0000 2.0000 1.0000 -3.3000 2 1.0000 1.0000 0.6580 4.0000 -4.0000 -8.0000 12.0000 0.0000 8.0000 0.5000 0.5000 0.5000 0.5000 0.5000 2.5000 1.8483 4.5926 
14.0000 19.0000 3.0000 -2.0000 1.0000 3.3000 2 1.0000 0.0000 0.7850 -4.0000 4.0000 8.0000 -12.0000 0.0000 -8.0000 0.5000 0.5000 0.5000 0.5000 0.5000 2.5000 1.9156 4.6759 
14.0000 24.0000 3.0000 -2.0000 0.0000 -3.3000 2 1.0000 1.0000 0.7140 -8.0000 0.0000 4.0000 -4.0000 8.0000 -12.0000 0.5530 0.7657 0.3661 0.5022 0.3111 2.4980 1.9269 4.6741 
14.0000 67.0000 3.0000 4.0000 0.0000 0.0000 2 1.0000 0.0000 0.9640 10.0000 -2.0000 -6.0000 14.0000 2.0000 6.0000 0.6210 0.4652 0.6345 0.4382 0.3488 2.5077 1.7508 4.5169 
14.0000 55.0000 3.0000 2.0000 0.0000 6.6000 2 1.0000 0.0000 1.1140 12.0000 0.0000 -8.0000 4.0000 -4.0000 8.0000 0.6178 0.7856 0.3291 0.3676 0.4004 2.5004 1.7774 4.5263 
14.0000 22.0000 4.0000 -2.0000 0.0000 -9.9000 2 1.0000 1.0000 0.6280 -12.0000 -4.0000 8.0000 -8.0000 4.0000 0.0000 0.6831 0.5776 0.4499 0.4153 0.3745 2.5005 1.8056 4.5596 
14.0000 9.0000 4.0000 -4.0000 0.0000 -6.6000 2 1.0000 1.0000 0.8770 6.0000 -2.0000 -10.0000 2.0000 -14.0000 -6.0000 0.5527 0.4994 0.6765 0.3475 0.4212 2.4973 1.9027 4.6398 
14.0000 15.0000 4.0000 -2.0000 1.0000 -9.9000 2 1.0000 1.0000 0.8300 4.0000 -4.0000 -12.0000 0.0000 -8.0000 8.0000 0.5000 0.5000 0.5000 0.5000 0.5000 2.5000 1.8297 4.5758 
14.0000 28.0000 4.0000 -2.0000 0.0000 9.9000 8 -1.0000 1.0000 1.2520 -12.0000 -4.0000 4.0000 -8.0000 8.0000 0.0000 0.4955 0.3082 0.6287 0.5680 0.4918 2.4922 1.9422 4.6849 
14.0000 64.0000 4.0000 4.0000 0.0000 -9.9000 2 1.0000 1.0000 0.5640 6.0000 -2.0000 -6.0000 14.0000 2.0000 10.0000 0.3062 0.6090 0.4550 0.6150 0.5148 2.4999 1.9011 4.6591 
14.0000 23.0000 4.0000 -2.0000 0.0000 -6.6000 2 1.0000 1.0000 0.6680 -8.0000 4.0000 8.0000 -12.0000 0.0000 -4.0000 0.3520 0.6904 0.3860 0.6134 0.4593 2.5011 1.7541 4.5103 
14.0000 50.0000 4.0000 2.0000 0.0000 -9.9000 2 1.0000 1.0000 0.6040 12.0000 0.0000 -4.0000 4.0000 -8.0000 8.0000 0.5043 0.3025 0.7520 0.5719 0.3602 2.4909 1.9317 4.6667 
14.0000 67.0000 4.0000 4.0000 0.0000 0.0000 2 1.0000 0.0000 1.1770 10.0000 2.0000 -6.0000 6.0000 -2.0000 14.0000 0.3518 0.6527 0.7756 0.3113 0.4134 2.5049 1.9585 4.7143 
14.0000 2.0000 4.0000 -4.0000 1.0000 -6.6000 2 1.0000 1.0000 0.8200 6.0000 -6.0000 -10.0000 -2.0000 -14.0000 2.0000 0.5000 0.5000 0.5000 0.5000 0.5000 2.5000 1.8713 4.6259 
14.0000 56.0000 4.0000 2.0000 0.0000 9.9000 8 -1.0000 1.0000 1.2760 12.0000 0.0000 -8.0000 4.0000 -4.0000 8.0000 0.6701 0.4677 0.3343 0.6983 0.3342 2.5046 1.7705 4.5137 
14.0000 4.0000 4.0000 -4.0000 1.0000 0.0000 2 1.0000 0.0000 0.6150 -10.0000 -2.0000 2.0000 -6.0000 6.0000 -14.0000 0.5000 0.5000 0.5000 0.5000 0.5000 2.5000 1.9478 4.6924 
14.0000 8.0000 4.0000 -4.0000 0.0000 -9.9000 2 1.0000 1.0000 0.6360 2.0000 -10.0000 -14.0000 6.0000 -6.0000 -2.0000 0.4089 0.3457 0.4751 0.7634 0.5002 2.4933 1.8098 4.5525 
14.0000 34.0000 4.0000 0.0000 1.0000 6.6000 8 -1.0000 1.0000 1.3150 -6.0000 2.0000 6.0000 -2.0000 10.0000 -10.0000 0.5000 0.5000 0.5000 0.5000 0.5000 2.5000 1.9247 4.6759 
14.0000 26.0000 4.0000 -2.0000 0.0000 3.3000 8 -1.0000 1.0000 1.4700 -8.0000 0.0000 4.0000 -4.0000 8.0000 -12.0000 0.7776 0.5043 0.4715 0.4155 0.3297 2.4986 1.7549 4.5077 
14.0000 30.0000 4.0000 0.0000 1.0000 -6.6000 2 1.0000 1.0000 0.6710 6.0000 -6.0000 -10.0000 10.0000 -2.0000 2.0000 0.5000 0.5000 0.5000 0.5000 0.5000 2.5000 1.8312 4.5926 
14.0000 47.0000 4.0000 2.0000 1.0000 3.3000 8 -1.0000 1.0000 2.2850 -8.0000 4.0000 12.0000 0.0000 8.0000 -4.0000 0.5000 0.5000 0.5000 0.5000 0.5000 2.5000 1.8868 4.6425 
14.0000 45.0000 4.0000 2.0000 1.0000 -3.3000 2 1.0000 1.0000 0.7960 8.0000 -4.0000 -8.0000 12.0000 0.0000 4.0000 0.5000 0.5000 0.5000 0.5000 0.5000 2.5000 1.8748 4.6260 
14.0000 3.0000 4.0000 -4.0000 1.0000 -3.3000 2 1.0000 1.0000 0.9630 -10.0000 -2.0000 6.0000 -6.0000 2.0000 -14.0000 0.5000 0.5000 0.5000 0.5000 0.5000 2.5000 1.9523 4.6926 
14.0000 24.0000 4.0000 -2.0000 0.0000 -3.3000 2 1.0000 1.0000 1.1610 4.0000 -8.0000 -12.0000 8.0000 -4.0000 0.0000 0.5441 0.3421 0.5616 0.6197 0.4275 2.4949 1.8816 4.6207 
14.0000 11.0000 4.0000 -4.0000 0.0000 0.0000 2 1.0000 0.0000 0.8560 -2.0000 -10.0000 -14.0000 6.0000 -6.0000 2.0000 0.4041 0.3037 0.5911 0.4771 0.7221 2.4982 1.9680 4.7076 
14.0000 54.0000 4.0000 2.0000 0.0000 3.3000 8 -1.0000 1.0000 2.4380 8.0000 0.0000 -8.0000 4.0000 -4.0000 12.0000 0.3795 0.4187 0.6999 0.4797 0.5224 2.5003 1.8188 4.5594 
14.0000 35.0000 4.0000 0.0000 1.0000 9.9000 8 -1.0000 1.0000 1.1170 10.0000 2.0000 -6.0000 6.0000 -10.0000 -2.0000 0.5000 0.5000 0.5000 0.5000 0.5000 2.5000 1.8254 4.5759 
14.0000 21.0000 4.0000 -2.0000 1.0000 9.9000 8 -1.0000 1.0000 0.9910 -8.0000 0.0000 4.0000 -4.0000 8.0000 -12.0000 0.5000 0.5000 0.5000 0.5000 0.5000 2.5000 1.7692 4.5258 
14.0000 29.0000 4.0000 0.0000 1.0000 -9.9000 2 1.0000 1.0000 0.7200 10.0000 2.0000 -6.0000 6.0000 -10.0000 -2.0000 0.5000 0.5000 0.5000 0.5000 0.5000 2.5000 1.8826 4.6425 
14.0000 44.0000 4.0000 2.0000 1.0000 -6.6000 8 -1.0000 0.0000 2.4940 -8.0000 0.0000 12.0000 -4.0000 8.0000 4.0000 0.5000 0.5000 0.5000 0.5000 0.5000 2.5000 1.8832 4.6425 
14.0000 7.0000 4.0000 -4.0000 1.0000 9.9000 8 -1.0000 1.0000 1.0310 -14.0000 -2.0000 2.0000 -6.0000 6.0000 -10.0000 0.5000 0.5000 0.5000 0.5000 0.5000 2.5000 1.8205 4.5758 
14.0000 25.0000 4.0000 -2.0000 0.0000 0.0000 2 1.0000 0.0000 1.0690 4.0000 -4.0000 -8.0000 0.0000 -12.0000 8.0000 0.3933 0.6834 0.3961 0.4791 0.5510 2.5027 1.9369 4.6952 
14.0000 70.0000 4.0000 4.0000 0.0000 9.9000 8 -1.0000 1.0000 1.1830 -6.0000 6.0000 14.0000 2.0000 10.0000 -2.0000 0.3643 0.3272 0.7512 0.6931 0.3598 2.4957 1.9579 4.7051 
14.0000 63.0000 4.0000 4.0000 1.0000 9.9000 8 -1.0000 1.0000 0.8450 -6.0000 2.0000 10.0000 -2.0000 14.0000 6.0000 0.5000 0.5000 0.5000 0.5000 0.5000 2.5000 1.8531 4.5925 
14.0000 52.0000 4.0000 2.0000 0.0000 -3.3000 2 1.0000 1.0000 1.7720 -4.0000 8.0000 12.0000 -8.0000 4.0000 0.0000 0.6104 0.4301 0.3426 0.7798 0.3375 2.5004 1.9153 4.6595 
14.0000 51.0000 4.0000 2.0000 0.0000 -6.6000 2 1.0000 1.0000 1.0510 12.0000 4.0000 -8.0000 8.0000 -4.0000 0.0000 0.4291 0.7554 0.5067 0.3830 0.4197 2.4940 1.9599 4.7034 
14.0000 16.0000 4.0000 -2.0000 1.0000 -6.6000 2 1.0000 1.0000 0.6570 8.0000 0.0000 -12.0000 4.0000 -8.0000 -4.0000 0.5000 0.5000 0.5000 0.5000 0.5000 2.5000 1.7528 4.5091 
14.0000 31.0000 4.0000 0.0000 1.0000 -3.3000 2 1.0000 1.0000 0.6490 10.0000 -2.0000 -6.0000 2.0000 -10.0000 6.0000 0.5000 0.5000 0.5000 0.5000 0.5000 2.5000 1.8565 4.6092 
14.0000 12.0000 4.0000 -4.0000 0.0000 3.3000 2 1.0000 0.0000 0.7190 6.0000 -6.0000 -10.0000 -2.0000 -14.0000 2.0000 0.3791 0.7157 0.3911 0.6884 0.3270 2.5013 1.9333 4.6939 
14.0000 1.0000 4.0000 -4.0000 1.0000 -9.9000 2 1.0000 1.0000 0.8760 -10.0000 2.0000 6.0000 -14.0000 -2.0000 -6.0000 0.5000 0.5000 0.5000 0.5000 0.5000 2.5000 1.8898 4.6427 
14.0000 66.0000 4.0000 4.0000 0.0000 -3.3000 2 1.0000 1.0000 0.9120 2.0000 10.0000 14.0000 -6.0000 6.0000 -2.0000 0.4169 0.5758 0.4746 0.4292 0.6023 2.4988 1.7505 4.4911 
14.0000 38.0000 4.0000 0.0000 0.0000 -3.3000 2 1.0000 1.0000 0.7180 2.0000 -6.0000 -10.0000 10.0000 -2.0000 6.0000 0.3600 0.7075 0.3990 0.6855 0.3383 2.4902 1.8732 4.6160 
14.0000 33.0000 4.0000 0.0000 1.0000 3.3000 2 1.0000 0.0000 2.4040 10.0000 2.0000 -10.0000 6.0000 -6.0000 -2.0000 0.5000 0.5000 0.5000 0.5000 0.5000 2.5000 1.9226 4.6594 
14.0000 5.0000 4.0000 -4.0000 1.0000 3.3000 8 -1.0000 1.0000 1.9530 2.0000 -6.0000 -10.0000 -2.0000 -14.0000 6.0000 0.5000 0.5000 0.5000 0.5000 0.5000 2.5000 1.9557 4.6925 
14.0000 48.0000 4.0000 2.0000 1.0000 6.6000 8 -1.0000 1.0000 1.9790 -4.0000 4.0000 8.0000 0.0000 12.0000 -8.0000 0.5000 0.5000 0.5000 0.5000 0.5000 2.5000 1.9363 4.6925 
14.0000 17.0000 4.0000 -2.0000 1.0000 -3.3000 2 1.0000 1.0000 0.8400 -12.0000 0.0000 4.0000 -4.0000 8.0000 -8.0000 0.5000 0.5000 0.5000 0.5000 0.5000 2.5000 1.9786 4.7259 
14.0000 49.0000 4.0000 2.0000 1.0000 9.9000 8 -1.0000 1.0000 1.3840 -4.0000 4.0000 8.0000 0.0000 12.0000 -8.0000 0.5000 0.5000 0.5000 0.5000 0.5000 2.5000 1.9190 4.6758 
14.0000 40.0000 4.0000 0.0000 0.0000 3.3000 2 1.0000 0.0000 0.9510 6.0000 -6.0000 -10.0000 10.0000 -2.0000 2.0000 0.3642 0.4240 0.7054 0.6070 0.3909 2.4916 1.7856 4.5342 
14.0000 19.0000 4.0000 -2.0000 1.0000 3.3000 2 1.0000 0.0000 1.7950 8.0000 -4.0000 -8.0000 0.0000 -12.0000 4.0000 0.5000 0.5000 0.5000 0.5000 0.5000 2.5000 1.8145 4.5593 
14.0000 60.0000 4.0000 4.0000 1.0000 0.0000 2 1.0000 0.0000 0.8340 14.0000 2.0000 -6.0000 6.0000 -2.0000 10.0000 0.5000 0.5000 0.5000 0.5000 0.5000 2.5000 1.9929 4.7427 
14.0000 37.0000 4.0000 0.0000 0.0000 -6.6000 2 1.0000 1.0000 0.8100 10.0000 2.0000 -10.0000 6.0000 -6.0000 -2.0000 0.4666 0.3691 0.6582 0.3350 0.6766 2.5054 1.9031 4.6479 
14.0000 53.0000 4.0000 2.0000 0.0000 0.0000 2 1.0000 0.0000 1.9280 -4.0000 4.0000 12.0000 0.0000 8.0000 -8.0000 0.7805 0.4225 0.6208 0.3137 0.3670 2.5044 1.7760 4.5303 
14.0000 14.0000 4.0000 -4.0000 0.0000 9.9000 8 -1.0000 1.0000 1.8880 -14.0000 -6.0000 2.0000 -10.0000 6.0000 -2.0000 0.7072 0.5565 0.5231 0.4037 0.3042 2.4947 1.8420 4.5873 
14.0000 57.0000 4.0000 4.0000 1.0000 -9.9000 2 1.0000 1.0000 0.7610 14.0000 2.0000 -6.0000 6.0000 -2.0000 10.0000 0.5000 0.5000 0.5000 0.5000 0.5000 2.5000 1.9863 4.7427 
14.0000 43.0000 4.0000 2.0000 1.0000 -9.9000 2 1.0000 1.0000 0.6330 12.0000 4.0000 -4.0000 8.0000 -8.0000 0.0000 0.5000 0.5000 0.5000 0.5000 0.5000 2.5000 1.9297 4.6926 
14.0000 39.0000 4.0000 0.0000 0.0000 0.0000 2 1.0000 0.0000 0.9550 -6.0000 2.0000 10.0000 -2.0000 6.0000 -10.0000 0.6255 0.4048 0.4594 0.6234 0.3940 2.5072 1.8688 4.6331 
14.0000 18.0000 4.0000 -2.0000 1.0000 0.0000 2 1.0000 0.0000 0.7200 8.0000 -4.0000 -12.0000 0.0000 -8.0000 4.0000 0.5000 0.5000 0.5000 0.5000 0.5000 2.5000 1.8475 4.5926 
14.0000 20.0000 4.0000 -2.0000 1.0000 6.6000 8 -1.0000 1.0000 1.4120 -12.0000 -4.0000 8.0000 -8.0000 4.0000 0.0000 0.5000 0.5000 0.5000 0.5000 0.5000 2.5000 1.9459 4.6925 
14.0000 68.0000 4.0000 4.0000 0.0000 3.3000 2 1.0000 0.0000 3.6910 10.0000 2.0000 -2.0000 6.0000 -6.0000 14.0000 0.3429 0.7259 0.3775 0.4385 0.6191 2.5039 1.9224 4.6799 
14.0000 32.0000 4.0000 0.0000 1.0000 0.0000 8 -1.0000 0.0000 1.5570 -10.0000 -2.0000 10.0000 -6.0000 6.0000 2.0000 0.5000 0.5000 0.5000 0.5000 0.5000 2.5000 1.7685 4.5092 
14.0000 27.0000 4.0000 -2.0000 0.0000 6.6000 8 -1.0000 1.0000 1.8350 8.0000 0.0000 -12.0000 4.0000 -8.0000 -4.0000 0.4517 0.6822 0.3300 0.5564 0.4836 2.5039 1.8147 4.5631 
14.0000 65.0000 4.0000 4.0000 0.0000 -6.6000 2 1.0000 1.0000 0.8070 -6.0000 2.0000 10.0000 -2.0000 14.0000 6.0000 0.5743 0.6538 0.3334 0.5766 0.3587 2.4967 1.7888 4.5391 
14.0000 61.0000 4.0000 4.0000 1.0000 3.3000 2 1.0000 0.0000 2.0450 14.0000 2.0000 -2.0000 6.0000 -6.0000 10.0000 0.5000 0.5000 0.5000 0.5000 0.5000 2.5000 1.9832 4.7426 
14.0000 46.0000 4.0000 2.0000 1.0000 0.0000 8 -1.0000 0.0000 2.1700 0.0000 8.0000 12.0000 -8.0000 4.0000 -4.0000 0.5000 0.5000 0.5000 0.5000 0.5000 2.5000 1.9478 4.7092 
14.0000 10.0000 4.0000 -4.0000 0.0000 -3.3000 2 1.0000 1.0000 0.9140 -2.0000 -10.0000 -14.0000 6.0000 -6.0000 2.0000 0.3889 0.4197 0.4851 0.7498 0.4590 2.5026 1.9442 4.6951 
14.0000 55.0000 4.0000 2.0000 0.0000 6.6000 8 -1.0000 1.0000 1.6070 12.0000 4.0000 -4.0000 8.0000 -8.0000 0.0000 0.3969 0.6052 0.4152 0.6022 0.4730 2.4926 1.8558 4.6018 
14.0000 62.0000 4.0000 4.0000 1.0000 6.6000 8 -1.0000 1.0000 1.4920 -6.0000 2.0000 14.0000 -2.0000 10.0000 6.0000 0.5000 0.5000 0.5000 0.5000 0.5000 2.5000 1.8406 4.5926 
14.0000 41.0000 4.0000 0.0000 0.0000 6.6000 8 -1.0000 1.0000 1.0210 -10.0000 -2.0000 6.0000 -6.0000 10.0000 2.0000 0.6882 0.3348 0.6296 0.4515 0.3893 2.4934 1.9943 4.7360 
14.0000 13.0000 4.0000 -4.0000 0.0000 6.6000 8 -1.0000 1.0000 2.5940 6.0000 -2.0000 -14.0000 2.0000 -10.0000 -6.0000 0.4802 0.4344 0.5903 0.4237 0.5759 2.5043 1.7948 4.5468 
14.0000 6.0000 4.0000 -4.0000 1.0000 6.6000 8 -1.0000 1.0000 1.3120 -6.0000 2.0000 6.0000 -14.0000 -2.0000 -10.0000 0.5000 0.5000 0.5000 0.5000 0.5000 2.5000 1.7627 4.5258 
14.0000 58.0000 4.0000 4.0000 1.0000 -6.6000 2 1.0000 1.0000 0.6630 10.0000 2.0000 -2.0000 6.0000 -6.0000 14.0000 0.5000 0.5000 0.5000 0.5000 0.5000 2.5000 1.8424 4.5924 
14.0000 69.0000 4.0000 4.0000 0.0000 6.6000 8 -1.0000 1.0000 1.7520 2.0000 10.0000 14.0000 -6.0000 6.0000 -2.0000 0.4174 0.3282 0.7095 0.4400 0.6049 2.5000 1.8518 4.6093 
14.0000 42.0000 4.0000 0.0000 0.0000 9.9000 8 -1.0000 1.0000 0.8460 -10.0000 2.0000 10.0000 -2.0000 6.0000 -6.0000 0.6369 0.4264 0.5700 0.5324 0.3395 2.5051 1.9953 4.7477 
14.0000 59.0000 4.0000 4.0000 1.0000 -3.3000 2 1.0000 1.0000 1.1320 -6.0000 6.0000 10.0000 2.0000 14.0000 -2.0000 0.5000 0.5000 0.5000 0.5000 0.5000 2.5000 1.9472 4.6925 
14.0000 36.0000 4.0000 0.0000 0.0000 -9.9000 2 1.0000 1.0000 0.6780 -2.0000 6.0000 10.0000 -10.0000 2.0000 -6.0000 0.6865 0.3390 0.6144 0.5345 0.3208 2.4953 1.7568 4.5045 
14.0000 39.0000 5.0000 0.0000 0.0000 0.0000 2 1.0000 0.0000 0.6690 6.0000 -2.0000 -6.0000 2.0000 -10.0000 10.0000 0.7939 0.3278 0.4434 0.5033 0.4359 2.5044 1.8362 4.5969 
14.0000 9.0000 5.0000 -4.0000 0.0000 -6.6000 2 1.0000 1.0000 0.7050 -10.0000 2.0000 6.0000 -14.0000 -2.0000 -6.0000 0.5877 0.7067 0.3930 0.3423 0.4674 2.4972 1.9176 4.6730 
14.0000 23.0000 5.0000 -2.0000 0.0000 -6.6000 2 1.0000 1.0000 0.6400 -8.0000 4.0000 8.0000 -12.0000 0.0000 -4.0000 0.4231 0.6866 0.4261 0.5314 0.4406 2.5078 1.8597 4.6168 
14.0000 7.0000 5.0000 -4.0000 1.0000 9.9000 8 -1.0000 1.0000 2.1290 -2.0000 -10.0000 -14.0000 6.0000 -6.0000 2.0000 0.5000 0.5000 0.5000 0.5000 0.5000 2.5000 1.9295 4.6759 
14.0000 8.0000 5.0000 -4.0000 0.0000 -9.9000 2 1.0000 1.0000 0.7480 -14.0000 -6.0000 6.0000 -10.0000 2.0000 -2.0000 0.4003 0.5570 0.3881 0.6467 0.5097 2.5018 1.9027 4.6443 
14.0000 46.0000 5.0000 2.0000 1.0000 0.0000 2 1.0000 0.0000 1.1100 -4.0000 8.0000 12.0000 -8.0000 4.0000 0.0000 0.5000 0.5000 0.5000 0.5000 0.5000 2.5000 1.7606 4.5092 
14.0000 67.0000 5.0000 4.0000 0.0000 0.0000 2 1.0000 0.0000 1.0480 10.0000 2.0000 -6.0000 6.0000 -2.0000 14.0000 0.3674 0.5437 0.4563 0.7874 0.3518 2.5066 1.9466 4.7157 
14.0000 3.0000 5.0000 -4.0000 1.0000 -3.3000 2 1.0000 1.0000 0.7150 -10.0000 2.0000 6.0000 -14.0000 -2.0000 -6.0000 0.5000 0.5000 0.5000 0.5000 0.5000 2.5000 1.8508 4.6092 
14.0000 4.0000 5.0000 -4.0000 1.0000 0.0000 2 1.0000 0.0000 0.7030 -10.0000 2.0000 6.0000 -14.0000 -2.0000 -6.0000 0.5000 0.5000 0.5000 0.5000 0.5000 2.5000 1.8750 4.6258 
14.0000 47.0000 5.0000 2.0000 1.0000 3.3000 2 1.0000 0.0000 1.0580 8.0000 0.0000 -4.0000 4.0000 -8.0000 12.0000 0.5000 0.5000 0.5000 0.5000 0.5000 2.5000 1.7956 4.5425 
14.0000 52.0000 5.0000 2.0000 0.0000 -3.3000 2 1.0000 1.0000 0.7630 12.0000 0.0000 -8.0000 4.0000 -4.0000 8.0000 0.5767 0.4915 0.3752 0.5424 0.5129 2.4986 1.8079 4.5579 
14.0000 26.0000 5.0000 -2.0000 0.0000 3.3000 2 1.0000 0.0000 0.9980 8.0000 -4.0000 -8.0000 0.0000 -12.0000 4.0000 0.3043 0.3532 0.5319 0.6356 0.6715 2.4965 1.7551 4.5057 
14.0000 60.0000 5.0000 4.0000 1.0000 0.0000 2 1.0000 0.0000 1.2280 2.0000 10.0000 14.0000 -6.0000 6.0000 -2.0000 0.5000 0.5000 0.5000 0.5000 0.5000 2.5000 1.9681 4.7091 
14.0000 16.0000 5.0000 -2.0000 1.0000 -6.6000 2 1.0000 1.0000 0.7140 8.0000 -4.0000 -8.0000 0.0000 -12.0000 4.0000 0.5000 0.5000 0.5000 0.5000 0.5000 2.5000 1.9489 4.6925 
14.0000 69.0000 5.0000 4.0000 0.0000 6.6000 2 1.0000 0.0000 1.9510 14.0000 6.0000 -6.0000 10.0000 -2.0000 2.0000 0.3187 0.3596 0.6181 0.5662 0.6312 2.4938 1.9247 4.6698 
14.0000 53.0000 5.0000 2.0000 0.0000 0.0000 2 1.0000 0.0000 1.1750 -4.0000 4.0000 8.0000 0.0000 12.0000 -8.0000 0.4054 0.5598 0.3415 0.5037 0.6964 2.5069 1.7811 4.5495 
14.0000 42.0000 5.0000 0.0000 0.0000 9.9000 8 -1.0000 1.0000 2.6030 10.0000 2.0000 -6.0000 6.0000 -10.0000 -2.0000 0.3091 0.4415 0.5757 0.4811 0.6995 2.5069 1.7839 4.5494 
14.0000 37.0000 5.0000 0.0000 0.0000 -6.6000 2 1.0000 1.0000 0.7770 -10.0000 2.0000 6.0000 -2.0000 10.0000 -6.0000 0.5274 0.4663 0.3502 0.5523 0.5992 2.4954 1.9180 4.6711 
14.0000 13.0000 5.0000 -4.0000 0.0000 6.6000 8 -1.0000 1.0000 1.2210 6.0000 -2.0000 -10.0000 2.0000 -14.0000 -6.0000 0.4564 0.7070 0.3809 0.5382 0.4271 2.5096 1.8632 4.6188 
14.0000 27.0000 5.0000 -2.0000 0.0000 6.6000 8 -1.0000 1.0000 2.2230 8.0000 -4.0000 -8.0000 0.0000 -12.0000 4.0000 0.6366 0.4967 0.6138 0.3210 0.4371 2.5053 1.9148 4.6646 
14.0000 20.0000 5.0000 -2.0000 1.0000 6.6000 2 1.0000 0.0000 1.6580 8.0000 0.0000 -12.0000 4.0000 -8.0000 -4.0000 0.5000 0.5000 0.5000 0.5000 0.5000 2.5000 1.9709 4.7259 
14.0000 6.0000 5.0000 -4.0000 1.0000 6.6000 8 -1.0000 1.0000 1.7830 2.0000 -6.0000 -14.0000 -2.0000 -10.0000 6.0000 0.5000 0.5000 0.5000 0.5000 0.5000 2.5000 1.9449 4.6926 
14.0000 57.0000 5.0000 4.0000 1.0000 -9.9000 2 1.0000 1.0000 0.6670 14.0000 2.0000 -6.0000 6.0000 -2.0000 10.0000 0.5000 0.5000 0.5000 0.5000 0.5000 2.5000 1.8581 4.6092 
14.0000 35.0000 5.0000 0.0000 1.0000 9.9000 8 -1.0000 1.0000 1.2860 10.0000 -2.0000 -6.0000 2.0000 -10.0000 6.0000 0.5000 0.5000 0.5000 0.5000 0.5000 2.5000 1.8050 4.5426 
14.0000 64.0000 5.0000 4.0000 0.0000 -9.9000 2 1.0000 1.0000 0.7890 -6.0000 2.0000 10.0000 -2.0000 14.0000 6.0000 0.5231 0.4072 0.7258 0.3242 0.5185 2.4988 1.8483 4.6080 
14.0000 11.0000 5.0000 -4.0000 0.0000 0.0000 8 -1.0000 0.0000 2.1960 -6.0000 2.0000 6.0000 -14.0000 -2.0000 -10.0000 0.3178 0.5853 0.3791 0.5400 0.6739 2.4961 1.7503 4.5052 
14.0000 65.0000 5.0000 4.0000 0.0000 -6.6000 2 1.0000 1.0000 0.6730 10.0000 -2.0000 -6.0000 14.0000 2.0000 6.0000 0.4985 0.6607 0.3578 0.5695 0.4102 2.4967 1.8455 4.5893 
14.0000 63.0000 5.0000 4.0000 1.0000 9.9000 8 -1.0000 1.0000 1.3640 14.0000 2.0000 -6.0000 6.0000 -2.0000 10.0000 0.5000 0.5000 0.5000 0.5000 0.5000 2.5000 1.7749 4.5257 
14.0000 38.0000 5.0000 0.0000 0.0000 -3.3000 2 1.0000 1.0000 0.7370 6.0000 -2.0000 -6.0000 2.0000 -10.0000 10.0000 0.5097 0.4764 0.6692 0.5017 0.3335 2.4905 1.8766 4.6164 
14.0000 48.0000 5.0000 2.0000 1.0000 6.6000 8 -1.0000 1.0000 1.2480 -8.0000 0.0000 12.0000 -4.0000 8.0000 4.0000 0.5000 0.5000 0.5000 0.5000 0.5000 2.5000 1.7973 4.5426 
14.0000 1.0000 5.0000 -4.0000 1.0000 -9.9000 2 1.0000 1.0000 0.8330 -14.0000 -2.0000 6.0000 -6.0000 2.0000 -10.0000 0.5000 0.5000 0.5000 0.5000 0.5000 2.5000 1.8821 4.6258 
14.0000 56.0000 5.0000 2.0000 0.0000 9.9000 8 -1.0000 1.0000 1.1530 -8.0000 4.0000 8.0000 0.0000 12.0000 -4.0000 0.4403 0.3274 0.4463 0.5800 0.6983 2.4924 1.9160 4.6516 
14.0000 41.0000 5.0000 0.0000 0.0000 6.6000 8 -1.0000 1.0000 1.5720 -10.0000 -2.0000 6.0000 -6.0000 10.0000 2.0000 0.6296 0.4252 0.6098 0.4941 0.3424 2.5011 1.9004 4.6436 
14.0000 59.0000 5.0000 4.0000 1.0000 -3.3000 8 -1.0000 0.0000 1.4600 -2.0000 10.0000 14.0000 -6.0000 6.0000 2.0000 0.5000 0.5000 0.5000 0.5000 0.5000 2.5000 1.7558 4.5092 
14.0000 58.0000 5.0000 4.0000 1.0000 -6.6000 2 1.0000 1.0000 0.6810 -2.0000 6.0000 14.0000 2.0000 10.0000 -6.0000 0.5000 0.5000 0.5000 0.5000 0.5000 2.5000 1.9215 4.6759 
14.0000 15.0000 5.0000 -2.0000 1.0000 -9.9000 2 1.0000 1.0000 0.6230 8.0000 0.0000 -8.0000 4.0000 -12.0000 -4.0000 0.5000 0.5000 0.5000 0.5000 0.5000 2.5000 1.9163 4.6761 
14.0000 44.0000 5.0000 2.0000 1.0000 -6.6000 2 1.0000 1.0000 0.7430 -4.0000 4.0000 12.0000 0.0000 8.0000 -8.0000 0.5000 0.5000 0.5000 0.5000 0.5000 2.5000 1.8959 4.6424 
14.0000 2.0000 5.0000 -4.0000 1.0000 -6.6000 2 1.0000 1.0000 0.6480 6.0000 -6.0000 -14.0000 -2.0000 -10.0000 2.0000 0.5000 0.5000 0.5000 0.5000 0.5000 2.5000 1.7687 4.5259 
14.0000 17.0000 5.0000 -2.0000 1.0000 -3.3000 2 1.0000 1.0000 0.5700 4.0000 -8.0000 -12.0000 8.0000 -4.0000 0.0000 0.5000 0.5000 0.5000 0.5000 0.5000 2.5000 1.8052 4.5591 
14.0000 62.0000 5.0000 4.0000 1.0000 6.6000 8 -1.0000 1.0000 1.2070 10.0000 2.0000 -2.0000 6.0000 -6.0000 14.0000 0.5000 0.5000 0.5000 0.5000 0.5000 2.5000 1.8625 4.6092 
14.0000 18.0000 5.0000 -2.0000 1.0000 0.0000 2 1.0000 0.0000 1.8460 -12.0000 0.0000 4.0000 -4.0000 8.0000 -8.0000 0.5000 0.5000 0.5000 0.5000 0.5000 2.5000 1.8247 4.5759 
14.0000 10.0000 5.0000 -4.0000 0.0000 -3.3000 2 1.0000 1.0000 0.6620 -2.0000 -10.0000 -14.0000 6.0000 -6.0000 2.0000 0.3721 0.4793 0.6722 0.3027 0.6785 2.5048 1.8427 4.5974 
14.0000 54.0000 5.0000 2.0000 0.0000 3.3000 8 -1.0000 1.0000 1.7290 8.0000 -4.0000 -8.0000 12.0000 0.0000 4.0000 0.3841 0.3293 0.6102 0.6709 0.5054 2.4999 1.7808 4.5425 
14.0000 40.0000 5.0000 0.0000 0.0000 3.3000 8 -1.0000 1.0000 0.9850 -6.0000 6.0000 10.0000 -10.0000 2.0000 -2.0000 0.4980 0.3362 0.5504 0.6801 0.4319 2.4966 1.7870 4.5390 
14.0000 14.0000 5.0000 -4.0000 0.0000 9.9000 8 -1.0000 1.0000 1.3040 -2.0000 -10.0000 -14.0000 6.0000 -6.0000 2.0000 0.5740 0.5148 0.6226 0.3243 0.4634 2.4991 1.7630 4.5249 
14.0000 31.0000 5.0000 0.0000 1.0000 -3.3000 2 1.0000 1.0000 0.8370 -6.0000 6.0000 10.0000 -10.0000 2.0000 -2.0000 0.5000 0.5000 0.5000 0.5000 0.5000 2.5000 1.8952 4.6425 
14.0000 36.0000 5.0000 0.0000 0.0000 -9.9000 2 1.0000 1.0000 0.6110 -6.0000 6.0000 10.0000 -10.0000 2.0000 -2.0000 0.4970 0.5737 0.3813 0.5484 0.4900 2.4904 1.7909 4.5330 
14.0000 5.0000 5.0000 -4.0000 1.0000 3.3000 8 -1.0000 1.0000 1.0790 -6.0000 2.0000 6.0000 -14.0000 -2.0000 -10.0000 0.5000 0.5000 0.5000 0.5000 0.5000 2.5000 1.7886 4.5425 
14.0000 70.0000 5.0000 4.0000 0.0000 9.9000 8 -1.0000 1.0000 1.3180 2.0000 10.0000 14.0000 -6.0000 6.0000 -2.0000 0.7723 0.6214 0.4251 0.3250 0.3547 2.4985 1.9028 4.6410 
14.0000 29.0000 5.0000 0.0000 1.0000 -9.9000 2 1.0000 1.0000 0.7200 -10.0000 2.0000 6.0000 -2.0000 10.0000 -6.0000 0.5000 0.5000 0.5000 0.5000 0.5000 2.5000 1.9732 4.7260 
14.0000 12.0000 5.0000 -4.0000 0.0000 3.3000 2 1.0000 0.0000 0.8580 -14.0000 -6.0000 2.0000 -10.0000 6.0000 -2.0000 0.6222 0.7046 0.4225 0.4487 0.3021 2.5001 1.9699 4.7095 
14.0000 25.0000 5.0000 -2.0000 0.0000 0.0000 2 1.0000 0.0000 0.7840 -12.0000 -4.0000 8.0000 -8.0000 4.0000 0.0000 0.3750 0.7238 0.3685 0.6736 0.3683 2.5094 1.8900 4.6520 
14.0000 55.0000 5.0000 2.0000 0.0000 6.6000 2 1.0000 0.0000 1.4210 -4.0000 4.0000 12.0000 0.0000 8.0000 -8.0000 0.5870 0.4962 0.4352 0.3512 0.6282 2.4978 1.8485 4.6071 
14.0000 50.0000 5.0000 2.0000 0.0000 -9.9000 2 1.0000 1.0000 0.6910 12.0000 0.0000 -4.0000 4.0000 -8.0000 8.0000 0.7192 0.6270 0.3235 0.3621 0.4631 2.4949 1.9269 4.6710 
14.0000 66.0000 5.0000 4.0000 0.0000 -3.3000 2 1.0000 1.0000 0.8130 -6.0000 2.0000 14.0000 -2.0000 10.0000 6.0000 0.4114 0.7908 0.6119 0.3772 0.3048 2.4960 1.8418 4.5886 
14.0000 28.0000 5.0000 -2.0000 0.0000 9.9000 8 -1.0000 1.0000 1.3160 4.0000 -8.0000 -12.0000 8.0000 -4.0000 0.0000 0.3638 0.6915 0.5870 0.4857 0.3734 2.5013 1.9178 4.6771 
14.0000 24.0000 5.0000 -2.0000 0.0000 -3.3000 2 1.0000 1.0000 0.8050 -12.0000 0.0000 8.0000 -4.0000 4.0000 -8.0000 0.6656 0.6109 0.3079 0.4450 0.4740 2.5034 1.9863 4.7459 
14.0000 21.0000 5.0000 -2.0000 1.0000 9.9000 8 -1.0000 1.0000 1.2520 4.0000 -8.0000 -12.0000 8.0000 -4.0000 0.0000 0.5000 0.5000 0.5000 0.5000 0.5000 2.5000 1.7733 4.5258 
14.0000 51.0000 5.0000 2.0000 0.0000 -6.6000 2 1.0000 1.0000 0.7630 12.0000 0.0000 -4.0000 4.0000 -8.0000 8.0000 0.3713 0.5071 0.4329 0.6294 0.5588 2.4995 1.8918 4.6420 
14.0000 45.0000 5.0000 2.0000 1.0000 -3.3000 2 1.0000 1.0000 0.8070 -4.0000 4.0000 8.0000 0.0000 12.0000 -8.0000 0.5000 0.5000 0.5000 0.5000 0.5000 2.5000 1.8592 4.6093 
14.0000 33.0000 5.0000 0.0000 1.0000 3.3000 2 1.0000 0.0000 1.6950 6.0000 -6.0000 -10.0000 10.0000 -2.0000 2.0000 0.5000 0.5000 0.5000 0.5000 0.5000 2.5000 1.9287 4.6759 
14.0000 49.0000 5.0000 2.0000 1.0000 9.9000 8 -1.0000 1.0000 1.5040 12.0000 0.0000 -4.0000 4.0000 -8.0000 8.0000 0.5000 0.5000 0.5000 0.5000 0.5000 2.5000 1.9780 4.7425 
14.0000 43.0000 5.0000 2.0000 1.0000 -9.9000 2 1.0000 1.0000 0.6010 12.0000 0.0000 -4.0000 4.0000 -8.0000 8.0000 0.5000 0.5000 0.5000 0.5000 0.5000 2.5000 1.9787 4.7258 
14.0000 34.0000 5.0000 0.0000 1.0000 6.6000 8 -1.0000 1.0000 2.0880 10.0000 2.0000 -6.0000 6.0000 -10.0000 -2.0000 0.5000 0.5000 0.5000 0.5000 0.5000 2.5000 1.9645 4.7260 
14.0000 68.0000 5.0000 4.0000 0.0000 3.3000 8 -1.0000 1.0000 1.4700 -2.0000 6.0000 14.0000 2.0000 10.0000 -6.0000 0.3265 0.6400 0.7588 0.4379 0.3336 2.4967 1.9135 4.6559 
14.0000 22.0000 5.0000 -2.0000 0.0000 -9.9000 2 1.0000 1.0000 0.6400 8.0000 -4.0000 -12.0000 0.0000 -8.0000 4.0000 0.4623 0.3668 0.7358 0.5291 0.4056 2.4996 1.7761 4.5254 
14.0000 61.0000 5.0000 4.0000 1.0000 3.3000 2 1.0000 0.0000 0.9680 14.0000 2.0000 -6.0000 6.0000 -2.0000 10.0000 0.5000 0.5000 0.5000 0.5000 0.5000 2.5000 1.9134 4.6592 
14.0000 32.0000 5.0000 0.0000 1.0000 0.0000 2 1.0000 0.0000 0.6910 -6.0000 6.0000 10.0000 -10.0000 2.0000 -2.0000 0.5000 0.5000 0.5000 0.5000 0.5000 2.5000 1.9135 4.6593 
14.0000 30.0000 5.0000 0.0000 1.0000 -6.6000 2 1.0000 1.0000 0.6230 6.0000 -6.0000 -10.0000 10.0000 -2.0000 2.0000 0.5000 0.5000 0.5000 0.5000 0.5000 2.5000 1.9438 4.6925 
14.0000 19.0000 5.0000 -2.0000 1.0000 3.3000 8 -1.0000 1.0000 2.6320 -4.0000 4.0000 8.0000 -12.0000 0.0000 -8.0000 0.5000 0.5000 0.5000 0.5000 0.5000 2.5000 1.9142 4.6590 
14.0000 42.0000 6.0000 0.0000 0.0000 9.9000 8 -1.0000 1.0000 0.9770 10.0000 -2.0000 -6.0000 2.0000 -10.0000 6.0000 0.5498 0.4845 0.6325 0.4869 0.3445 2.4982 1.8250 4.5742 
14.0000 30.0000 6.0000 0.0000 1.0000 -6.6000 2 1.0000 1.0000 0.4930 -10.0000 -2.0000 10.0000 -6.0000 6.0000 2.0000 0.5000 0.5000 0.5000 0.5000 0.5000 2.5000 1.8142 4.5592 
14.0000 47.0000 6.0000 2.0000 1.0000 3.3000 8 -1.0000 1.0000 1.2600 -8.0000 0.0000 8.0000 -4.0000 12.0000 4.0000 0.5000 0.5000 0.5000 0.5000 0.5000 2.5000 1.8981 4.6425 
14.0000 29.0000 6.0000 0.0000 1.0000 -9.9000 2 1.0000 1.0000 0.5140 6.0000 -2.0000 -10.0000 2.0000 -6.0000 10.0000 0.5000 0.5000 0.5000 0.5000 0.5000 2.5000 1.9217 4.6759 
14.0000 25.0000 6.0000 -2.0000 0.0000 0.0000 2 1.0000 0.0000 0.5620 4.0000 -4.0000 -8.0000 0.0000 -12.0000 8.0000 0.3866 0.7508 0.3864 0.5781 0.4015 2.5034 1.8828 4.6293 
14.0000 41.0000 6.0000 0.0000 0.0000 6.6000 8 -1.0000 1.0000 1.0910 -6.0000 2.0000 10.0000 -2.0000 6.0000 -10.0000 0.5868 0.4151 0.4774 0.5364 0.4810 2.4967 1.9223 4.6558 
14.0000 4.0000 6.0000 -4.0000 1.0000 0.0000 2 1.0000 0.0000 0.5600 6.0000 -2.0000 -10.0000 2.0000 -14.0000 -6.0000 0.5000 0.5000 0.5000 0.5000 0.5000 2.5000 1.7537 4.5092 
14.0000 57.0000 6.0000 4.0000 1.0000 -9.9000 2 1.0000 1.0000 0.5630 -6.0000 2.0000 10.0000 -2.0000 14.0000 6.0000 0.5000 0.5000 0.5000 0.5000 0.5000 2.5000 1.8529 4.6091 
14.0000 53.0000 6.0000 2.0000 0.0000 0.0000 8 -1.0000 0.0000 1.8730 -8.0000 4.0000 8.0000 0.0000 12.0000 -4.0000 0.6549 0.3162 0.6352 0.3651 0.5291 2.5005 1.8220 4.5763 
14.0000 14.0000 6.0000 -4.0000 0.0000 9.9000 8 -1.0000 1.0000 0.9880 -10.0000 -2.0000 6.0000 -6.0000 2.0000 -14.0000 0.3784 0.5369 0.3733 0.7303 0.4853 2.5042 1.9688 4.7300 
14.0000 39.0000 6.0000 0.0000 0.0000 0.0000 2 1.0000 0.0000 1.6600 -10.0000 -2.0000 10.0000 -6.0000 6.0000 2.0000 0.4312 0.3951 0.5081 0.7624 0.3968 2.4936 1.9899 4.7363 
14.0000 54.0000 6.0000 2.0000 0.0000 3.3000 2 1.0000 0.0000 0.6060 12.0000 4.0000 -8.0000 8.0000 -4.0000 0.0000 0.5603 0.3793 0.6382 0.4827 0.4311 2.4916 1.7803 4.5173 
14.0000 68.0000 6.0000 4.0000 0.0000 3.3000 2 1.0000 0.0000 1.3570 -6.0000 2.0000 14.0000 -2.0000 10.0000 6.0000 0.4342 0.5824 0.4313 0.4657 0.5804 2.4940 1.9825 4.7200 
14.0000 12.0000 6.0000 -4.0000 0.0000 3.3000 8 -1.0000 1.0000 1.6330 -14.0000 -6.0000 6.0000 -10.0000 2.0000 -2.0000 0.6155 0.3434 0.5450 0.3163 0.6820 2.5023 1.9290 4.6781 
14.0000 56.0000 6.0000 2.0000 0.0000 9.9000 8 -1.0000 1.0000 0.9070 12.0000 0.0000 -4.0000 4.0000 -8.0000 8.0000 0.6414 0.3490 0.4564 0.6835 0.3762 2.5064 1.8175 4.5657 
14.0000 21.0000 6.0000 -2.0000 1.0000 9.9000 8 -1.0000 1.0000 1.2850 4.0000 -4.0000 -12.0000 0.0000 -8.0000 8.0000 0.5000 0.5000 0.5000 0.5000 0.5000 2.5000 1.7704 4.5259 
14.0000 64.0000 6.0000 4.0000 0.0000 -9.9000 2 1.0000 1.0000 0.6430 14.0000 6.0000 -2.0000 10.0000 -6.0000 2.0000 0.5543 0.6389 0.3400 0.3933 0.5735 2.5000 1.8840 4.6426 
14.0000 24.0000 6.0000 -2.0000 0.0000 -3.3000 2 1.0000 1.0000 0.9190 -12.0000 -4.0000 8.0000 -8.0000 4.0000 0.0000 0.4524 0.6826 0.3022 0.5799 0.4900 2.5071 1.7576 4.5162 
14.0000 26.0000 6.0000 -2.0000 0.0000 3.3000 2 1.0000 0.0000 0.5880 8.0000 -4.0000 -12.0000 0.0000 -8.0000 4.0000 0.6253 0.7980 0.3689 0.3956 0.3057 2.4934 1.8898 4.6360 
14.0000 19.0000 6.0000 -2.0000 1.0000 3.3000 8 -1.0000 1.0000 2.2390 -12.0000 -4.0000 8.0000 -8.0000 4.0000 0.0000 0.5000 0.5000 0.5000 0.5000 0.5000 2.5000 1.8879 4.6424 
14.0000 51.0000 6.0000 2.0000 0.0000 -6.6000 2 1.0000 1.0000 0.5550 -4.0000 4.0000 12.0000 0.0000 8.0000 -8.0000 0.5996 0.3356 0.5368 0.5725 0.4476 2.4922 1.7921 4.5348 
14.0000 43.0000 6.0000 2.0000 1.0000 -9.9000 2 1.0000 1.0000 0.5080 8.0000 0.0000 -4.0000 4.0000 -8.0000 12.0000 0.5000 0.5000 0.5000 0.5000 0.5000 2.5000 1.7585 4.5092 
14.0000 8.0000 6.0000 -4.0000 0.0000 -9.9000 2 1.0000 1.0000 0.4910 -2.0000 -10.0000 -14.0000 6.0000 -6.0000 2.0000 0.4211 0.6590 0.3523 0.5809 0.4882 2.5015 1.8613 4.6107 
14.0000 48.0000 6.0000 2.0000 1.0000 6.6000 8 -1.0000 1.0000 1.3270 -4.0000 4.0000 12.0000 0.0000 8.0000 -8.0000 0.5000 0.5000 0.5000 0.5000 0.5000 2.5000 1.8090 4.5591 
14.0000 11.0000 6.0000 -4.0000 0.0000 0.0000 2 1.0000 0.0000 0.7860 -14.0000 -2.0000 2.0000 -6.0000 6.0000 -10.0000 0.4322 0.3153 0.6480 0.7353 0.3696 2.5005 1.8858 4.6432 
14.0000 34.0000 6.0000 0.0000 1.0000 6.6000 8 -1.0000 1.0000 0.9250 -10.0000 2.0000 10.0000 -2.0000 6.0000 -6.0000 0.5000 0.5000 0.5000 0.5000 0.5000 2.5000 1.8442 4.5925 
14.0000 66.0000 6.0000 4.0000 0.0000 -3.3000 2 1.0000 1.0000 0.6940 -2.0000 10.0000 14.0000 -6.0000 6.0000 2.0000 0.3295 0.7648 0.3880 0.5683 0.4447 2.4954 1.7941 4.5378 
14.0000 20.0000 6.0000 -2.0000 1.0000 6.6000 2 1.0000 0.0000 1.0800 -12.0000 -4.0000 4.0000 -8.0000 8.0000 0.0000 0.5000 0.5000 0.5000 0.5000 0.5000 2.5000 1.8084 4.5592 
14.0000 23.0000 6.0000 -2.0000 0.0000 -6.6000 2 1.0000 1.0000 0.5610 -12.0000 0.0000 8.0000 -4.0000 4.0000 -8.0000 0.4849 0.6968 0.6362 0.3180 0.3718 2.5077 1.7733 4.5336 
14.0000 22.0000 6.0000 -2.0000 0.0000 -9.9000 2 1.0000 1.0000 0.5750 8.0000 0.0000 -8.0000 4.0000 -12.0000 -4.0000 0.5593 0.7562 0.3508 0.4433 0.3830 2.4925 1.8952 4.6350 
14.0000 36.0000 6.0000 0.0000 0.0000 -9.9000 2 1.0000 1.0000 0.5600 -10.0000 2.0000 10.0000 -2.0000 6.0000 -6.0000 0.4090 0.6417 0.4326 0.6609 0.3463 2.4905 1.9525 4.6832 
14.0000 5.0000 6.0000 -4.0000 1.0000 3.3000 2 1.0000 0.0000 2.2160 -14.0000 -2.0000 2.0000 -6.0000 6.0000 -10.0000 0.5000 0.5000 0.5000 0.5000 0.5000 2.5000 1.9650 4.7092 
14.0000 69.0000 6.0000 4.0000 0.0000 6.6000 8 -1.0000 1.0000 2.7590 2.0000 10.0000 14.0000 -6.0000 6.0000 -2.0000 0.4730 0.6115 0.5212 0.4214 0.4708 2.4979 1.7559 4.4904 
14.0000 33.0000 6.0000 0.0000 1.0000 3.3000 2 1.0000 0.0000 0.7510 10.0000 -2.0000 -6.0000 2.0000 -10.0000 6.0000 0.5000 0.5000 0.5000 0.5000 0.5000 2.5000 1.7655 4.5258 
14.0000 70.0000 6.0000 4.0000 0.0000 9.9000 8 -1.0000 1.0000 1.3840 -2.0000 6.0000 14.0000 2.0000 10.0000 -6.0000 0.4325 0.5580 0.6533 0.4125 0.4438 2.5001 1.9267 4.6761 
14.0000 58.0000 6.0000 4.0000 1.0000 -6.6000 2 1.0000 1.0000 0.6320 10.0000 2.0000 -2.0000 6.0000 -6.0000 14.0000 0.5000 0.5000 0.5000 0.5000 0.5000 2.5000 1.9227 4.6758 
14.0000 55.0000 6.0000 2.0000 0.0000 6.6000 8 -1.0000 1.0000 1.6390 -8.0000 0.0000 8.0000 -4.0000 12.0000 4.0000 0.7344 0.5019 0.3106 0.5765 0.3824 2.5058 1.7649 4.5317 
14.0000 1.0000 6.0000 -4.0000 1.0000 -9.9000 2 1.0000 1.0000 0.5720 -14.0000 -6.0000 2.0000 -10.0000 6.0000 -2.0000 0.5000 0.5000 0.5000 0.5000 0.5000 2.5000 1.9571 4.7092 
14.0000 2.0000 6.0000 -4.0000 1.0000 -6.6000 2 1.0000 1.0000 0.5860 -14.0000 -6.0000 6.0000 -10.0000 2.0000 -2.0000 0.5000 0.5000 0.5000 0.5000 0.5000 2.5000 1.9742 4.7260 
14.0000 7.0000 6.0000 -4.0000 1.0000 9.9000 8 -1.0000 1.0000 1.0400 -14.0000 -6.0000 6.0000 -10.0000 2.0000 -2.0000 0.5000 0.5000 0.5000 0.5000 0.5000 2.5000 1.8118 4.5591 
14.0000 37.0000 6.0000 0.0000 0.0000 -6.6000 2 1.0000 1.0000 0.5570 10.0000 2.0000 -10.0000 6.0000 -6.0000 -2.0000 0.5294 0.6399 0.5867 0.4102 0.3347 2.5008 1.8095 4.5599 
14.0000 31.0000 6.0000 0.0000 1.0000 -3.3000 2 1.0000 1.0000 0.6900 10.0000 -2.0000 -10.0000 2.0000 -6.0000 6.0000 0.5000 0.5000 0.5000 0.5000 0.5000 2.5000 1.8514 4.5927 
14.0000 16.0000 6.0000 -2.0000 1.0000 -6.6000 2 1.0000 1.0000 0.8690 4.0000 -8.0000 -12.0000 8.0000 -4.0000 0.0000 0.5000 0.5000 0.5000 0.5000 0.5000 2.5000 1.9611 4.7093 
14.0000 27.0000 6.0000 -2.0000 0.0000 6.6000 8 -1.0000 1.0000 2.1690 8.0000 -4.0000 -12.0000 0.0000 -8.0000 4.0000 0.6361 0.4176 0.3890 0.5654 0.4937 2.5018 1.7556 4.5110 
14.0000 3.0000 6.0000 -4.0000 1.0000 -3.3000 2 1.0000 1.0000 1.5880 -14.0000 -6.0000 2.0000 -10.0000 6.0000 -2.0000 0.5000 0.5000 0.5000 0.5000 0.5000 2.5000 1.8947 4.6427 
14.0000 38.0000 6.0000 0.0000 0.0000 -3.3000 2 1.0000 1.0000 0.8670 -10.0000 2.0000 10.0000 -2.0000 6.0000 -6.0000 0.5737 0.5375 0.4351 0.6405 0.3105 2.4974 1.7522 4.5064 
14.0000 32.0000 6.0000 0.0000 1.0000 0.0000 2 1.0000 0.0000 0.9340 6.0000 -6.0000 -10.0000 10.0000 -2.0000 2.0000 0.5000 0.5000 0.5000 0.5000 0.5000 2.5000 1.9966 4.7426 
14.0000 49.0000 6.0000 2.0000 1.0000 9.9000 8 -1.0000 1.0000 1.3250 12.0000 4.0000 -8.0000 8.0000 -4.0000 0.0000 0.5000 0.5000 0.5000 0.5000 0.5000 2.5000 1.8062 4.5591 
14.0000 65.0000 6.0000 4.0000 0.0000 -6.6000 2 1.0000 1.0000 0.7090 14.0000 6.0000 -6.0000 10.0000 -2.0000 2.0000 0.6783 0.4233 0.5725 0.5139 0.3128 2.5008 1.7913 4.5434 
14.0000 18.0000 6.0000 -2.0000 1.0000 0.0000 2 1.0000 0.0000 0.9610 0.0000 -8.0000 -12.0000 8.0000 -4.0000 4.0000 0.5000 0.5000 0.5000 0.5000 0.5000 2.5000 1.9879 4.7260 
14.0000 17.0000 6.0000 -2.0000 1.0000 -3.3000 2 1.0000 1.0000 1.1360 -12.0000 0.0000 4.0000 -4.0000 8.0000 -8.0000 0.5000 0.5000 0.5000 0.5000 0.5000 2.5000 1.9808 4.7260 
14.0000 67.0000 6.0000 4.0000 0.0000 0.0000 2 1.0000 0.0000 0.9110 -6.0000 6.0000 14.0000 2.0000 10.0000 -2.0000 0.5270 0.4586 0.3123 0.6683 0.5318 2.4981 1.8589 4.6073 
14.0000 46.0000 6.0000 2.0000 1.0000 0.0000 2 1.0000 0.0000 1.1310 -8.0000 4.0000 12.0000 0.0000 8.0000 -4.0000 0.5000 0.5000 0.5000 0.5000 0.5000 2.5000 1.8657 4.6261 
14.0000 59.0000 6.0000 4.0000 1.0000 -3.3000 2 1.0000 1.0000 0.7960 14.0000 6.0000 -2.0000 10.0000 -6.0000 2.0000 0.5000 0.5000 0.5000 0.5000 0.5000 2.5000 1.8274 4.5759 
14.0000 44.0000 6.0000 2.0000 1.0000 -6.6000 2 1.0000 1.0000 0.8620 12.0000 4.0000 -4.0000 8.0000 -8.0000 0.0000 0.5000 0.5000 0.5000 0.5000 0.5000 2.5000 1.8648 4.6260 
14.0000 40.0000 6.0000 0.0000 0.0000 3.3000 8 -1.0000 1.0000 1.3290 -10.0000 2.0000 6.0000 -2.0000 10.0000 -6.0000 0.3467 0.7056 0.3105 0.6383 0.4951 2.4962 1.7996 4.5553 
14.0000 62.0000 6.0000 4.0000 1.0000 6.6000 8 -1.0000 1.0000 2.6820 14.0000 6.0000 -6.0000 10.0000 -2.0000 2.0000 0.5000 0.5000 0.5000 0.5000 0.5000 2.5000 1.7723 4.5258 
14.0000 6.0000 6.0000 -4.0000 1.0000 6.6000 8 -1.0000 1.0000 1.6960 -14.0000 -2.0000 6.0000 -6.0000 2.0000 -10.0000 0.5000 0.5000 0.5000 0.5000 0.5000 2.5000 1.8791 4.6257 
14.0000 10.0000 6.0000 -4.0000 0.0000 -3.3000 2 1.0000 1.0000 0.9170 -14.0000 -2.0000 2.0000 -6.0000 6.0000 -10.0000 0.3140 0.7875 0.4652 0.4249 0.5147 2.5062 1.8884 4.6321 
14.0000 15.0000 6.0000 -2.0000 1.0000 -9.9000 2 1.0000 1.0000 0.7320 -4.0000 4.0000 8.0000 -12.0000 0.0000 -8.0000 0.5000 0.5000 0.5000 0.5000 0.5000 2.5000 1.8798 4.6259 
14.0000 60.0000 6.0000 4.0000 1.0000 0.0000 2 1.0000 0.0000 0.9310 6.0000 -2.0000 -6.0000 14.0000 2.0000 10.0000 0.5000 0.5000 0.5000 0.5000 0.5000 2.5000 1.8259 4.5926 
14.0000 35.0000 6.0000 0.0000 1.0000 9.9000 8 -1.0000 1.0000 0.8630 6.0000 -2.0000 -6.0000 2.0000 -10.0000 10.0000 0.5000 0.5000 0.5000 0.5000 0.5000 2.5000 1.8908 4.6426 
14.0000 61.0000 6.0000 4.0000 1.0000 3.3000 8 -1.0000 1.0000 2.1750 10.0000 2.0000 -2.0000 6.0000 -6.0000 14.0000 0.5000 0.5000 0.5000 0.5000 0.5000 2.5000 1.8315 4.5925 
14.0000 9.0000 6.0000 -4.0000 0.0000 -6.6000 2 1.0000 1.0000 0.7450 6.0000 -2.0000 -14.0000 2.0000 -10.0000 -6.0000 0.3904 0.4720 0.5274 0.7318 0.3851 2.5066 1.8987 4.6660 
14.0000 63.0000 6.0000 4.0000 1.0000 9.9000 8 -1.0000 1.0000 1.9970 2.0000 10.0000 14.0000 -6.0000 6.0000 -2.0000 0.5000 0.5000 0.5000 0.5000 0.5000 2.5000 1.8397 4.5925 
14.0000 45.0000 6.0000 2.0000 1.0000 -3.3000 2 1.0000 1.0000 0.6280 8.0000 0.0000 -4.0000 4.0000 -8.0000 12.0000 0.5000 0.5000 0.5000 0.5000 0.5000 2.5000 1.9382 4.6925 
14.0000 52.0000 6.0000 2.0000 0.0000 -3.3000 2 1.0000 1.0000 0.6400 -4.0000 8.0000 12.0000 -8.0000 4.0000 0.0000 0.4349 0.5863 0.3689 0.3996 0.7072 2.4968 1.8220 4.5728 
14.0000 13.0000 6.0000 -4.0000 0.0000 6.6000 8 -1.0000 1.0000 1.5800 6.0000 -6.0000 -10.0000 -2.0000 -14.0000 2.0000 0.3408 0.3866 0.6971 0.7407 0.3444 2.5096 1.8236 4.5855 
14.0000 50.0000 6.0000 2.0000 0.0000 -9.9000 2 1.0000 1.0000 0.5620 12.0000 4.0000 -4.0000 8.0000 -8.0000 0.0000 0.4256 0.3760 0.7119 0.6045 0.3769 2.4950 1.9961 4.7376 
14.0000 28.0000 6.0000 -2.0000 0.0000 9.9000 8 -1.0000 1.0000 1.2900 4.0000 -4.0000 -12.0000 0.0000 -8.0000 8.0000 0.6529 0.3798 0.5540 0.3183 0.5884 2.4934 1.7821 4.5360 
