subNo index block mean periodicity testLevel pressedKey answer isCorrect rt s1 s2 s3 s4 s5 s6 t1 t2 t3 t4 t5 seqDuration startInterval trialDuration 
12.0000 39.0000 1.0000 0.0000 0.0000 0.0000 2 1.0000 0.0000 1.6270 6.0000 -2.0000 -10.0000 2.0000 -6.0000 10.0000 0.3971 0.5280 0.3572 0.4723 0.7373 2.4919 1.8013 4.5345 
12.0000 54.0000 1.0000 2.0000 0.0000 3.3000 8 -1.0000 1.0000 1.3180 8.0000 0.0000 -4.0000 4.0000 -8.0000 12.0000 0.3910 0.6737 0.5713 0.5215 0.3431 2.5006 1.8976 4.6432 
12.0000 70.0000 1.0000 4.0000 0.0000 9.9000 8 -1.0000 1.0000 2.2030 -6.0000 6.0000 14.0000 2.0000 10.0000 -2.0000 0.3792 0.6894 0.3161 0.7298 0.3782 2.4928 1.8391 4.5853 
12.0000 25.0000 1.0000 -2.0000 0.0000 0.0000 8 -1.0000 0.0000 1.5020 -12.0000 -4.0000 4.0000 -8.0000 8.0000 0.0000 0.7285 0.5311 0.3951 0.3451 0.5061 2.5059 1.8061 4.5650 
12.0000 34.0000 1.0000 0.0000 1.0000 6.6000 8 -1.0000 1.0000 2.5640 6.0000 -2.0000 -6.0000 2.0000 -10.0000 10.0000 0.5000 0.5000 0.5000 0.5000 0.5000 2.5000 1.8495 4.6092 
12.0000 40.0000 1.0000 0.0000 0.0000 3.3000 2 1.0000 0.0000 2.6720 -2.0000 6.0000 10.0000 -10.0000 2.0000 -6.0000 0.3023 0.4901 0.5750 0.5200 0.6031 2.4906 1.7733 4.5163 
12.0000 58.0000 1.0000 4.0000 1.0000 -6.6000 2 1.0000 1.0000 1.4480 14.0000 6.0000 -6.0000 10.0000 -2.0000 2.0000 0.5000 0.5000 0.5000 0.5000 0.5000 2.5000 1.8314 4.5758 
12.0000 44.0000 1.0000 2.0000 1.0000 -6.6000 2 1.0000 1.0000 1.9790 12.0000 4.0000 -8.0000 8.0000 -4.0000 0.0000 0.5000 0.5000 0.5000 0.5000 0.5000 2.5000 1.9382 4.6925 
12.0000 21.0000 1.0000 -2.0000 1.0000 9.9000 8 -1.0000 1.0000 1.4520 -4.0000 4.0000 8.0000 -12.0000 0.0000 -8.0000 0.5000 0.5000 0.5000 0.5000 0.5000 2.5000 1.8211 4.5593 
12.0000 50.0000 1.0000 2.0000 0.0000 -9.9000 2 1.0000 1.0000 1.4330 12.0000 4.0000 -8.0000 8.0000 -4.0000 0.0000 0.4147 0.6728 0.7374 0.3492 0.3220 2.4960 1.9799 4.7219 
12.0000 36.0000 1.0000 0.0000 0.0000 -9.9000 2 1.0000 1.0000 2.2280 -2.0000 6.0000 10.0000 -10.0000 2.0000 -6.0000 0.6521 0.3440 0.3058 0.6515 0.5504 2.5038 1.8101 4.5797 
12.0000 2.0000 1.0000 -4.0000 1.0000 -6.6000 2 1.0000 1.0000 1.1580 -10.0000 -2.0000 6.0000 -6.0000 2.0000 -14.0000 0.5000 0.5000 0.5000 0.5000 0.5000 2.5000 1.9701 4.7260 
12.0000 1.0000 1.0000 -4.0000 1.0000 -9.9000 2 1.0000 1.0000 1.4340 2.0000 -10.0000 -14.0000 6.0000 -6.0000 -2.0000 0.5000 0.5000 0.5000 0.5000 0.5000 2.5000 1.9861 4.7426 
12.0000 23.0000 1.0000 -2.0000 0.0000 -6.6000 2 1.0000 1.0000 1.2360 8.0000 0.0000 -12.0000 4.0000 -8.0000 -4.0000 0.3441 0.5740 0.7592 0.5081 0.3077 2.4932 1.9807 4.7192 
12.0000 10.0000 1.0000 -4.0000 0.0000 -3.3000 2 1.0000 1.0000 1.8440 -10.0000 -2.0000 2.0000 -6.0000 6.0000 -14.0000 0.7706 0.3764 0.3094 0.7008 0.3522 2.5093 1.8743 4.6352 
12.0000 37.0000 1.0000 0.0000 0.0000 -6.6000 2 1.0000 1.0000 2.0950 -10.0000 -2.0000 10.0000 -6.0000 6.0000 2.0000 0.4814 0.3926 0.7605 0.3035 0.5525 2.4905 1.9649 4.6999 
12.0000 17.0000 1.0000 -2.0000 1.0000 -3.3000 8 -1.0000 0.0000 2.5070 8.0000 -4.0000 -8.0000 0.0000 -12.0000 4.0000 0.5000 0.5000 0.5000 0.5000 0.5000 2.5000 1.9747 4.7260 
12.0000 27.0000 1.0000 -2.0000 0.0000 6.6000 8 -1.0000 1.0000 1.5100 4.0000 -4.0000 -12.0000 0.0000 -8.0000 8.0000 0.3972 0.5584 0.4854 0.4572 0.6001 2.4984 1.9863 4.7244 
12.0000 16.0000 1.0000 -2.0000 1.0000 -6.6000 2 1.0000 1.0000 1.5340 4.0000 -8.0000 -12.0000 8.0000 -4.0000 0.0000 0.5000 0.5000 0.5000 0.5000 0.5000 2.5000 1.9528 4.7093 
12.0000 18.0000 1.0000 -2.0000 1.0000 0.0000 2 1.0000 0.0000 2.4490 8.0000 -4.0000 -8.0000 0.0000 -12.0000 4.0000 0.5000 0.5000 0.5000 0.5000 0.5000 2.5000 1.8783 4.6425 
12.0000 13.0000 1.0000 -4.0000 0.0000 6.6000 8 -1.0000 1.0000 1.4530 -2.0000 -10.0000 -14.0000 6.0000 -6.0000 2.0000 0.7746 0.3059 0.3513 0.4108 0.6557 2.4983 1.9427 4.6909 
12.0000 52.0000 1.0000 2.0000 0.0000 -3.3000 8 -1.0000 0.0000 1.4380 -4.0000 4.0000 8.0000 0.0000 12.0000 -8.0000 0.7447 0.5669 0.3581 0.3068 0.5241 2.5005 1.9697 4.7263 
12.0000 42.0000 1.0000 0.0000 0.0000 9.9000 2 1.0000 0.0000 2.1820 6.0000 -2.0000 -10.0000 2.0000 -6.0000 10.0000 0.4274 0.5345 0.6524 0.4263 0.4562 2.4969 1.8376 4.5893 
12.0000 47.0000 1.0000 2.0000 1.0000 3.3000 2 1.0000 0.0000 1.3570 8.0000 -4.0000 -8.0000 12.0000 0.0000 4.0000 0.5000 0.5000 0.5000 0.5000 0.5000 2.5000 1.9716 4.7259 
12.0000 33.0000 1.0000 0.0000 1.0000 3.3000 2 1.0000 0.0000 1.3220 -10.0000 2.0000 10.0000 -2.0000 6.0000 -6.0000 0.5000 0.5000 0.5000 0.5000 0.5000 2.5000 1.8561 4.6093 
12.0000 63.0000 1.0000 4.0000 1.0000 9.9000 8 -1.0000 1.0000 1.6420 -6.0000 2.0000 10.0000 -2.0000 14.0000 6.0000 0.5000 0.5000 0.5000 0.5000 0.5000 2.5000 1.9874 4.7260 
12.0000 56.0000 1.0000 2.0000 0.0000 9.9000 2 1.0000 0.0000 1.6810 8.0000 0.0000 -4.0000 4.0000 -8.0000 12.0000 0.3593 0.7894 0.5346 0.4760 0.3431 2.5024 1.7525 4.4948 
12.0000 35.0000 1.0000 0.0000 1.0000 9.9000 8 -1.0000 1.0000 1.1360 -6.0000 2.0000 10.0000 -2.0000 6.0000 -10.0000 0.5000 0.5000 0.5000 0.5000 0.5000 2.5000 1.9813 4.7427 
12.0000 69.0000 1.0000 4.0000 0.0000 6.6000 8 -1.0000 1.0000 1.4240 10.0000 2.0000 -6.0000 6.0000 -2.0000 14.0000 0.4065 0.6010 0.7523 0.3409 0.4078 2.5085 1.7730 4.5344 
12.0000 48.0000 1.0000 2.0000 1.0000 6.6000 8 -1.0000 1.0000 2.3250 8.0000 0.0000 -8.0000 4.0000 -4.0000 12.0000 0.5000 0.5000 0.5000 0.5000 0.5000 2.5000 1.7755 4.5258 
12.0000 57.0000 1.0000 4.0000 1.0000 -9.9000 2 1.0000 1.0000 1.7210 -2.0000 6.0000 14.0000 2.0000 10.0000 -6.0000 0.5000 0.5000 0.5000 0.5000 0.5000 2.5000 1.8870 4.6425 
12.0000 53.0000 1.0000 2.0000 0.0000 0.0000 2 1.0000 0.0000 2.6060 -4.0000 4.0000 8.0000 0.0000 12.0000 -8.0000 0.6523 0.3516 0.3950 0.7433 0.3559 2.4982 1.8805 4.6239 
12.0000 28.0000 1.0000 -2.0000 0.0000 9.9000 8 -1.0000 1.0000 1.2560 -4.0000 4.0000 8.0000 -12.0000 0.0000 -8.0000 0.5011 0.3514 0.6986 0.3103 0.6335 2.4950 1.8706 4.6041 
12.0000 68.0000 1.0000 4.0000 0.0000 3.3000 8 -1.0000 1.0000 1.7200 2.0000 10.0000 14.0000 -6.0000 6.0000 -2.0000 0.4125 0.3502 0.4860 0.5934 0.6545 2.4966 1.9225 4.6557 
12.0000 65.0000 1.0000 4.0000 0.0000 -6.6000 2 1.0000 1.0000 1.1830 14.0000 6.0000 -6.0000 10.0000 -2.0000 2.0000 0.5714 0.3200 0.5897 0.6269 0.3886 2.4966 1.8750 4.6225 
12.0000 32.0000 1.0000 0.0000 1.0000 0.0000 2 1.0000 0.0000 1.1860 -2.0000 6.0000 10.0000 -10.0000 2.0000 -6.0000 0.5000 0.5000 0.5000 0.5000 0.5000 2.5000 1.8767 4.6260 
12.0000 62.0000 1.0000 4.0000 1.0000 6.6000 8 -1.0000 1.0000 1.6660 -6.0000 6.0000 10.0000 2.0000 14.0000 -2.0000 0.5000 0.5000 0.5000 0.5000 0.5000 2.5000 1.8342 4.5925 
12.0000 43.0000 1.0000 2.0000 1.0000 -9.9000 2 1.0000 1.0000 1.2600 8.0000 0.0000 -8.0000 4.0000 -4.0000 12.0000 0.5000 0.5000 0.5000 0.5000 0.5000 2.5000 1.8450 4.5926 
12.0000 9.0000 1.0000 -4.0000 0.0000 -6.6000 2 1.0000 1.0000 0.9600 -2.0000 -10.0000 -14.0000 6.0000 -6.0000 2.0000 0.4198 0.4518 0.6896 0.3610 0.5818 2.5040 1.9720 4.7299 
12.0000 49.0000 1.0000 2.0000 1.0000 9.9000 8 -1.0000 1.0000 1.2380 4.0000 -4.0000 -8.0000 12.0000 0.0000 8.0000 0.5000 0.5000 0.5000 0.5000 0.5000 2.5000 1.9977 4.7425 
12.0000 12.0000 1.0000 -4.0000 0.0000 3.3000 8 -1.0000 1.0000 2.4490 -2.0000 -10.0000 -14.0000 6.0000 -6.0000 2.0000 0.4168 0.4720 0.5545 0.6891 0.3749 2.5073 1.8859 4.6331 
12.0000 66.0000 1.0000 4.0000 0.0000 -3.3000 2 1.0000 1.0000 3.0950 6.0000 -2.0000 -6.0000 14.0000 2.0000 10.0000 0.4697 0.5189 0.3355 0.3898 0.7857 2.4996 1.8883 4.6254 
12.0000 6.0000 1.0000 -4.0000 1.0000 6.6000 2 1.0000 0.0000 1.3610 -14.0000 -6.0000 2.0000 -10.0000 6.0000 -2.0000 0.5000 0.5000 0.5000 0.5000 0.5000 2.5000 1.7987 4.5426 
12.0000 22.0000 1.0000 -2.0000 0.0000 -9.9000 2 1.0000 1.0000 2.2550 4.0000 -4.0000 -8.0000 0.0000 -12.0000 8.0000 0.3876 0.6911 0.3247 0.4291 0.6609 2.4934 1.8233 4.5693 
12.0000 24.0000 1.0000 -2.0000 0.0000 -3.3000 2 1.0000 1.0000 1.3470 8.0000 0.0000 -8.0000 4.0000 -12.0000 -4.0000 0.6808 0.3284 0.4620 0.5811 0.4397 2.4921 1.9009 4.6513 
12.0000 19.0000 1.0000 -2.0000 1.0000 3.3000 8 -1.0000 1.0000 1.5060 4.0000 -4.0000 -12.0000 0.0000 -8.0000 8.0000 0.5000 0.5000 0.5000 0.5000 0.5000 2.5000 1.8336 4.5927 
12.0000 7.0000 1.0000 -4.0000 1.0000 9.9000 8 -1.0000 1.0000 1.0240 -14.0000 -6.0000 6.0000 -10.0000 2.0000 -2.0000 0.5000 0.5000 0.5000 0.5000 0.5000 2.5000 1.8266 4.5760 
12.0000 14.0000 1.0000 -4.0000 0.0000 9.9000 8 -1.0000 1.0000 0.7410 2.0000 -6.0000 -14.0000 -2.0000 -10.0000 6.0000 0.3354 0.5613 0.3344 0.5892 0.6805 2.5009 1.9728 4.7268 
12.0000 4.0000 1.0000 -4.0000 1.0000 0.0000 8 -1.0000 0.0000 0.9440 -10.0000 -2.0000 2.0000 -6.0000 6.0000 -14.0000 0.5000 0.5000 0.5000 0.5000 0.5000 2.5000 1.7524 4.4925 
12.0000 41.0000 1.0000 0.0000 0.0000 6.6000 2 1.0000 0.0000 1.5050 -6.0000 2.0000 10.0000 -2.0000 6.0000 -10.0000 0.5650 0.6589 0.3846 0.5513 0.3342 2.4940 1.9763 4.7199 
12.0000 29.0000 1.0000 0.0000 1.0000 -9.9000 2 1.0000 1.0000 1.3010 6.0000 -2.0000 -6.0000 2.0000 -10.0000 10.0000 0.5000 0.5000 0.5000 0.5000 0.5000 2.5000 1.9321 4.6760 
12.0000 15.0000 1.0000 -2.0000 1.0000 -9.9000 2 1.0000 1.0000 0.8610 0.0000 -8.0000 -12.0000 8.0000 -4.0000 4.0000 0.5000 0.5000 0.5000 0.5000 0.5000 2.5000 1.7601 4.5092 
12.0000 38.0000 1.0000 0.0000 0.0000 -3.3000 2 1.0000 1.0000 1.0870 -6.0000 2.0000 6.0000 -2.0000 10.0000 -10.0000 0.3552 0.5589 0.4125 0.7754 0.3915 2.4936 1.9143 4.6696 
12.0000 59.0000 1.0000 4.0000 1.0000 -3.3000 2 1.0000 1.0000 1.5800 -2.0000 6.0000 10.0000 2.0000 14.0000 -6.0000 0.5000 0.5000 0.5000 0.5000 0.5000 2.5000 1.8832 4.6426 
12.0000 5.0000 1.0000 -4.0000 1.0000 3.3000 8 -1.0000 1.0000 1.9370 2.0000 -6.0000 -10.0000 -2.0000 -14.0000 6.0000 0.5000 0.5000 0.5000 0.5000 0.5000 2.5000 1.9547 4.7092 
12.0000 61.0000 1.0000 4.0000 1.0000 3.3000 8 -1.0000 1.0000 2.7290 10.0000 2.0000 -6.0000 6.0000 -2.0000 14.0000 0.5000 0.5000 0.5000 0.5000 0.5000 2.5000 1.9566 4.7092 
12.0000 20.0000 1.0000 -2.0000 1.0000 6.6000 2 1.0000 0.0000 1.3300 4.0000 -4.0000 -12.0000 0.0000 -8.0000 8.0000 0.5000 0.5000 0.5000 0.5000 0.5000 2.5000 1.9531 4.7093 
12.0000 55.0000 1.0000 2.0000 0.0000 6.6000 2 1.0000 0.0000 1.3610 8.0000 -4.0000 -8.0000 12.0000 0.0000 4.0000 0.5284 0.4142 0.3337 0.5524 0.6756 2.5043 1.8793 4.6302 
12.0000 11.0000 1.0000 -4.0000 0.0000 0.0000 2 1.0000 0.0000 1.5790 -10.0000 2.0000 6.0000 -14.0000 -2.0000 -6.0000 0.6789 0.5267 0.4017 0.3050 0.5837 2.4960 1.8881 4.6219 
12.0000 60.0000 1.0000 4.0000 1.0000 0.0000 8 -1.0000 0.0000 1.2300 10.0000 2.0000 -6.0000 6.0000 -2.0000 14.0000 0.5000 0.5000 0.5000 0.5000 0.5000 2.5000 1.9146 4.6593 
12.0000 45.0000 1.0000 2.0000 1.0000 -3.3000 8 -1.0000 0.0000 2.0260 0.0000 8.0000 12.0000 -8.0000 4.0000 -4.0000 0.5000 0.5000 0.5000 0.5000 0.5000 2.5000 1.7926 4.5425 
12.0000 31.0000 1.0000 0.0000 1.0000 -3.3000 8 -1.0000 0.0000 1.5500 -6.0000 6.0000 10.0000 -10.0000 2.0000 -2.0000 0.5000 0.5000 0.5000 0.5000 0.5000 2.5000 1.9700 4.7259 
12.0000 26.0000 1.0000 -2.0000 0.0000 3.3000 8 -1.0000 1.0000 1.4230 8.0000 0.0000 -8.0000 4.0000 -12.0000 -4.0000 0.3288 0.5354 0.6173 0.3491 0.6726 2.5031 1.9455 4.6957 
12.0000 46.0000 1.0000 2.0000 1.0000 0.0000 8 -1.0000 0.0000 0.9890 0.0000 8.0000 12.0000 -8.0000 4.0000 -4.0000 0.5000 0.5000 0.5000 0.5000 0.5000 2.5000 1.9908 4.7425 
12.0000 30.0000 1.0000 0.0000 1.0000 -6.6000 2 1.0000 1.0000 1.2210 -6.0000 6.0000 10.0000 -10.0000 2.0000 -2.0000 0.5000 0.5000 0.5000 0.5000 0.5000 2.5000 1.9150 4.6592 
12.0000 3.0000 1.0000 -4.0000 1.0000 -3.3000 2 1.0000 1.0000 0.8920 2.0000 -10.0000 -14.0000 6.0000 -6.0000 -2.0000 0.5000 0.5000 0.5000 0.5000 0.5000 2.5000 1.9609 4.7094 
12.0000 8.0000 1.0000 -4.0000 0.0000 -9.9000 2 1.0000 1.0000 1.8070 6.0000 -6.0000 -10.0000 -2.0000 -14.0000 2.0000 0.5908 0.5511 0.3116 0.7088 0.3460 2.5083 1.7510 4.5008 
12.0000 51.0000 1.0000 2.0000 0.0000 -6.6000 2 1.0000 1.0000 1.5860 -4.0000 8.0000 12.0000 -8.0000 4.0000 0.0000 0.5417 0.3486 0.7206 0.5364 0.3540 2.5013 1.8332 4.5772 
12.0000 67.0000 1.0000 4.0000 0.0000 0.0000 8 -1.0000 0.0000 1.5540 -6.0000 2.0000 10.0000 -2.0000 14.0000 6.0000 0.3995 0.4473 0.7712 0.3025 0.5762 2.4966 1.9579 4.6891 
12.0000 64.0000 1.0000 4.0000 0.0000 -9.9000 2 1.0000 1.0000 0.6680 -6.0000 6.0000 14.0000 2.0000 10.0000 -2.0000 0.3556 0.7715 0.3517 0.6209 0.4071 2.5068 1.9246 4.6827 
12.0000 69.0000 2.0000 4.0000 0.0000 6.6000 8 -1.0000 1.0000 1.0030 -6.0000 6.0000 10.0000 2.0000 14.0000 -2.0000 0.4869 0.5735 0.6254 0.3964 0.4269 2.5091 1.9129 4.6684 
12.0000 4.0000 2.0000 -4.0000 1.0000 0.0000 8 -1.0000 0.0000 0.8830 6.0000 -6.0000 -10.0000 -2.0000 -14.0000 2.0000 0.5000 0.5000 0.5000 0.5000 0.5000 2.5000 1.9218 4.6759 
12.0000 70.0000 2.0000 4.0000 0.0000 9.9000 8 -1.0000 1.0000 1.8630 6.0000 -2.0000 -6.0000 14.0000 2.0000 10.0000 0.5531 0.4015 0.4411 0.4001 0.7049 2.5007 1.7618 4.5097 
12.0000 5.0000 2.0000 -4.0000 1.0000 3.3000 2 1.0000 0.0000 1.9430 -2.0000 -10.0000 -14.0000 6.0000 -6.0000 2.0000 0.5000 0.5000 0.5000 0.5000 0.5000 2.5000 1.8454 4.5924 
12.0000 60.0000 2.0000 4.0000 1.0000 0.0000 2 1.0000 0.0000 1.5390 14.0000 6.0000 -6.0000 10.0000 -2.0000 2.0000 0.5000 0.5000 0.5000 0.5000 0.5000 2.5000 1.8884 4.6425 
12.0000 10.0000 2.0000 -4.0000 0.0000 -3.3000 2 1.0000 1.0000 1.3540 -6.0000 2.0000 6.0000 -14.0000 -2.0000 -10.0000 0.3865 0.4645 0.5937 0.3645 0.6962 2.5055 1.8103 4.5647 
12.0000 23.0000 2.0000 -2.0000 0.0000 -6.6000 2 1.0000 1.0000 0.7420 -12.0000 0.0000 8.0000 -4.0000 4.0000 -8.0000 0.3933 0.5075 0.6153 0.4235 0.5671 2.5066 1.8642 4.6157 
12.0000 44.0000 2.0000 2.0000 1.0000 -6.6000 2 1.0000 1.0000 1.1810 -8.0000 0.0000 8.0000 -4.0000 12.0000 4.0000 0.5000 0.5000 0.5000 0.5000 0.5000 2.5000 1.9727 4.7260 
12.0000 18.0000 2.0000 -2.0000 1.0000 0.0000 8 -1.0000 0.0000 2.2180 -8.0000 0.0000 4.0000 -4.0000 8.0000 -12.0000 0.5000 0.5000 0.5000 0.5000 0.5000 2.5000 1.8069 4.5593 
12.0000 33.0000 2.0000 0.0000 1.0000 3.3000 8 -1.0000 1.0000 2.2550 -10.0000 -2.0000 10.0000 -6.0000 6.0000 2.0000 0.5000 0.5000 0.5000 0.5000 0.5000 2.5000 1.7881 4.5425 
12.0000 1.0000 2.0000 -4.0000 1.0000 -9.9000 2 1.0000 1.0000 1.3570 6.0000 -2.0000 -10.0000 2.0000 -14.0000 -6.0000 0.5000 0.5000 0.5000 0.5000 0.5000 2.5000 1.8925 4.6426 
12.0000 9.0000 2.0000 -4.0000 0.0000 -6.6000 2 1.0000 1.0000 1.6700 2.0000 -10.0000 -14.0000 6.0000 -6.0000 -2.0000 0.6270 0.5534 0.4036 0.5290 0.3849 2.4979 1.9670 4.7070 
12.0000 31.0000 2.0000 0.0000 1.0000 -3.3000 8 -1.0000 0.0000 2.7490 -10.0000 2.0000 10.0000 -2.0000 6.0000 -6.0000 0.5000 0.5000 0.5000 0.5000 0.5000 2.5000 1.8914 4.6425 
12.0000 22.0000 2.0000 -2.0000 0.0000 -9.9000 2 1.0000 1.0000 1.6070 8.0000 -4.0000 -8.0000 0.0000 -12.0000 4.0000 0.3971 0.3386 0.6554 0.5194 0.5958 2.5063 1.8839 4.6322 
12.0000 67.0000 2.0000 4.0000 0.0000 0.0000 8 -1.0000 0.0000 1.2710 14.0000 2.0000 -6.0000 6.0000 -2.0000 10.0000 0.3409 0.6119 0.4879 0.7444 0.3123 2.4973 1.8933 4.6400 
12.0000 35.0000 2.0000 0.0000 1.0000 9.9000 8 -1.0000 1.0000 0.9210 6.0000 -2.0000 -6.0000 2.0000 -10.0000 10.0000 0.5000 0.5000 0.5000 0.5000 0.5000 2.5000 1.8038 4.5592 
12.0000 37.0000 2.0000 0.0000 0.0000 -6.6000 8 -1.0000 0.0000 2.7160 6.0000 -6.0000 -10.0000 10.0000 -2.0000 2.0000 0.5376 0.4789 0.4129 0.6911 0.3832 2.5038 1.9430 4.6964 
12.0000 62.0000 2.0000 4.0000 1.0000 6.6000 8 -1.0000 1.0000 1.2500 10.0000 2.0000 -2.0000 6.0000 -6.0000 14.0000 0.5000 0.5000 0.5000 0.5000 0.5000 2.5000 1.9986 4.7591 
12.0000 32.0000 2.0000 0.0000 1.0000 0.0000 8 -1.0000 0.0000 1.4750 -10.0000 2.0000 10.0000 -2.0000 6.0000 -6.0000 0.5000 0.5000 0.5000 0.5000 0.5000 2.5000 1.8406 4.5925 
12.0000 6.0000 2.0000 -4.0000 1.0000 6.6000 8 -1.0000 1.0000 0.9520 -6.0000 2.0000 6.0000 -14.0000 -2.0000 -10.0000 0.5000 0.5000 0.5000 0.5000 0.5000 2.5000 1.7552 4.5091 
12.0000 7.0000 2.0000 -4.0000 1.0000 9.9000 8 -1.0000 1.0000 1.0890 6.0000 -6.0000 -10.0000 -2.0000 -14.0000 2.0000 0.5000 0.5000 0.5000 0.5000 0.5000 2.5000 1.9417 4.6924 
12.0000 2.0000 2.0000 -4.0000 1.0000 -6.6000 2 1.0000 1.0000 1.6510 2.0000 -10.0000 -14.0000 6.0000 -6.0000 -2.0000 0.5000 0.5000 0.5000 0.5000 0.5000 2.5000 1.8187 4.5592 
12.0000 53.0000 2.0000 2.0000 0.0000 0.0000 8 -1.0000 0.0000 1.5020 -8.0000 0.0000 8.0000 -4.0000 12.0000 4.0000 0.3609 0.4922 0.3721 0.5926 0.6901 2.5079 1.8020 4.5503 
12.0000 61.0000 2.0000 4.0000 1.0000 3.3000 2 1.0000 0.0000 2.9950 2.0000 10.0000 14.0000 -6.0000 6.0000 -2.0000 0.5000 0.5000 0.5000 0.5000 0.5000 2.5000 1.8716 4.6259 
12.0000 27.0000 2.0000 -2.0000 0.0000 6.6000 2 1.0000 0.0000 2.3160 -12.0000 0.0000 8.0000 -4.0000 4.0000 -8.0000 0.7191 0.4254 0.6292 0.3111 0.4077 2.4925 1.9811 4.7351 
12.0000 47.0000 2.0000 2.0000 1.0000 3.3000 2 1.0000 0.0000 1.2530 0.0000 8.0000 12.0000 -8.0000 4.0000 -4.0000 0.5000 0.5000 0.5000 0.5000 0.5000 2.5000 1.9152 4.6759 
12.0000 51.0000 2.0000 2.0000 0.0000 -6.6000 2 1.0000 1.0000 2.6770 -8.0000 4.0000 8.0000 0.0000 12.0000 -4.0000 0.4981 0.4627 0.4255 0.6631 0.4430 2.4923 1.8073 4.5516 
12.0000 30.0000 2.0000 0.0000 1.0000 -6.6000 2 1.0000 1.0000 1.1200 -10.0000 2.0000 10.0000 -2.0000 6.0000 -6.0000 0.5000 0.5000 0.5000 0.5000 0.5000 2.5000 1.7528 4.5092 
12.0000 56.0000 2.0000 2.0000 0.0000 9.9000 8 -1.0000 1.0000 1.0360 4.0000 -4.0000 -8.0000 12.0000 0.0000 8.0000 0.4969 0.4606 0.5844 0.3159 0.6460 2.5039 1.8451 4.5964 
12.0000 66.0000 2.0000 4.0000 0.0000 -3.3000 2 1.0000 1.0000 1.0740 14.0000 2.0000 -2.0000 6.0000 -6.0000 10.0000 0.3708 0.4042 0.5418 0.6901 0.4881 2.4950 1.9456 4.6874 
12.0000 29.0000 2.0000 0.0000 1.0000 -9.9000 2 1.0000 1.0000 0.8490 6.0000 -2.0000 -6.0000 2.0000 -10.0000 10.0000 0.5000 0.5000 0.5000 0.5000 0.5000 2.5000 1.8782 4.6258 
12.0000 21.0000 2.0000 -2.0000 1.0000 9.9000 8 -1.0000 1.0000 1.1190 4.0000 -4.0000 -8.0000 0.0000 -12.0000 8.0000 0.5000 0.5000 0.5000 0.5000 0.5000 2.5000 1.9323 4.6758 
12.0000 28.0000 2.0000 -2.0000 0.0000 9.9000 8 -1.0000 1.0000 0.5100 -12.0000 -4.0000 8.0000 -8.0000 4.0000 0.0000 0.3437 0.6428 0.6691 0.3453 0.4997 2.5005 1.9777 4.7431 
12.0000 36.0000 2.0000 0.0000 0.0000 -9.9000 2 1.0000 1.0000 0.8090 -2.0000 6.0000 10.0000 -10.0000 2.0000 -6.0000 0.5072 0.3877 0.4986 0.5786 0.5357 2.5078 1.9307 4.7004 
12.0000 26.0000 2.0000 -2.0000 0.0000 3.3000 8 -1.0000 1.0000 0.9230 4.0000 -4.0000 -12.0000 0.0000 -8.0000 8.0000 0.3239 0.5782 0.5262 0.6524 0.4274 2.5082 1.8732 4.6340 
12.0000 41.0000 2.0000 0.0000 0.0000 6.6000 2 1.0000 0.0000 2.6740 -6.0000 2.0000 10.0000 -2.0000 6.0000 -10.0000 0.5457 0.4842 0.5186 0.6398 0.3185 2.5069 1.7717 4.5328 
12.0000 39.0000 2.0000 0.0000 0.0000 0.0000 2 1.0000 0.0000 1.1190 6.0000 -6.0000 -10.0000 10.0000 -2.0000 2.0000 0.4753 0.6347 0.3688 0.4935 0.5283 2.5006 1.7573 4.5099 
12.0000 63.0000 2.0000 4.0000 1.0000 9.9000 8 -1.0000 1.0000 1.5710 10.0000 2.0000 -2.0000 6.0000 -6.0000 14.0000 0.5000 0.5000 0.5000 0.5000 0.5000 2.5000 1.8755 4.6259 
12.0000 25.0000 2.0000 -2.0000 0.0000 0.0000 8 -1.0000 0.0000 1.4750 4.0000 -4.0000 -8.0000 0.0000 -12.0000 8.0000 0.4178 0.7292 0.3348 0.4076 0.6162 2.5056 1.7812 4.5316 
12.0000 3.0000 2.0000 -4.0000 1.0000 -3.3000 2 1.0000 1.0000 2.0740 6.0000 -2.0000 -10.0000 2.0000 -14.0000 -6.0000 0.5000 0.5000 0.5000 0.5000 0.5000 2.5000 1.8765 4.6260 
12.0000 8.0000 2.0000 -4.0000 0.0000 -9.9000 2 1.0000 1.0000 1.7800 6.0000 -6.0000 -10.0000 -2.0000 -14.0000 2.0000 0.3561 0.7813 0.4165 0.5529 0.3918 2.4986 1.9248 4.6746 
12.0000 57.0000 2.0000 4.0000 1.0000 -9.9000 2 1.0000 1.0000 2.7490 2.0000 10.0000 14.0000 -6.0000 6.0000 -2.0000 0.5000 0.5000 0.5000 0.5000 0.5000 2.5000 1.8535 4.6092 
12.0000 48.0000 2.0000 2.0000 1.0000 6.6000 8 -1.0000 1.0000 3.0700 -8.0000 4.0000 8.0000 0.0000 12.0000 -4.0000 0.5000 0.5000 0.5000 0.5000 0.5000 2.5000 1.9001 4.6593 
12.0000 42.0000 2.0000 0.0000 0.0000 9.9000 8 -1.0000 1.0000 1.4330 -6.0000 2.0000 6.0000 -2.0000 10.0000 -10.0000 0.5782 0.3019 0.7980 0.3514 0.4675 2.4971 1.9728 4.7230 
12.0000 20.0000 2.0000 -2.0000 1.0000 6.6000 2 1.0000 0.0000 2.1420 0.0000 -8.0000 -12.0000 8.0000 -4.0000 4.0000 0.5000 0.5000 0.5000 0.5000 0.5000 2.5000 1.7920 4.5424 
12.0000 34.0000 2.0000 0.0000 1.0000 6.6000 2 1.0000 0.0000 1.2070 10.0000 -2.0000 -6.0000 2.0000 -10.0000 6.0000 0.5000 0.5000 0.5000 0.5000 0.5000 2.5000 1.9234 4.6759 
12.0000 58.0000 2.0000 4.0000 1.0000 -6.6000 2 1.0000 1.0000 1.4670 10.0000 2.0000 -6.0000 6.0000 -2.0000 14.0000 0.5000 0.5000 0.5000 0.5000 0.5000 2.5000 1.9066 4.6594 
12.0000 12.0000 2.0000 -4.0000 0.0000 3.3000 8 -1.0000 1.0000 1.8940 6.0000 -2.0000 -14.0000 2.0000 -10.0000 -6.0000 0.6111 0.3274 0.5461 0.4612 0.5491 2.4949 1.9420 4.6874 
12.0000 16.0000 2.0000 -2.0000 1.0000 -6.6000 2 1.0000 1.0000 0.7270 -8.0000 0.0000 8.0000 -4.0000 4.0000 -12.0000 0.5000 0.5000 0.5000 0.5000 0.5000 2.5000 1.8212 4.5758 
12.0000 40.0000 2.0000 0.0000 0.0000 3.3000 8 -1.0000 1.0000 1.1280 -10.0000 -2.0000 6.0000 -6.0000 10.0000 2.0000 0.6660 0.4011 0.4583 0.3469 0.6269 2.4993 1.8887 4.6418 
12.0000 68.0000 2.0000 4.0000 0.0000 3.3000 8 -1.0000 1.0000 1.1200 -6.0000 6.0000 10.0000 2.0000 14.0000 -2.0000 0.6045 0.4969 0.3789 0.5533 0.4707 2.5044 1.9768 4.7304 
12.0000 64.0000 2.0000 4.0000 0.0000 -9.9000 8 -1.0000 0.0000 1.1870 10.0000 2.0000 -2.0000 6.0000 -6.0000 14.0000 0.6420 0.3523 0.3127 0.4630 0.7329 2.5029 1.7511 4.5119 
12.0000 46.0000 2.0000 2.0000 1.0000 0.0000 2 1.0000 0.0000 1.1920 8.0000 0.0000 -4.0000 4.0000 -8.0000 12.0000 0.5000 0.5000 0.5000 0.5000 0.5000 2.5000 1.8182 4.5758 
12.0000 15.0000 2.0000 -2.0000 1.0000 -9.9000 2 1.0000 1.0000 1.6790 0.0000 -8.0000 -12.0000 8.0000 -4.0000 4.0000 0.5000 0.5000 0.5000 0.5000 0.5000 2.5000 1.9632 4.7093 
12.0000 59.0000 2.0000 4.0000 1.0000 -3.3000 8 -1.0000 0.0000 1.6130 14.0000 2.0000 -6.0000 6.0000 -2.0000 10.0000 0.5000 0.5000 0.5000 0.5000 0.5000 2.5000 1.8497 4.5925 
12.0000 55.0000 2.0000 2.0000 0.0000 6.6000 2 1.0000 0.0000 1.8780 12.0000 4.0000 -8.0000 8.0000 -4.0000 0.0000 0.6850 0.4917 0.3148 0.6389 0.3652 2.4956 1.9565 4.7049 
12.0000 45.0000 2.0000 2.0000 1.0000 -3.3000 2 1.0000 1.0000 2.1600 12.0000 0.0000 -4.0000 4.0000 -8.0000 8.0000 0.5000 0.5000 0.5000 0.5000 0.5000 2.5000 1.7830 4.5258 
12.0000 54.0000 2.0000 2.0000 0.0000 3.3000 8 -1.0000 1.0000 2.3030 12.0000 0.0000 -8.0000 4.0000 -4.0000 8.0000 0.7525 0.3380 0.7704 0.3424 0.3066 2.5099 1.9725 4.7357 
12.0000 50.0000 2.0000 2.0000 0.0000 -9.9000 2 1.0000 1.0000 0.9370 4.0000 -4.0000 -8.0000 12.0000 0.0000 8.0000 0.3012 0.5474 0.4522 0.7017 0.4901 2.4925 1.9588 4.7018 
12.0000 52.0000 2.0000 2.0000 0.0000 -3.3000 2 1.0000 1.0000 2.1420 -4.0000 4.0000 12.0000 0.0000 8.0000 -8.0000 0.3254 0.6482 0.6901 0.4896 0.3451 2.4983 1.9912 4.7411 
12.0000 43.0000 2.0000 2.0000 1.0000 -9.9000 2 1.0000 1.0000 3.2560 4.0000 -4.0000 -8.0000 12.0000 0.0000 8.0000 0.5000 0.5000 0.5000 0.5000 0.5000 2.5000 1.9136 4.6592 
12.0000 19.0000 2.0000 -2.0000 1.0000 3.3000 8 -1.0000 1.0000 1.2100 8.0000 -4.0000 -8.0000 0.0000 -12.0000 4.0000 0.5000 0.5000 0.5000 0.5000 0.5000 2.5000 1.9787 4.7261 
12.0000 14.0000 2.0000 -4.0000 0.0000 9.9000 8 -1.0000 1.0000 1.2210 -10.0000 -2.0000 2.0000 -6.0000 6.0000 -14.0000 0.5076 0.5524 0.3989 0.5439 0.5024 2.5053 1.8846 4.6313 
12.0000 38.0000 2.0000 0.0000 0.0000 -3.3000 2 1.0000 1.0000 1.2510 -2.0000 6.0000 10.0000 -10.0000 2.0000 -6.0000 0.3757 0.6361 0.3339 0.7501 0.4042 2.5001 1.7645 4.5093 
12.0000 49.0000 2.0000 2.0000 1.0000 9.9000 8 -1.0000 1.0000 1.8520 8.0000 0.0000 -4.0000 4.0000 -8.0000 12.0000 0.5000 0.5000 0.5000 0.5000 0.5000 2.5000 1.9762 4.7259 
12.0000 24.0000 2.0000 -2.0000 0.0000 -3.3000 2 1.0000 1.0000 1.3920 4.0000 -4.0000 -12.0000 0.0000 -8.0000 8.0000 0.3097 0.4442 0.6094 0.4735 0.6607 2.4974 1.9348 4.6899 
12.0000 17.0000 2.0000 -2.0000 1.0000 -3.3000 8 -1.0000 0.0000 1.9420 -12.0000 0.0000 4.0000 -4.0000 8.0000 -8.0000 0.5000 0.5000 0.5000 0.5000 0.5000 2.5000 1.9969 4.7592 
12.0000 11.0000 2.0000 -4.0000 0.0000 0.0000 2 1.0000 0.0000 1.5790 -14.0000 -2.0000 6.0000 -6.0000 2.0000 -10.0000 0.5509 0.4481 0.3235 0.6371 0.5395 2.4990 1.8273 4.5749 
12.0000 65.0000 2.0000 4.0000 0.0000 -6.6000 2 1.0000 1.0000 2.4910 6.0000 -2.0000 -6.0000 14.0000 2.0000 10.0000 0.7739 0.3231 0.4445 0.3364 0.6170 2.4949 1.9564 4.7042 
12.0000 13.0000 2.0000 -4.0000 0.0000 6.6000 8 -1.0000 1.0000 2.0850 6.0000 -6.0000 -14.0000 -2.0000 -10.0000 2.0000 0.5245 0.6980 0.3369 0.5500 0.3990 2.5083 1.7600 4.5175 
12.0000 63.0000 3.0000 4.0000 1.0000 9.9000 8 -1.0000 1.0000 0.8190 14.0000 2.0000 -2.0000 6.0000 -6.0000 10.0000 0.5000 0.5000 0.5000 0.5000 0.5000 2.5000 1.7834 4.5425 
12.0000 39.0000 3.0000 0.0000 0.0000 0.0000 2 1.0000 0.0000 1.6240 -6.0000 6.0000 10.0000 -10.0000 2.0000 -2.0000 0.4604 0.6546 0.4357 0.5829 0.3624 2.4960 1.9662 4.7218 
12.0000 3.0000 3.0000 -4.0000 1.0000 -3.3000 2 1.0000 1.0000 1.8620 6.0000 -6.0000 -10.0000 -2.0000 -14.0000 2.0000 0.5000 0.5000 0.5000 0.5000 0.5000 2.5000 1.9032 4.6591 
12.0000 23.0000 3.0000 -2.0000 0.0000 -6.6000 2 1.0000 1.0000 1.1430 8.0000 -4.0000 -8.0000 0.0000 -12.0000 4.0000 0.7616 0.3111 0.4811 0.4226 0.5307 2.5072 1.8147 4.5664 
12.0000 16.0000 3.0000 -2.0000 1.0000 -6.6000 2 1.0000 1.0000 1.1040 8.0000 -4.0000 -12.0000 0.0000 -8.0000 4.0000 0.5000 0.5000 0.5000 0.5000 0.5000 2.5000 1.9589 4.7092 
12.0000 69.0000 3.0000 4.0000 0.0000 6.6000 8 -1.0000 1.0000 1.6720 10.0000 -2.0000 -6.0000 14.0000 2.0000 6.0000 0.5658 0.3392 0.5835 0.3043 0.7063 2.4990 1.8142 4.5581 
12.0000 55.0000 3.0000 2.0000 0.0000 6.6000 8 -1.0000 1.0000 1.1110 8.0000 -4.0000 -8.0000 12.0000 0.0000 4.0000 0.7492 0.4901 0.3605 0.5403 0.3671 2.5073 1.8468 4.5997 
12.0000 34.0000 3.0000 0.0000 1.0000 6.6000 8 -1.0000 1.0000 1.7010 -6.0000 2.0000 10.0000 -2.0000 6.0000 -10.0000 0.5000 0.5000 0.5000 0.5000 0.5000 2.5000 1.8583 4.6091 
12.0000 5.0000 3.0000 -4.0000 1.0000 3.3000 8 -1.0000 1.0000 1.6460 -10.0000 -2.0000 6.0000 -6.0000 2.0000 -14.0000 0.5000 0.5000 0.5000 0.5000 0.5000 2.5000 1.8024 4.5592 
12.0000 62.0000 3.0000 4.0000 1.0000 6.6000 2 1.0000 0.0000 1.1430 10.0000 2.0000 -2.0000 6.0000 -6.0000 14.0000 0.5000 0.5000 0.5000 0.5000 0.5000 2.5000 1.8732 4.6258 
12.0000 53.0000 3.0000 2.0000 0.0000 0.0000 8 -1.0000 0.0000 1.1740 -8.0000 0.0000 8.0000 -4.0000 12.0000 4.0000 0.4469 0.7245 0.3535 0.5725 0.4107 2.5082 1.7936 4.5507 
12.0000 15.0000 3.0000 -2.0000 1.0000 -9.9000 2 1.0000 1.0000 1.1390 -12.0000 0.0000 8.0000 -4.0000 4.0000 -8.0000 0.5000 0.5000 0.5000 0.5000 0.5000 2.5000 1.9804 4.7260 
12.0000 1.0000 3.0000 -4.0000 1.0000 -9.9000 2 1.0000 1.0000 1.0620 2.0000 -10.0000 -14.0000 6.0000 -6.0000 -2.0000 0.5000 0.5000 0.5000 0.5000 0.5000 2.5000 1.9333 4.6759 
12.0000 26.0000 3.0000 -2.0000 0.0000 3.3000 2 1.0000 0.0000 1.5300 0.0000 -8.0000 -12.0000 8.0000 -4.0000 4.0000 0.4517 0.7648 0.4387 0.3200 0.5171 2.4923 1.9464 4.6849 
12.0000 46.0000 3.0000 2.0000 1.0000 0.0000 2 1.0000 0.0000 1.9590 0.0000 8.0000 12.0000 -8.0000 4.0000 -4.0000 0.5000 0.5000 0.5000 0.5000 0.5000 2.5000 1.8115 4.5593 
12.0000 35.0000 3.0000 0.0000 1.0000 9.9000 8 -1.0000 1.0000 1.1000 -6.0000 2.0000 10.0000 -2.0000 6.0000 -10.0000 0.5000 0.5000 0.5000 0.5000 0.5000 2.5000 1.8360 4.5758 
12.0000 18.0000 3.0000 -2.0000 1.0000 0.0000 8 -1.0000 0.0000 1.4630 8.0000 0.0000 -8.0000 4.0000 -12.0000 -4.0000 0.5000 0.5000 0.5000 0.5000 0.5000 2.5000 1.9415 4.6758 
12.0000 45.0000 3.0000 2.0000 1.0000 -3.3000 8 -1.0000 0.0000 1.4630 12.0000 0.0000 -8.0000 4.0000 -4.0000 8.0000 0.5000 0.5000 0.5000 0.5000 0.5000 2.5000 1.8844 4.6426 
12.0000 49.0000 3.0000 2.0000 1.0000 9.9000 8 -1.0000 1.0000 1.0380 -8.0000 4.0000 12.0000 0.0000 8.0000 -4.0000 0.5000 0.5000 0.5000 0.5000 0.5000 2.5000 1.8695 4.6258 
12.0000 48.0000 3.0000 2.0000 1.0000 6.6000 8 -1.0000 1.0000 1.5380 -8.0000 0.0000 8.0000 -4.0000 12.0000 4.0000 0.5000 0.5000 0.5000 0.5000 0.5000 2.5000 1.9898 4.7426 
12.0000 67.0000 3.0000 4.0000 0.0000 0.0000 2 1.0000 0.0000 2.2010 -2.0000 6.0000 14.0000 2.0000 10.0000 -6.0000 0.7832 0.4173 0.5807 0.3495 0.3774 2.5081 1.8240 4.5839 
12.0000 47.0000 3.0000 2.0000 1.0000 3.3000 8 -1.0000 1.0000 1.5020 -4.0000 8.0000 12.0000 -8.0000 4.0000 0.0000 0.5000 0.5000 0.5000 0.5000 0.5000 2.5000 1.9755 4.7258 
12.0000 9.0000 3.0000 -4.0000 0.0000 -6.6000 2 1.0000 1.0000 0.8590 2.0000 -10.0000 -14.0000 6.0000 -6.0000 -2.0000 0.7362 0.5746 0.3649 0.3137 0.5114 2.5008 1.7606 4.5100 
12.0000 31.0000 3.0000 0.0000 1.0000 -3.3000 2 1.0000 1.0000 0.8240 6.0000 -2.0000 -6.0000 2.0000 -10.0000 10.0000 0.5000 0.5000 0.5000 0.5000 0.5000 2.5000 1.9202 4.6593 
12.0000 57.0000 3.0000 4.0000 1.0000 -9.9000 2 1.0000 1.0000 0.7490 6.0000 -2.0000 -6.0000 14.0000 2.0000 10.0000 0.5000 0.5000 0.5000 0.5000 0.5000 2.5000 1.7555 4.4924 
12.0000 58.0000 3.0000 4.0000 1.0000 -6.6000 2 1.0000 1.0000 0.6050 14.0000 6.0000 -2.0000 10.0000 -6.0000 2.0000 0.5000 0.5000 0.5000 0.5000 0.5000 2.5000 1.9715 4.7261 
12.0000 56.0000 3.0000 2.0000 0.0000 9.9000 8 -1.0000 1.0000 0.9540 4.0000 -4.0000 -8.0000 12.0000 0.0000 8.0000 0.4771 0.4081 0.5715 0.5031 0.5399 2.4997 1.9750 4.7256 
12.0000 27.0000 3.0000 -2.0000 0.0000 6.6000 8 -1.0000 1.0000 1.0340 -12.0000 0.0000 4.0000 -4.0000 8.0000 -8.0000 0.3440 0.6838 0.6364 0.3515 0.4936 2.5093 1.9557 4.7186 
12.0000 17.0000 3.0000 -2.0000 1.0000 -3.3000 2 1.0000 1.0000 0.9890 8.0000 -4.0000 -12.0000 0.0000 -8.0000 4.0000 0.5000 0.5000 0.5000 0.5000 0.5000 2.5000 1.8486 4.6092 
12.0000 32.0000 3.0000 0.0000 1.0000 0.0000 8 -1.0000 0.0000 1.0650 6.0000 -2.0000 -10.0000 2.0000 -6.0000 10.0000 0.5000 0.5000 0.5000 0.5000 0.5000 2.5000 1.7870 4.5425 
12.0000 6.0000 3.0000 -4.0000 1.0000 6.6000 8 -1.0000 1.0000 0.7730 2.0000 -10.0000 -14.0000 6.0000 -6.0000 -2.0000 0.5000 0.5000 0.5000 0.5000 0.5000 2.5000 1.9794 4.7259 
12.0000 11.0000 3.0000 -4.0000 0.0000 0.0000 8 -1.0000 0.0000 1.7530 -10.0000 2.0000 6.0000 -14.0000 -2.0000 -6.0000 0.3855 0.5148 0.6557 0.3495 0.6003 2.5058 1.9105 4.6650 
12.0000 4.0000 3.0000 -4.0000 1.0000 0.0000 2 1.0000 0.0000 0.9680 -14.0000 -6.0000 6.0000 -10.0000 2.0000 -2.0000 0.5000 0.5000 0.5000 0.5000 0.5000 2.5000 1.7992 4.5424 
12.0000 13.0000 3.0000 -4.0000 0.0000 6.6000 8 -1.0000 1.0000 1.5210 -2.0000 -10.0000 -14.0000 6.0000 -6.0000 2.0000 0.3154 0.7511 0.3408 0.4591 0.6406 2.5069 1.8874 4.6329 
12.0000 20.0000 3.0000 -2.0000 1.0000 6.6000 8 -1.0000 1.0000 0.7670 0.0000 -8.0000 -12.0000 8.0000 -4.0000 4.0000 0.5000 0.5000 0.5000 0.5000 0.5000 2.5000 1.8405 4.5926 
12.0000 65.0000 3.0000 4.0000 0.0000 -6.6000 2 1.0000 1.0000 0.7240 14.0000 2.0000 -6.0000 6.0000 -2.0000 10.0000 0.5422 0.4722 0.5044 0.3658 0.6216 2.5062 1.8218 4.5822 
12.0000 29.0000 3.0000 0.0000 1.0000 -9.9000 2 1.0000 1.0000 0.7630 -10.0000 2.0000 6.0000 -2.0000 10.0000 -6.0000 0.5000 0.5000 0.5000 0.5000 0.5000 2.5000 1.9880 4.7426 
12.0000 43.0000 3.0000 2.0000 1.0000 -9.9000 2 1.0000 1.0000 2.4850 12.0000 0.0000 -4.0000 4.0000 -8.0000 8.0000 0.5000 0.5000 0.5000 0.5000 0.5000 2.5000 1.8666 4.6258 
12.0000 51.0000 3.0000 2.0000 0.0000 -6.6000 2 1.0000 1.0000 0.8320 -4.0000 8.0000 12.0000 -8.0000 4.0000 0.0000 0.6219 0.5711 0.3181 0.5773 0.4087 2.4970 1.7625 4.5061 
12.0000 25.0000 3.0000 -2.0000 0.0000 0.0000 8 -1.0000 0.0000 1.1660 -12.0000 0.0000 4.0000 -4.0000 8.0000 -8.0000 0.5930 0.4169 0.5852 0.3410 0.5722 2.5084 1.7555 4.5176 
12.0000 66.0000 3.0000 4.0000 0.0000 -3.3000 8 -1.0000 0.0000 1.1410 2.0000 10.0000 14.0000 -6.0000 6.0000 -2.0000 0.5666 0.7312 0.3251 0.5233 0.3503 2.4965 1.7806 4.5225 
12.0000 50.0000 3.0000 2.0000 0.0000 -9.9000 2 1.0000 1.0000 1.5780 12.0000 0.0000 -4.0000 4.0000 -8.0000 8.0000 0.4108 0.3274 0.6218 0.7050 0.4346 2.4996 1.9330 4.6754 
12.0000 41.0000 3.0000 0.0000 0.0000 6.6000 8 -1.0000 1.0000 2.0730 10.0000 -2.0000 -6.0000 2.0000 -10.0000 6.0000 0.3401 0.6533 0.4598 0.3888 0.6650 2.5071 1.9811 4.7330 
12.0000 42.0000 3.0000 0.0000 0.0000 9.9000 2 1.0000 0.0000 0.7230 -10.0000 -2.0000 6.0000 -6.0000 10.0000 2.0000 0.4393 0.6459 0.6090 0.4474 0.3592 2.5008 1.9356 4.6934 
12.0000 19.0000 3.0000 -2.0000 1.0000 3.3000 8 -1.0000 1.0000 1.0560 8.0000 0.0000 -12.0000 4.0000 -8.0000 -4.0000 0.5000 0.5000 0.5000 0.5000 0.5000 2.5000 1.8774 4.6258 
12.0000 8.0000 3.0000 -4.0000 0.0000 -9.9000 2 1.0000 1.0000 1.0450 -14.0000 -6.0000 6.0000 -10.0000 2.0000 -2.0000 0.3599 0.6190 0.3496 0.6217 0.5560 2.5062 1.9066 4.6654 
12.0000 60.0000 3.0000 4.0000 1.0000 0.0000 8 -1.0000 0.0000 0.9870 14.0000 6.0000 -6.0000 10.0000 -2.0000 2.0000 0.5000 0.5000 0.5000 0.5000 0.5000 2.5000 1.9600 4.7092 
12.0000 59.0000 3.0000 4.0000 1.0000 -3.3000 8 -1.0000 0.0000 0.8990 14.0000 2.0000 -2.0000 6.0000 -6.0000 10.0000 0.5000 0.5000 0.5000 0.5000 0.5000 2.5000 1.7585 4.5092 
12.0000 10.0000 3.0000 -4.0000 0.0000 -3.3000 2 1.0000 1.0000 1.3230 2.0000 -10.0000 -14.0000 6.0000 -6.0000 -2.0000 0.3550 0.4717 0.5040 0.6106 0.5562 2.4976 1.8140 4.5568 
12.0000 14.0000 3.0000 -4.0000 0.0000 9.9000 8 -1.0000 1.0000 0.8400 -14.0000 -6.0000 2.0000 -10.0000 6.0000 -2.0000 0.7616 0.4285 0.5339 0.3552 0.4165 2.4958 1.8897 4.6383 
12.0000 37.0000 3.0000 0.0000 0.0000 -6.6000 2 1.0000 1.0000 1.3240 10.0000 2.0000 -10.0000 6.0000 -6.0000 -2.0000 0.4542 0.6170 0.3328 0.5106 0.5918 2.5063 1.8147 4.5655 
12.0000 2.0000 3.0000 -4.0000 1.0000 -6.6000 8 -1.0000 0.0000 1.0800 -6.0000 2.0000 6.0000 -14.0000 -2.0000 -10.0000 0.5000 0.5000 0.5000 0.5000 0.5000 2.5000 1.8788 4.6259 
12.0000 12.0000 3.0000 -4.0000 0.0000 3.3000 8 -1.0000 1.0000 1.2380 6.0000 -2.0000 -10.0000 2.0000 -14.0000 -6.0000 0.5366 0.6066 0.5193 0.4882 0.3552 2.5059 1.8795 4.6484 
12.0000 44.0000 3.0000 2.0000 1.0000 -6.6000 8 -1.0000 0.0000 0.5340 12.0000 4.0000 -8.0000 8.0000 -4.0000 0.0000 0.5000 0.5000 0.5000 0.5000 0.5000 2.5000 1.8363 4.5925 
12.0000 64.0000 3.0000 4.0000 0.0000 -9.9000 2 1.0000 1.0000 0.8700 -6.0000 6.0000 10.0000 2.0000 14.0000 -2.0000 0.3693 0.4898 0.6872 0.4617 0.5009 2.5089 1.9922 4.7513 
12.0000 40.0000 3.0000 0.0000 0.0000 3.3000 2 1.0000 0.0000 1.3670 -6.0000 6.0000 10.0000 -10.0000 2.0000 -2.0000 0.3498 0.4519 0.6203 0.4247 0.6507 2.4974 1.7967 4.5399 
12.0000 21.0000 3.0000 -2.0000 1.0000 9.9000 8 -1.0000 1.0000 2.6450 -12.0000 -4.0000 4.0000 -8.0000 8.0000 0.0000 0.5000 0.5000 0.5000 0.5000 0.5000 2.5000 1.7937 4.5426 
12.0000 61.0000 3.0000 4.0000 1.0000 3.3000 8 -1.0000 1.0000 1.0420 10.0000 -2.0000 -6.0000 14.0000 2.0000 6.0000 0.5000 0.5000 0.5000 0.5000 0.5000 2.5000 1.9525 4.7093 
12.0000 7.0000 3.0000 -4.0000 1.0000 9.9000 8 -1.0000 1.0000 0.6130 -10.0000 -2.0000 6.0000 -6.0000 2.0000 -14.0000 0.5000 0.5000 0.5000 0.5000 0.5000 2.5000 1.8304 4.5759 
12.0000 30.0000 3.0000 0.0000 1.0000 -6.6000 8 -1.0000 0.0000 1.6660 10.0000 2.0000 -6.0000 6.0000 -10.0000 -2.0000 0.5000 0.5000 0.5000 0.5000 0.5000 2.5000 1.7958 4.5427 
12.0000 52.0000 3.0000 2.0000 0.0000 -3.3000 2 1.0000 1.0000 1.6630 -8.0000 4.0000 8.0000 0.0000 12.0000 -4.0000 0.3080 0.3410 0.7669 0.3869 0.6995 2.5022 1.9331 4.6781 
12.0000 36.0000 3.0000 0.0000 0.0000 -9.9000 2 1.0000 1.0000 1.4690 -2.0000 6.0000 10.0000 -10.0000 2.0000 -6.0000 0.3179 0.7723 0.3313 0.6597 0.4265 2.5077 1.9964 4.7670 
12.0000 28.0000 3.0000 -2.0000 0.0000 9.9000 8 -1.0000 1.0000 2.4430 -8.0000 0.0000 8.0000 -4.0000 4.0000 -12.0000 0.6948 0.4329 0.5046 0.4599 0.4019 2.4940 1.8470 4.6032 
12.0000 70.0000 3.0000 4.0000 0.0000 9.9000 8 -1.0000 1.0000 2.2060 -2.0000 10.0000 14.0000 -6.0000 6.0000 2.0000 0.3327 0.5218 0.4572 0.6198 0.5588 2.4904 1.7678 4.5164 
12.0000 54.0000 3.0000 2.0000 0.0000 3.3000 2 1.0000 0.0000 2.1080 -4.0000 4.0000 8.0000 0.0000 12.0000 -8.0000 0.4097 0.6175 0.3606 0.4722 0.6394 2.4994 1.7687 4.5252 
12.0000 33.0000 3.0000 0.0000 1.0000 3.3000 8 -1.0000 1.0000 2.0920 -6.0000 2.0000 10.0000 -2.0000 6.0000 -10.0000 0.5000 0.5000 0.5000 0.5000 0.5000 2.5000 1.8654 4.6092 
12.0000 38.0000 3.0000 0.0000 0.0000 -3.3000 2 1.0000 1.0000 1.2140 6.0000 -2.0000 -6.0000 2.0000 -10.0000 10.0000 0.3152 0.3771 0.7957 0.6855 0.3171 2.4907 1.7876 4.5331 
12.0000 22.0000 3.0000 -2.0000 0.0000 -9.9000 2 1.0000 1.0000 0.9070 -12.0000 0.0000 8.0000 -4.0000 4.0000 -8.0000 0.6678 0.3990 0.6056 0.4569 0.3622 2.4915 1.9968 4.7342 
12.0000 24.0000 3.0000 -2.0000 0.0000 -3.3000 2 1.0000 1.0000 1.4730 4.0000 -8.0000 -12.0000 8.0000 -4.0000 0.0000 0.3667 0.4927 0.4507 0.6125 0.5744 2.4969 1.8794 4.6229 
12.0000 68.0000 3.0000 4.0000 0.0000 3.3000 8 -1.0000 1.0000 3.5750 -2.0000 6.0000 10.0000 2.0000 14.0000 -6.0000 0.6050 0.3864 0.4520 0.5813 0.4825 2.5072 1.7953 4.5664 
12.0000 49.0000 4.0000 2.0000 1.0000 9.9000 8 -1.0000 1.0000 1.0860 -4.0000 4.0000 12.0000 0.0000 8.0000 -8.0000 0.5000 0.5000 0.5000 0.5000 0.5000 2.5000 1.9373 4.6925 
12.0000 70.0000 4.0000 4.0000 0.0000 9.9000 8 -1.0000 1.0000 1.0800 -2.0000 6.0000 10.0000 2.0000 14.0000 -6.0000 0.4481 0.7925 0.3918 0.3350 0.5349 2.5024 1.8036 4.5617 
12.0000 52.0000 4.0000 2.0000 0.0000 -3.3000 2 1.0000 1.0000 1.3080 0.0000 8.0000 12.0000 -8.0000 4.0000 -4.0000 0.4826 0.3701 0.5789 0.6170 0.4466 2.4953 1.7523 4.5044 
12.0000 63.0000 4.0000 4.0000 1.0000 9.9000 8 -1.0000 1.0000 1.9180 -6.0000 6.0000 10.0000 2.0000 14.0000 -2.0000 0.5000 0.5000 0.5000 0.5000 0.5000 2.5000 1.9498 4.6926 
12.0000 56.0000 4.0000 2.0000 0.0000 9.9000 8 -1.0000 1.0000 1.2750 -4.0000 4.0000 8.0000 0.0000 12.0000 -8.0000 0.5799 0.4327 0.3459 0.6923 0.4520 2.5027 1.9205 4.6620 
12.0000 7.0000 4.0000 -4.0000 1.0000 9.9000 8 -1.0000 1.0000 1.2290 6.0000 -2.0000 -14.0000 2.0000 -10.0000 -6.0000 0.5000 0.5000 0.5000 0.5000 0.5000 2.5000 1.7807 4.5259 
12.0000 5.0000 4.0000 -4.0000 1.0000 3.3000 8 -1.0000 1.0000 1.4360 -6.0000 2.0000 6.0000 -14.0000 -2.0000 -10.0000 0.5000 0.5000 0.5000 0.5000 0.5000 2.5000 1.9354 4.6758 
12.0000 23.0000 4.0000 -2.0000 0.0000 -6.6000 2 1.0000 1.0000 2.1330 -12.0000 -4.0000 4.0000 -8.0000 8.0000 0.0000 0.6492 0.4727 0.4055 0.6541 0.3274 2.5090 1.8255 4.5849 
12.0000 24.0000 4.0000 -2.0000 0.0000 -3.3000 2 1.0000 1.0000 0.9610 4.0000 -4.0000 -12.0000 0.0000 -8.0000 8.0000 0.5665 0.6249 0.4714 0.3551 0.4851 2.5029 1.8614 4.6121 
12.0000 51.0000 4.0000 2.0000 0.0000 -6.6000 2 1.0000 1.0000 0.8960 0.0000 8.0000 12.0000 -8.0000 4.0000 -4.0000 0.7285 0.3701 0.6468 0.4038 0.3573 2.5066 1.7888 4.5492 
12.0000 12.0000 4.0000 -4.0000 0.0000 3.3000 2 1.0000 0.0000 1.7930 -10.0000 -2.0000 2.0000 -6.0000 6.0000 -14.0000 0.3163 0.4123 0.5523 0.4636 0.7647 2.5092 1.7942 4.5518 
12.0000 40.0000 4.0000 0.0000 0.0000 3.3000 8 -1.0000 1.0000 2.4140 6.0000 -2.0000 -10.0000 2.0000 -6.0000 10.0000 0.3238 0.4044 0.6057 0.7329 0.4278 2.4947 1.7838 4.5205 
12.0000 19.0000 4.0000 -2.0000 1.0000 3.3000 2 1.0000 0.0000 1.7100 -12.0000 -4.0000 8.0000 -8.0000 4.0000 0.0000 0.5000 0.5000 0.5000 0.5000 0.5000 2.5000 1.8538 4.6093 
12.0000 11.0000 4.0000 -4.0000 0.0000 0.0000 2 1.0000 0.0000 2.8480 6.0000 -6.0000 -14.0000 -2.0000 -10.0000 2.0000 0.3807 0.5684 0.7746 0.4645 0.3159 2.5041 1.7904 4.5466 
12.0000 68.0000 4.0000 4.0000 0.0000 3.3000 2 1.0000 0.0000 2.9720 -2.0000 10.0000 14.0000 -6.0000 6.0000 2.0000 0.5022 0.3148 0.3583 0.7201 0.6116 2.5069 1.9586 4.7162 
12.0000 6.0000 4.0000 -4.0000 1.0000 6.6000 8 -1.0000 1.0000 1.2410 -10.0000 -2.0000 6.0000 -6.0000 2.0000 -14.0000 0.5000 0.5000 0.5000 0.5000 0.5000 2.5000 1.9788 4.7426 
12.0000 57.0000 4.0000 4.0000 1.0000 -9.9000 2 1.0000 1.0000 0.8190 -2.0000 10.0000 14.0000 -6.0000 6.0000 2.0000 0.5000 0.5000 0.5000 0.5000 0.5000 2.5000 1.8649 4.6258 
12.0000 16.0000 4.0000 -2.0000 1.0000 -6.6000 8 -1.0000 0.0000 1.7220 -12.0000 -4.0000 8.0000 -8.0000 4.0000 0.0000 0.5000 0.5000 0.5000 0.5000 0.5000 2.5000 1.9122 4.6592 
12.0000 45.0000 4.0000 2.0000 1.0000 -3.3000 2 1.0000 1.0000 1.4820 12.0000 4.0000 -4.0000 8.0000 -8.0000 0.0000 0.5000 0.5000 0.5000 0.5000 0.5000 2.5000 1.8256 4.5757 
12.0000 44.0000 4.0000 2.0000 1.0000 -6.6000 2 1.0000 1.0000 1.7490 12.0000 4.0000 -8.0000 8.0000 -4.0000 0.0000 0.5000 0.5000 0.5000 0.5000 0.5000 2.5000 1.9572 4.7092 
12.0000 55.0000 4.0000 2.0000 0.0000 6.6000 8 -1.0000 1.0000 2.0260 -8.0000 4.0000 8.0000 0.0000 12.0000 -4.0000 0.3810 0.4910 0.4204 0.7708 0.4359 2.4991 1.8927 4.6416 
12.0000 54.0000 4.0000 2.0000 0.0000 3.3000 8 -1.0000 1.0000 2.0030 4.0000 -4.0000 -8.0000 12.0000 0.0000 8.0000 0.3136 0.5307 0.7186 0.3075 0.6375 2.5078 1.9281 4.6836 
12.0000 10.0000 4.0000 -4.0000 0.0000 -3.3000 8 -1.0000 0.0000 1.5520 6.0000 -2.0000 -14.0000 2.0000 -10.0000 -6.0000 0.4124 0.3117 0.6280 0.6651 0.4799 2.4970 1.7684 4.5063 
12.0000 61.0000 4.0000 4.0000 1.0000 3.3000 8 -1.0000 1.0000 0.8230 14.0000 2.0000 -6.0000 6.0000 -2.0000 10.0000 0.5000 0.5000 0.5000 0.5000 0.5000 2.5000 1.8014 4.5591 
12.0000 65.0000 4.0000 4.0000 0.0000 -6.6000 2 1.0000 1.0000 1.1410 6.0000 -2.0000 -6.0000 14.0000 2.0000 10.0000 0.3491 0.7036 0.3006 0.4766 0.6764 2.5064 1.9276 4.6822 
12.0000 60.0000 4.0000 4.0000 1.0000 0.0000 2 1.0000 0.0000 1.4670 -6.0000 2.0000 14.0000 -2.0000 10.0000 6.0000 0.5000 0.5000 0.5000 0.5000 0.5000 2.5000 1.7851 4.5425 
12.0000 69.0000 4.0000 4.0000 0.0000 6.6000 8 -1.0000 1.0000 2.8960 14.0000 6.0000 -6.0000 10.0000 -2.0000 2.0000 0.7196 0.3688 0.7258 0.3740 0.3178 2.5061 1.8884 4.6487 
12.0000 47.0000 4.0000 2.0000 1.0000 3.3000 8 -1.0000 1.0000 0.9200 8.0000 0.0000 -8.0000 4.0000 -4.0000 12.0000 0.5000 0.5000 0.5000 0.5000 0.5000 2.5000 1.8005 4.5425 
12.0000 15.0000 4.0000 -2.0000 1.0000 -9.9000 2 1.0000 1.0000 0.9620 -12.0000 0.0000 4.0000 -4.0000 8.0000 -8.0000 0.5000 0.5000 0.5000 0.5000 0.5000 2.5000 1.9234 4.6760 
12.0000 20.0000 4.0000 -2.0000 1.0000 6.6000 8 -1.0000 1.0000 1.3610 -4.0000 4.0000 8.0000 -12.0000 0.0000 -8.0000 0.5000 0.5000 0.5000 0.5000 0.5000 2.5000 1.8052 4.5592 
12.0000 50.0000 4.0000 2.0000 0.0000 -9.9000 2 1.0000 1.0000 1.0630 -8.0000 4.0000 8.0000 0.0000 12.0000 -4.0000 0.4875 0.4387 0.3303 0.5275 0.7243 2.5082 1.8162 4.5674 
12.0000 3.0000 4.0000 -4.0000 1.0000 -3.3000 2 1.0000 1.0000 2.5370 -14.0000 -2.0000 2.0000 -6.0000 6.0000 -10.0000 0.5000 0.5000 0.5000 0.5000 0.5000 2.5000 1.7962 4.5427 
12.0000 58.0000 4.0000 4.0000 1.0000 -6.6000 2 1.0000 1.0000 1.7420 10.0000 2.0000 -2.0000 6.0000 -6.0000 14.0000 0.5000 0.5000 0.5000 0.5000 0.5000 2.5000 1.8076 4.5591 
12.0000 18.0000 4.0000 -2.0000 1.0000 0.0000 2 1.0000 0.0000 1.4000 -4.0000 4.0000 8.0000 -12.0000 0.0000 -8.0000 0.5000 0.5000 0.5000 0.5000 0.5000 2.5000 1.7742 4.5258 
12.0000 32.0000 4.0000 0.0000 1.0000 0.0000 8 -1.0000 0.0000 2.3800 10.0000 2.0000 -6.0000 6.0000 -10.0000 -2.0000 0.5000 0.5000 0.5000 0.5000 0.5000 2.5000 1.9927 4.7427 
12.0000 30.0000 4.0000 0.0000 1.0000 -6.6000 2 1.0000 1.0000 1.0250 10.0000 -2.0000 -10.0000 2.0000 -6.0000 6.0000 0.5000 0.5000 0.5000 0.5000 0.5000 2.5000 1.8609 4.6093 
12.0000 29.0000 4.0000 0.0000 1.0000 -9.9000 2 1.0000 1.0000 0.9810 -2.0000 6.0000 10.0000 -10.0000 2.0000 -6.0000 0.5000 0.5000 0.5000 0.5000 0.5000 2.5000 1.9833 4.7258 
12.0000 43.0000 4.0000 2.0000 1.0000 -9.9000 2 1.0000 1.0000 0.9480 12.0000 0.0000 -8.0000 4.0000 -4.0000 8.0000 0.5000 0.5000 0.5000 0.5000 0.5000 2.5000 1.9131 4.6592 
12.0000 39.0000 4.0000 0.0000 0.0000 0.0000 8 -1.0000 0.0000 1.2360 10.0000 2.0000 -10.0000 6.0000 -6.0000 -2.0000 0.5952 0.6439 0.4803 0.3815 0.4089 2.5099 1.7933 4.5523 
12.0000 31.0000 4.0000 0.0000 1.0000 -3.3000 8 -1.0000 0.0000 2.6720 10.0000 2.0000 -10.0000 6.0000 -6.0000 -2.0000 0.5000 0.5000 0.5000 0.5000 0.5000 2.5000 1.9677 4.7094 
12.0000 8.0000 4.0000 -4.0000 0.0000 -9.9000 2 1.0000 1.0000 1.5280 2.0000 -6.0000 -14.0000 -2.0000 -10.0000 6.0000 0.5689 0.4610 0.3319 0.6635 0.4691 2.4943 1.8828 4.6369 
12.0000 38.0000 4.0000 0.0000 0.0000 -3.3000 2 1.0000 1.0000 1.6720 6.0000 -6.0000 -10.0000 10.0000 -2.0000 2.0000 0.6708 0.5071 0.5630 0.3126 0.4465 2.5000 1.9739 4.7258 
12.0000 41.0000 4.0000 0.0000 0.0000 6.6000 8 -1.0000 1.0000 1.4210 6.0000 -2.0000 -10.0000 2.0000 -6.0000 10.0000 0.5989 0.4607 0.3696 0.5802 0.4913 2.5007 1.9280 4.6766 
12.0000 46.0000 4.0000 2.0000 1.0000 0.0000 8 -1.0000 0.0000 2.3620 -4.0000 4.0000 12.0000 0.0000 8.0000 -8.0000 0.5000 0.5000 0.5000 0.5000 0.5000 2.5000 1.9174 4.6760 
12.0000 21.0000 4.0000 -2.0000 1.0000 9.9000 8 -1.0000 1.0000 1.1840 -12.0000 0.0000 8.0000 -4.0000 4.0000 -8.0000 0.5000 0.5000 0.5000 0.5000 0.5000 2.5000 1.8665 4.6091 
12.0000 4.0000 4.0000 -4.0000 1.0000 0.0000 2 1.0000 0.0000 1.5660 -14.0000 -2.0000 6.0000 -6.0000 2.0000 -10.0000 0.5000 0.5000 0.5000 0.5000 0.5000 2.5000 1.9604 4.7092 
12.0000 67.0000 4.0000 4.0000 0.0000 0.0000 2 1.0000 0.0000 1.3240 -6.0000 6.0000 14.0000 2.0000 10.0000 -2.0000 0.3687 0.4058 0.5195 0.4752 0.7274 2.4966 1.9994 4.7391 
12.0000 17.0000 4.0000 -2.0000 1.0000 -3.3000 2 1.0000 1.0000 1.1210 4.0000 -4.0000 -8.0000 0.0000 -12.0000 8.0000 0.5000 0.5000 0.5000 0.5000 0.5000 2.5000 1.8973 4.6425 
12.0000 35.0000 4.0000 0.0000 1.0000 9.9000 8 -1.0000 1.0000 1.2140 2.0000 -6.0000 -10.0000 10.0000 -2.0000 6.0000 0.5000 0.5000 0.5000 0.5000 0.5000 2.5000 1.8745 4.6093 
12.0000 34.0000 4.0000 0.0000 1.0000 6.6000 8 -1.0000 1.0000 1.1890 -2.0000 6.0000 10.0000 -10.0000 2.0000 -6.0000 0.5000 0.5000 0.5000 0.5000 0.5000 2.5000 1.9534 4.7093 
12.0000 1.0000 4.0000 -4.0000 1.0000 -9.9000 2 1.0000 1.0000 1.0340 -6.0000 2.0000 6.0000 -14.0000 -2.0000 -10.0000 0.5000 0.5000 0.5000 0.5000 0.5000 2.5000 1.9382 4.6926 
12.0000 25.0000 4.0000 -2.0000 0.0000 0.0000 2 1.0000 0.0000 1.4210 -8.0000 4.0000 8.0000 -12.0000 0.0000 -4.0000 0.3006 0.6721 0.3160 0.6489 0.5678 2.5054 1.9429 4.6981 
12.0000 2.0000 4.0000 -4.0000 1.0000 -6.6000 2 1.0000 1.0000 2.6380 6.0000 -2.0000 -14.0000 2.0000 -10.0000 -6.0000 0.5000 0.5000 0.5000 0.5000 0.5000 2.5000 1.7864 4.5426 
12.0000 59.0000 4.0000 4.0000 1.0000 -3.3000 8 -1.0000 0.0000 1.0520 -2.0000 6.0000 10.0000 2.0000 14.0000 -6.0000 0.5000 0.5000 0.5000 0.5000 0.5000 2.5000 1.8129 4.5592 
12.0000 42.0000 4.0000 0.0000 0.0000 9.9000 8 -1.0000 1.0000 1.0120 -10.0000 2.0000 6.0000 -2.0000 10.0000 -6.0000 0.4665 0.3014 0.4557 0.5961 0.6724 2.4922 1.9179 4.6516 
12.0000 27.0000 4.0000 -2.0000 0.0000 6.6000 8 -1.0000 1.0000 1.2110 8.0000 -4.0000 -12.0000 0.0000 -8.0000 4.0000 0.5897 0.5182 0.3567 0.6529 0.3921 2.5095 1.7835 4.5354 
12.0000 53.0000 4.0000 2.0000 0.0000 0.0000 2 1.0000 0.0000 0.9670 12.0000 0.0000 -8.0000 4.0000 -4.0000 8.0000 0.3237 0.6493 0.3877 0.4916 0.6577 2.5100 1.7907 4.5525 
12.0000 26.0000 4.0000 -2.0000 0.0000 3.3000 8 -1.0000 1.0000 1.7960 8.0000 -4.0000 -12.0000 0.0000 -8.0000 4.0000 0.3935 0.6677 0.4857 0.3454 0.6145 2.5068 1.8208 4.5826 
12.0000 28.0000 4.0000 -2.0000 0.0000 9.9000 8 -1.0000 1.0000 1.7190 4.0000 -4.0000 -8.0000 0.0000 -12.0000 8.0000 0.4725 0.3573 0.5628 0.5045 0.6086 2.5057 1.7928 4.5483 
12.0000 13.0000 4.0000 -4.0000 0.0000 6.6000 8 -1.0000 1.0000 0.8980 2.0000 -6.0000 -14.0000 -2.0000 -10.0000 6.0000 0.6319 0.5640 0.4727 0.3601 0.4745 2.5032 1.8616 4.6124 
12.0000 48.0000 4.0000 2.0000 1.0000 6.6000 8 -1.0000 1.0000 1.2770 -4.0000 4.0000 12.0000 0.0000 8.0000 -8.0000 0.5000 0.5000 0.5000 0.5000 0.5000 2.5000 1.9104 4.6592 
12.0000 36.0000 4.0000 0.0000 0.0000 -9.9000 2 1.0000 1.0000 2.6510 2.0000 -6.0000 -10.0000 10.0000 -2.0000 6.0000 0.6847 0.5257 0.4836 0.4569 0.3585 2.5094 1.8877 4.6521 
12.0000 37.0000 4.0000 0.0000 0.0000 -6.6000 2 1.0000 1.0000 1.1950 -10.0000 -2.0000 10.0000 -6.0000 6.0000 2.0000 0.3633 0.6800 0.4509 0.3008 0.7001 2.4951 1.8666 4.6044 
12.0000 62.0000 4.0000 4.0000 1.0000 6.6000 8 -1.0000 1.0000 1.8950 14.0000 2.0000 -2.0000 6.0000 -6.0000 10.0000 0.5000 0.5000 0.5000 0.5000 0.5000 2.5000 1.8704 4.6091 
12.0000 64.0000 4.0000 4.0000 0.0000 -9.9000 2 1.0000 1.0000 1.1360 -2.0000 6.0000 10.0000 2.0000 14.0000 -6.0000 0.6011 0.7070 0.3722 0.4628 0.3659 2.5090 1.7990 4.5515 
12.0000 22.0000 4.0000 -2.0000 0.0000 -9.9000 2 1.0000 1.0000 1.8220 -12.0000 -4.0000 4.0000 -8.0000 8.0000 0.0000 0.6779 0.3056 0.5797 0.4415 0.4932 2.4980 1.8451 4.5905 
12.0000 33.0000 4.0000 0.0000 1.0000 3.3000 8 -1.0000 1.0000 1.4810 -10.0000 2.0000 6.0000 -2.0000 10.0000 -6.0000 0.5000 0.5000 0.5000 0.5000 0.5000 2.5000 1.8558 4.6092 
12.0000 9.0000 4.0000 -4.0000 0.0000 -6.6000 8 -1.0000 0.0000 2.3790 6.0000 -6.0000 -14.0000 -2.0000 -10.0000 2.0000 0.4769 0.4029 0.6291 0.5191 0.4631 2.4912 1.9652 4.7171 
12.0000 66.0000 4.0000 4.0000 0.0000 -3.3000 2 1.0000 1.0000 1.2240 6.0000 -2.0000 -6.0000 14.0000 2.0000 10.0000 0.5195 0.3855 0.4676 0.5337 0.5958 2.5022 1.8168 4.5781 
12.0000 14.0000 4.0000 -4.0000 0.0000 9.9000 8 -1.0000 1.0000 1.0670 -6.0000 2.0000 6.0000 -14.0000 -2.0000 -10.0000 0.6498 0.3063 0.6925 0.5217 0.3253 2.4957 1.7998 4.5549 
12.0000 24.0000 5.0000 -2.0000 0.0000 -3.3000 8 -1.0000 0.0000 3.3380 -12.0000 -4.0000 8.0000 -8.0000 4.0000 0.0000 0.5698 0.4904 0.5434 0.3216 0.5830 2.5082 1.8550 4.6008 
12.0000 51.0000 5.0000 2.0000 0.0000 -6.6000 2 1.0000 1.0000 1.0700 -4.0000 8.0000 12.0000 -8.0000 4.0000 0.0000 0.3847 0.6458 0.5432 0.5111 0.4231 2.5079 1.8714 4.6172 
12.0000 42.0000 5.0000 0.0000 0.0000 9.9000 8 -1.0000 1.0000 1.2010 -10.0000 2.0000 6.0000 -2.0000 10.0000 -6.0000 0.3582 0.6265 0.4240 0.7851 0.3048 2.4986 1.9820 4.7412 
12.0000 31.0000 5.0000 0.0000 1.0000 -3.3000 8 -1.0000 0.0000 0.7030 10.0000 -2.0000 -6.0000 2.0000 -10.0000 6.0000 0.5000 0.5000 0.5000 0.5000 0.5000 2.5000 1.9453 4.7094 
12.0000 45.0000 5.0000 2.0000 1.0000 -3.3000 2 1.0000 1.0000 1.1660 8.0000 0.0000 -8.0000 4.0000 -4.0000 12.0000 0.5000 0.5000 0.5000 0.5000 0.5000 2.5000 1.8947 4.6424 
12.0000 68.0000 5.0000 4.0000 0.0000 3.3000 2 1.0000 0.0000 1.3280 14.0000 2.0000 -2.0000 6.0000 -6.0000 10.0000 0.4656 0.5108 0.5993 0.3295 0.5931 2.4982 1.8615 4.6073 
12.0000 6.0000 5.0000 -4.0000 1.0000 6.6000 2 1.0000 0.0000 1.9460 6.0000 -6.0000 -10.0000 -2.0000 -14.0000 2.0000 0.5000 0.5000 0.5000 0.5000 0.5000 2.5000 1.9464 4.6926 
12.0000 11.0000 5.0000 -4.0000 0.0000 0.0000 2 1.0000 0.0000 0.7490 6.0000 -6.0000 -14.0000 -2.0000 -10.0000 2.0000 0.3608 0.7616 0.3780 0.6194 0.3745 2.4944 1.8783 4.6204 
12.0000 28.0000 5.0000 -2.0000 0.0000 9.9000 8 -1.0000 1.0000 0.9050 8.0000 -4.0000 -8.0000 0.0000 -12.0000 4.0000 0.3749 0.4837 0.6461 0.4574 0.5357 2.4979 1.8865 4.6238 
12.0000 20.0000 5.0000 -2.0000 1.0000 6.6000 8 -1.0000 1.0000 0.9710 -12.0000 -4.0000 4.0000 -8.0000 8.0000 0.0000 0.5000 0.5000 0.5000 0.5000 0.5000 2.5000 1.9817 4.7260 
12.0000 55.0000 5.0000 2.0000 0.0000 6.6000 2 1.0000 0.0000 1.9560 -8.0000 0.0000 12.0000 -4.0000 8.0000 4.0000 0.4002 0.3088 0.5613 0.6602 0.5640 2.4944 1.9612 4.7037 
12.0000 23.0000 5.0000 -2.0000 0.0000 -6.6000 2 1.0000 1.0000 0.8560 8.0000 -4.0000 -8.0000 0.0000 -12.0000 4.0000 0.4427 0.5757 0.5171 0.3929 0.5676 2.4960 1.8224 4.5718 
12.0000 25.0000 5.0000 -2.0000 0.0000 0.0000 8 -1.0000 0.0000 1.3890 8.0000 0.0000 -12.0000 4.0000 -8.0000 -4.0000 0.7196 0.3139 0.5127 0.4533 0.4917 2.4912 1.9590 4.7006 
12.0000 19.0000 5.0000 -2.0000 1.0000 3.3000 2 1.0000 0.0000 1.2090 4.0000 -4.0000 -8.0000 0.0000 -12.0000 8.0000 0.5000 0.5000 0.5000 0.5000 0.5000 2.5000 1.8453 4.5926 
12.0000 35.0000 5.0000 0.0000 1.0000 9.9000 8 -1.0000 1.0000 0.9900 6.0000 -6.0000 -10.0000 10.0000 -2.0000 2.0000 0.5000 0.5000 0.5000 0.5000 0.5000 2.5000 1.9697 4.7260 
12.0000 33.0000 5.0000 0.0000 1.0000 3.3000 2 1.0000 0.0000 0.9030 10.0000 -2.0000 -6.0000 2.0000 -10.0000 6.0000 0.5000 0.5000 0.5000 0.5000 0.5000 2.5000 1.7588 4.5092 
12.0000 32.0000 5.0000 0.0000 1.0000 0.0000 2 1.0000 0.0000 0.6110 -10.0000 -2.0000 10.0000 -6.0000 6.0000 2.0000 0.5000 0.5000 0.5000 0.5000 0.5000 2.5000 1.9252 4.6757 
12.0000 15.0000 5.0000 -2.0000 1.0000 -9.9000 2 1.0000 1.0000 0.7090 8.0000 0.0000 -8.0000 4.0000 -12.0000 -4.0000 0.5000 0.5000 0.5000 0.5000 0.5000 2.5000 1.8262 4.5759 
12.0000 64.0000 5.0000 4.0000 0.0000 -9.9000 2 1.0000 1.0000 0.7530 -6.0000 6.0000 10.0000 2.0000 14.0000 -2.0000 0.4604 0.6757 0.3064 0.7204 0.3449 2.5078 1.9468 4.7004 
12.0000 1.0000 5.0000 -4.0000 1.0000 -9.9000 2 1.0000 1.0000 0.7010 6.0000 -2.0000 -14.0000 2.0000 -10.0000 -6.0000 0.5000 0.5000 0.5000 0.5000 0.5000 2.5000 1.8993 4.6426 
12.0000 47.0000 5.0000 2.0000 1.0000 3.3000 8 -1.0000 1.0000 1.3790 -8.0000 0.0000 12.0000 -4.0000 8.0000 4.0000 0.5000 0.5000 0.5000 0.5000 0.5000 2.5000 1.8949 4.6591 
12.0000 39.0000 5.0000 0.0000 0.0000 0.0000 2 1.0000 0.0000 1.3460 6.0000 -6.0000 -10.0000 10.0000 -2.0000 2.0000 0.4179 0.3108 0.7706 0.3554 0.6376 2.4923 1.9480 4.7016 
12.0000 8.0000 5.0000 -4.0000 0.0000 -9.9000 2 1.0000 1.0000 0.9390 6.0000 -6.0000 -10.0000 -2.0000 -14.0000 2.0000 0.7423 0.4436 0.3382 0.3087 0.6589 2.4917 1.7583 4.5008 
12.0000 13.0000 5.0000 -4.0000 0.0000 6.6000 8 -1.0000 1.0000 1.3210 -14.0000 -6.0000 2.0000 -10.0000 6.0000 -2.0000 0.4336 0.3685 0.4667 0.7927 0.4378 2.4993 1.7993 4.5584 
12.0000 50.0000 5.0000 2.0000 0.0000 -9.9000 2 1.0000 1.0000 0.9370 8.0000 0.0000 -4.0000 4.0000 -8.0000 12.0000 0.5234 0.3900 0.3617 0.6693 0.5581 2.5025 1.9868 4.7450 
12.0000 69.0000 5.0000 4.0000 0.0000 6.6000 2 1.0000 0.0000 1.9470 14.0000 6.0000 -6.0000 10.0000 -2.0000 2.0000 0.3204 0.6114 0.4596 0.7332 0.3674 2.4919 1.9739 4.7179 
12.0000 3.0000 5.0000 -4.0000 1.0000 -3.3000 8 -1.0000 0.0000 2.8270 -14.0000 -6.0000 2.0000 -10.0000 6.0000 -2.0000 0.5000 0.5000 0.5000 0.5000 0.5000 2.5000 1.9994 4.7427 
12.0000 53.0000 5.0000 2.0000 0.0000 0.0000 8 -1.0000 0.0000 2.1840 12.0000 4.0000 -4.0000 8.0000 -8.0000 0.0000 0.3846 0.6357 0.3016 0.6989 0.4748 2.4956 1.8052 4.5382 
12.0000 26.0000 5.0000 -2.0000 0.0000 3.3000 8 -1.0000 1.0000 0.7920 4.0000 -4.0000 -8.0000 0.0000 -12.0000 8.0000 0.4868 0.3465 0.4089 0.5565 0.7025 2.5012 1.9214 4.6604 
12.0000 9.0000 5.0000 -4.0000 0.0000 -6.6000 2 1.0000 1.0000 0.7350 -14.0000 -2.0000 2.0000 -6.0000 6.0000 -10.0000 0.6020 0.4458 0.3591 0.6250 0.4752 2.5071 1.7876 4.5497 
12.0000 5.0000 5.0000 -4.0000 1.0000 3.3000 8 -1.0000 1.0000 1.0500 2.0000 -6.0000 -14.0000 -2.0000 -10.0000 6.0000 0.5000 0.5000 0.5000 0.5000 0.5000 2.5000 1.8365 4.5925 
12.0000 37.0000 5.0000 0.0000 0.0000 -6.6000 2 1.0000 1.0000 1.6710 10.0000 -2.0000 -6.0000 2.0000 -10.0000 6.0000 0.3213 0.4566 0.7525 0.3084 0.6635 2.5023 1.7938 4.5447 
12.0000 44.0000 5.0000 2.0000 1.0000 -6.6000 2 1.0000 1.0000 1.3680 0.0000 8.0000 12.0000 -8.0000 4.0000 -4.0000 0.5000 0.5000 0.5000 0.5000 0.5000 2.5000 1.7537 4.5092 
12.0000 2.0000 5.0000 -4.0000 1.0000 -6.6000 2 1.0000 1.0000 2.1520 6.0000 -2.0000 -14.0000 2.0000 -10.0000 -6.0000 0.5000 0.5000 0.5000 0.5000 0.5000 2.5000 1.9631 4.7094 
12.0000 12.0000 5.0000 -4.0000 0.0000 3.3000 8 -1.0000 1.0000 2.9100 6.0000 -2.0000 -14.0000 2.0000 -10.0000 -6.0000 0.3932 0.4379 0.3049 0.7441 0.6198 2.4999 1.8195 4.5591 
12.0000 34.0000 5.0000 0.0000 1.0000 6.6000 8 -1.0000 1.0000 1.9490 -10.0000 2.0000 10.0000 -2.0000 6.0000 -6.0000 0.5000 0.5000 0.5000 0.5000 0.5000 2.5000 1.8768 4.6258 
12.0000 66.0000 5.0000 4.0000 0.0000 -3.3000 8 -1.0000 0.0000 1.7870 -6.0000 2.0000 14.0000 -2.0000 10.0000 6.0000 0.7359 0.4036 0.6415 0.4072 0.3205 2.5087 1.9646 4.7179 
12.0000 60.0000 5.0000 4.0000 1.0000 0.0000 8 -1.0000 0.0000 1.2600 10.0000 -2.0000 -6.0000 14.0000 2.0000 6.0000 0.5000 0.5000 0.5000 0.5000 0.5000 2.5000 1.8979 4.6593 
12.0000 67.0000 5.0000 4.0000 0.0000 0.0000 8 -1.0000 0.0000 2.3650 14.0000 6.0000 -6.0000 10.0000 -2.0000 2.0000 0.3295 0.6304 0.3903 0.5480 0.6026 2.5007 1.8498 4.6098 
12.0000 59.0000 5.0000 4.0000 1.0000 -3.3000 2 1.0000 1.0000 0.7290 10.0000 2.0000 -2.0000 6.0000 -6.0000 14.0000 0.5000 0.5000 0.5000 0.5000 0.5000 2.5000 1.8535 4.6093 
12.0000 38.0000 5.0000 0.0000 0.0000 -3.3000 2 1.0000 1.0000 0.8360 6.0000 -6.0000 -10.0000 10.0000 -2.0000 2.0000 0.5347 0.3163 0.7094 0.5635 0.3757 2.4996 1.9143 4.6589 
12.0000 54.0000 5.0000 2.0000 0.0000 3.3000 2 1.0000 0.0000 0.9350 12.0000 4.0000 -4.0000 8.0000 -8.0000 0.0000 0.3966 0.4440 0.3237 0.6813 0.6561 2.5017 1.8310 4.5777 
12.0000 61.0000 5.0000 4.0000 1.0000 3.3000 8 -1.0000 1.0000 2.3580 10.0000 2.0000 -2.0000 6.0000 -6.0000 14.0000 0.5000 0.5000 0.5000 0.5000 0.5000 2.5000 1.9153 4.6593 
12.0000 57.0000 5.0000 4.0000 1.0000 -9.9000 2 1.0000 1.0000 1.7070 -6.0000 6.0000 14.0000 2.0000 10.0000 -2.0000 0.5000 0.5000 0.5000 0.5000 0.5000 2.5000 1.8875 4.6258 
12.0000 40.0000 5.0000 0.0000 0.0000 3.3000 8 -1.0000 1.0000 1.4450 -6.0000 2.0000 10.0000 -2.0000 6.0000 -10.0000 0.7582 0.4229 0.3582 0.3101 0.6498 2.4992 1.9668 4.7085 
12.0000 29.0000 5.0000 0.0000 1.0000 -9.9000 2 1.0000 1.0000 0.5910 -6.0000 6.0000 10.0000 -10.0000 2.0000 -2.0000 0.5000 0.5000 0.5000 0.5000 0.5000 2.5000 1.9862 4.7426 
12.0000 7.0000 5.0000 -4.0000 1.0000 9.9000 8 -1.0000 1.0000 0.9100 6.0000 -2.0000 -14.0000 2.0000 -10.0000 -6.0000 0.5000 0.5000 0.5000 0.5000 0.5000 2.5000 1.8162 4.5759 
12.0000 65.0000 5.0000 4.0000 0.0000 -6.6000 2 1.0000 1.0000 1.1240 10.0000 2.0000 -2.0000 6.0000 -6.0000 14.0000 0.6801 0.3055 0.3900 0.4292 0.6869 2.4917 1.8800 4.6342 
12.0000 30.0000 5.0000 0.0000 1.0000 -6.6000 2 1.0000 1.0000 0.7530 6.0000 -2.0000 -10.0000 2.0000 -6.0000 10.0000 0.5000 0.5000 0.5000 0.5000 0.5000 2.5000 1.8478 4.6091 
12.0000 17.0000 5.0000 -2.0000 1.0000 -3.3000 8 -1.0000 0.0000 2.8700 0.0000 -8.0000 -12.0000 8.0000 -4.0000 4.0000 0.5000 0.5000 0.5000 0.5000 0.5000 2.5000 1.9722 4.7258 
12.0000 27.0000 5.0000 -2.0000 0.0000 6.6000 8 -1.0000 1.0000 0.8240 0.0000 -8.0000 -12.0000 8.0000 -4.0000 4.0000 0.3037 0.3546 0.7826 0.6724 0.3927 2.5059 1.9994 4.7486 
12.0000 16.0000 5.0000 -2.0000 1.0000 -6.6000 2 1.0000 1.0000 1.2280 -8.0000 0.0000 4.0000 -4.0000 8.0000 -12.0000 0.5000 0.5000 0.5000 0.5000 0.5000 2.5000 1.8297 4.5760 
12.0000 56.0000 5.0000 2.0000 0.0000 9.9000 2 1.0000 0.0000 1.2110 -8.0000 4.0000 8.0000 0.0000 12.0000 -4.0000 0.3997 0.7034 0.3199 0.7418 0.3315 2.4962 1.9670 4.7054 
12.0000 70.0000 5.0000 4.0000 0.0000 9.9000 8 -1.0000 1.0000 1.2370 14.0000 2.0000 -2.0000 6.0000 -6.0000 10.0000 0.5567 0.4398 0.6912 0.5082 0.3061 2.5021 1.8061 4.5447 
12.0000 58.0000 5.0000 4.0000 1.0000 -6.6000 2 1.0000 1.0000 1.0270 -2.0000 6.0000 14.0000 2.0000 10.0000 -6.0000 0.5000 0.5000 0.5000 0.5000 0.5000 2.5000 1.7786 4.5426 
12.0000 63.0000 5.0000 4.0000 1.0000 9.9000 8 -1.0000 1.0000 1.6220 10.0000 2.0000 -2.0000 6.0000 -6.0000 14.0000 0.5000 0.5000 0.5000 0.5000 0.5000 2.5000 1.7600 4.5091 
12.0000 48.0000 5.0000 2.0000 1.0000 6.6000 2 1.0000 0.0000 1.3140 -8.0000 0.0000 8.0000 -4.0000 12.0000 4.0000 0.5000 0.5000 0.5000 0.5000 0.5000 2.5000 1.9467 4.7093 
12.0000 18.0000 5.0000 -2.0000 1.0000 0.0000 2 1.0000 0.0000 2.3890 8.0000 -4.0000 -8.0000 0.0000 -12.0000 4.0000 0.5000 0.5000 0.5000 0.5000 0.5000 2.5000 1.8428 4.5925 
12.0000 4.0000 5.0000 -4.0000 1.0000 0.0000 2 1.0000 0.0000 0.9580 -14.0000 -2.0000 2.0000 -6.0000 6.0000 -10.0000 0.5000 0.5000 0.5000 0.5000 0.5000 2.5000 1.9578 4.7094 
12.0000 41.0000 5.0000 0.0000 0.0000 6.6000 8 -1.0000 1.0000 1.2820 10.0000 -2.0000 -10.0000 2.0000 -6.0000 6.0000 0.7497 0.3042 0.4504 0.5542 0.4492 2.5077 1.9094 4.6669 
12.0000 49.0000 5.0000 2.0000 1.0000 9.9000 8 -1.0000 1.0000 1.0290 -4.0000 4.0000 12.0000 0.0000 8.0000 -8.0000 0.5000 0.5000 0.5000 0.5000 0.5000 2.5000 1.7782 4.5259 
12.0000 43.0000 5.0000 2.0000 1.0000 -9.9000 2 1.0000 1.0000 0.9530 -8.0000 0.0000 8.0000 -4.0000 12.0000 4.0000 0.5000 0.5000 0.5000 0.5000 0.5000 2.5000 1.8284 4.5758 
12.0000 21.0000 5.0000 -2.0000 1.0000 9.9000 8 -1.0000 1.0000 1.7730 -12.0000 -4.0000 8.0000 -8.0000 4.0000 0.0000 0.5000 0.5000 0.5000 0.5000 0.5000 2.5000 1.7540 4.4926 
12.0000 14.0000 5.0000 -4.0000 0.0000 9.9000 8 -1.0000 1.0000 1.6480 -10.0000 -2.0000 2.0000 -6.0000 6.0000 -14.0000 0.5557 0.4616 0.4135 0.3410 0.7371 2.5089 1.9951 4.7683 
12.0000 22.0000 5.0000 -2.0000 0.0000 -9.9000 2 1.0000 1.0000 0.9440 4.0000 -4.0000 -12.0000 0.0000 -8.0000 8.0000 0.4727 0.3350 0.6802 0.5213 0.4937 2.5028 1.8479 4.6120 
12.0000 46.0000 5.0000 2.0000 1.0000 0.0000 8 -1.0000 0.0000 1.9350 -8.0000 4.0000 12.0000 0.0000 8.0000 -4.0000 0.5000 0.5000 0.5000 0.5000 0.5000 2.5000 1.9476 4.7091 
12.0000 36.0000 5.0000 0.0000 0.0000 -9.9000 2 1.0000 1.0000 0.9210 -2.0000 6.0000 10.0000 -10.0000 2.0000 -6.0000 0.3751 0.3446 0.7123 0.4851 0.5764 2.4935 1.7956 4.5360 
12.0000 62.0000 5.0000 4.0000 1.0000 6.6000 8 -1.0000 1.0000 0.9040 14.0000 2.0000 -2.0000 6.0000 -6.0000 10.0000 0.5000 0.5000 0.5000 0.5000 0.5000 2.5000 1.8152 4.5591 
12.0000 10.0000 5.0000 -4.0000 0.0000 -3.3000 2 1.0000 1.0000 1.4430 6.0000 -2.0000 -10.0000 2.0000 -14.0000 -6.0000 0.3253 0.6101 0.7405 0.5007 0.3135 2.4901 1.9528 4.6994 
12.0000 52.0000 5.0000 2.0000 0.0000 -3.3000 2 1.0000 1.0000 2.5360 -8.0000 4.0000 12.0000 0.0000 8.0000 -4.0000 0.6258 0.3025 0.5891 0.6740 0.3178 2.5091 1.9469 4.7016 
12.0000 32.0000 6.0000 0.0000 1.0000 0.0000 8 -1.0000 0.0000 1.6320 2.0000 -6.0000 -10.0000 10.0000 -2.0000 6.0000 0.5000 0.5000 0.5000 0.5000 0.5000 2.5000 1.9322 4.6760 
12.0000 24.0000 6.0000 -2.0000 0.0000 -3.3000 2 1.0000 1.0000 2.6600 -4.0000 4.0000 8.0000 -12.0000 0.0000 -8.0000 0.6559 0.3301 0.4793 0.7228 0.3158 2.5040 1.8078 4.5632 
12.0000 20.0000 6.0000 -2.0000 1.0000 6.6000 8 -1.0000 1.0000 0.9100 4.0000 -4.0000 -12.0000 0.0000 -8.0000 8.0000 0.5000 0.5000 0.5000 0.5000 0.5000 2.5000 1.7816 4.5425 
12.0000 18.0000 6.0000 -2.0000 1.0000 0.0000 2 1.0000 0.0000 0.7910 4.0000 -8.0000 -12.0000 8.0000 -4.0000 0.0000 0.5000 0.5000 0.5000 0.5000 0.5000 2.5000 1.7754 4.5257 
12.0000 12.0000 6.0000 -4.0000 0.0000 3.3000 8 -1.0000 1.0000 0.9530 2.0000 -6.0000 -10.0000 -2.0000 -14.0000 6.0000 0.5679 0.3962 0.3624 0.6868 0.4962 2.5095 1.8387 4.6020 
12.0000 27.0000 6.0000 -2.0000 0.0000 6.6000 8 -1.0000 1.0000 0.6800 4.0000 -8.0000 -12.0000 8.0000 -4.0000 0.0000 0.3624 0.4520 0.7425 0.5572 0.3839 2.4980 1.7990 4.5404 
12.0000 65.0000 6.0000 4.0000 0.0000 -6.6000 2 1.0000 1.0000 2.9810 -2.0000 6.0000 10.0000 2.0000 14.0000 -6.0000 0.6300 0.3492 0.5385 0.3055 0.6698 2.4931 1.7713 4.5190 
12.0000 34.0000 6.0000 0.0000 1.0000 6.6000 2 1.0000 0.0000 2.2030 10.0000 2.0000 -10.0000 6.0000 -6.0000 -2.0000 0.5000 0.5000 0.5000 0.5000 0.5000 2.5000 1.8041 4.5426 
12.0000 23.0000 6.0000 -2.0000 0.0000 -6.6000 2 1.0000 1.0000 2.4340 -4.0000 4.0000 8.0000 -12.0000 0.0000 -8.0000 0.6962 0.5303 0.5767 0.3255 0.3642 2.4928 1.9979 4.7355 
12.0000 31.0000 6.0000 0.0000 1.0000 -3.3000 2 1.0000 1.0000 1.0040 -10.0000 2.0000 6.0000 -2.0000 10.0000 -6.0000 0.5000 0.5000 0.5000 0.5000 0.5000 2.5000 1.9829 4.7426 
12.0000 14.0000 6.0000 -4.0000 0.0000 9.9000 8 -1.0000 1.0000 1.0370 2.0000 -10.0000 -14.0000 6.0000 -6.0000 -2.0000 0.6626 0.4516 0.4230 0.3050 0.6597 2.5019 1.8459 4.6111 
12.0000 6.0000 6.0000 -4.0000 1.0000 6.6000 8 -1.0000 1.0000 0.9980 -14.0000 -6.0000 2.0000 -10.0000 6.0000 -2.0000 0.5000 0.5000 0.5000 0.5000 0.5000 2.5000 1.8745 4.6258 
12.0000 4.0000 6.0000 -4.0000 1.0000 0.0000 8 -1.0000 0.0000 0.8360 2.0000 -6.0000 -14.0000 -2.0000 -10.0000 6.0000 0.5000 0.5000 0.5000 0.5000 0.5000 2.5000 1.9580 4.7091 
12.0000 37.0000 6.0000 0.0000 0.0000 -6.6000 8 -1.0000 0.0000 1.0660 10.0000 2.0000 -10.0000 6.0000 -6.0000 -2.0000 0.3344 0.5779 0.4975 0.7451 0.3363 2.4913 1.9774 4.7172 
12.0000 50.0000 6.0000 2.0000 0.0000 -9.9000 2 1.0000 1.0000 1.3140 -8.0000 0.0000 8.0000 -4.0000 12.0000 4.0000 0.3124 0.4452 0.6219 0.5445 0.5789 2.5029 1.8764 4.6288 
12.0000 11.0000 6.0000 -4.0000 0.0000 0.0000 8 -1.0000 0.0000 1.1140 6.0000 -6.0000 -14.0000 -2.0000 -10.0000 2.0000 0.5860 0.3887 0.3227 0.7758 0.4239 2.4970 1.8419 4.5895 
12.0000 59.0000 6.0000 4.0000 1.0000 -3.3000 8 -1.0000 0.0000 0.9110 6.0000 -2.0000 -6.0000 14.0000 2.0000 10.0000 0.5000 0.5000 0.5000 0.5000 0.5000 2.5000 1.8441 4.5925 
12.0000 35.0000 6.0000 0.0000 1.0000 9.9000 8 -1.0000 1.0000 0.7250 10.0000 2.0000 -10.0000 6.0000 -6.0000 -2.0000 0.5000 0.5000 0.5000 0.5000 0.5000 2.5000 1.8948 4.6425 
12.0000 29.0000 6.0000 0.0000 1.0000 -9.9000 2 1.0000 1.0000 2.8020 6.0000 -2.0000 -6.0000 2.0000 -10.0000 10.0000 0.5000 0.5000 0.5000 0.5000 0.5000 2.5000 1.8352 4.5925 
12.0000 41.0000 6.0000 0.0000 0.0000 6.6000 8 -1.0000 1.0000 0.8900 -6.0000 6.0000 10.0000 -10.0000 2.0000 -2.0000 0.3086 0.7231 0.4524 0.3795 0.6426 2.5061 1.9184 4.6821 
12.0000 10.0000 6.0000 -4.0000 0.0000 -3.3000 8 -1.0000 0.0000 2.9830 2.0000 -6.0000 -10.0000 -2.0000 -14.0000 6.0000 0.4206 0.7810 0.6082 0.3762 0.3208 2.5069 1.9376 4.6995 
12.0000 51.0000 6.0000 2.0000 0.0000 -6.6000 8 -1.0000 0.0000 1.0940 12.0000 4.0000 -8.0000 8.0000 -4.0000 0.0000 0.5887 0.5147 0.5496 0.3836 0.4587 2.4954 1.9302 4.6712 
12.0000 53.0000 6.0000 2.0000 0.0000 0.0000 2 1.0000 0.0000 1.0480 -4.0000 4.0000 8.0000 0.0000 12.0000 -8.0000 0.3458 0.7968 0.3900 0.6382 0.3347 2.5055 1.9944 4.7482 
12.0000 17.0000 6.0000 -2.0000 1.0000 -3.3000 2 1.0000 1.0000 1.2580 -8.0000 0.0000 4.0000 -4.0000 8.0000 -12.0000 0.5000 0.5000 0.5000 0.5000 0.5000 2.5000 1.7943 4.5427 
12.0000 7.0000 6.0000 -4.0000 1.0000 9.9000 8 -1.0000 1.0000 0.9950 -14.0000 -2.0000 2.0000 -6.0000 6.0000 -10.0000 0.5000 0.5000 0.5000 0.5000 0.5000 2.5000 1.9186 4.6592 
12.0000 67.0000 6.0000 4.0000 0.0000 0.0000 2 1.0000 0.0000 1.3870 2.0000 10.0000 14.0000 -6.0000 6.0000 -2.0000 0.4610 0.3861 0.5497 0.4324 0.6615 2.4906 1.7678 4.4999 
12.0000 19.0000 6.0000 -2.0000 1.0000 3.3000 2 1.0000 0.0000 0.7010 4.0000 -4.0000 -8.0000 0.0000 -12.0000 8.0000 0.5000 0.5000 0.5000 0.5000 0.5000 2.5000 1.8329 4.5924 
12.0000 56.0000 6.0000 2.0000 0.0000 9.9000 8 -1.0000 1.0000 2.1400 0.0000 8.0000 12.0000 -8.0000 4.0000 -4.0000 0.5625 0.4534 0.3121 0.5307 0.6320 2.4907 1.8177 4.5665 
12.0000 9.0000 6.0000 -4.0000 0.0000 -6.6000 2 1.0000 1.0000 0.9240 -10.0000 -2.0000 6.0000 -6.0000 2.0000 -14.0000 0.5786 0.4609 0.7682 0.3754 0.3074 2.4906 1.7814 4.5330 
12.0000 55.0000 6.0000 2.0000 0.0000 6.6000 8 -1.0000 1.0000 2.0740 8.0000 0.0000 -8.0000 4.0000 -4.0000 12.0000 0.3634 0.6349 0.7249 0.3305 0.4412 2.4949 1.8415 4.5874 
12.0000 16.0000 6.0000 -2.0000 1.0000 -6.6000 2 1.0000 1.0000 1.4780 -8.0000 0.0000 4.0000 -4.0000 8.0000 -12.0000 0.5000 0.5000 0.5000 0.5000 0.5000 2.5000 1.7508 4.5091 
12.0000 33.0000 6.0000 0.0000 1.0000 3.3000 8 -1.0000 1.0000 1.4410 -10.0000 2.0000 10.0000 -2.0000 6.0000 -6.0000 0.5000 0.5000 0.5000 0.5000 0.5000 2.5000 1.9676 4.7093 
12.0000 57.0000 6.0000 4.0000 1.0000 -9.9000 2 1.0000 1.0000 0.9160 -2.0000 6.0000 14.0000 2.0000 10.0000 -6.0000 0.5000 0.5000 0.5000 0.5000 0.5000 2.5000 1.9745 4.7258 
12.0000 68.0000 6.0000 4.0000 0.0000 3.3000 2 1.0000 0.0000 1.6530 -2.0000 10.0000 14.0000 -6.0000 6.0000 2.0000 0.3797 0.7002 0.5138 0.3696 0.5373 2.5005 1.9754 4.7264 
12.0000 45.0000 6.0000 2.0000 1.0000 -3.3000 2 1.0000 1.0000 1.3830 -8.0000 0.0000 8.0000 -4.0000 12.0000 4.0000 0.5000 0.5000 0.5000 0.5000 0.5000 2.5000 1.8373 4.5758 
12.0000 3.0000 6.0000 -4.0000 1.0000 -3.3000 8 -1.0000 0.0000 1.7880 2.0000 -6.0000 -14.0000 -2.0000 -10.0000 6.0000 0.5000 0.5000 0.5000 0.5000 0.5000 2.5000 1.8185 4.5759 
12.0000 40.0000 6.0000 0.0000 0.0000 3.3000 8 -1.0000 1.0000 1.3580 -10.0000 -2.0000 10.0000 -6.0000 6.0000 2.0000 0.4189 0.7380 0.6839 0.3623 0.3014 2.5045 1.8210 4.5803 
12.0000 43.0000 6.0000 2.0000 1.0000 -9.9000 2 1.0000 1.0000 2.8160 -8.0000 4.0000 12.0000 0.0000 8.0000 -4.0000 0.5000 0.5000 0.5000 0.5000 0.5000 2.5000 1.8953 4.6425 
12.0000 36.0000 6.0000 0.0000 0.0000 -9.9000 2 1.0000 1.0000 3.0520 -6.0000 2.0000 6.0000 -2.0000 10.0000 -10.0000 0.3051 0.7803 0.3335 0.6034 0.4682 2.4905 1.8015 4.5497 
12.0000 8.0000 6.0000 -4.0000 0.0000 -9.9000 8 -1.0000 0.0000 2.8100 -10.0000 -2.0000 6.0000 -6.0000 2.0000 -14.0000 0.3834 0.5088 0.3524 0.7638 0.4933 2.5018 1.9111 4.6611 
12.0000 13.0000 6.0000 -4.0000 0.0000 6.6000 8 -1.0000 1.0000 0.9810 -14.0000 -6.0000 2.0000 -10.0000 6.0000 -2.0000 0.5927 0.4075 0.6668 0.3629 0.4717 2.5016 1.8180 4.5608 
12.0000 66.0000 6.0000 4.0000 0.0000 -3.3000 8 -1.0000 0.0000 0.7590 14.0000 6.0000 -2.0000 10.0000 -6.0000 2.0000 0.3802 0.7454 0.3329 0.3961 0.6441 2.4987 1.7708 4.5079 
12.0000 60.0000 6.0000 4.0000 1.0000 0.0000 8 -1.0000 0.0000 3.7000 -6.0000 6.0000 14.0000 2.0000 10.0000 -2.0000 0.5000 0.5000 0.5000 0.5000 0.5000 2.5000 1.8221 4.5592 
12.0000 44.0000 6.0000 2.0000 1.0000 -6.6000 2 1.0000 1.0000 2.6940 -8.0000 0.0000 8.0000 -4.0000 12.0000 4.0000 0.5000 0.5000 0.5000 0.5000 0.5000 2.5000 1.9117 4.6759 
12.0000 2.0000 6.0000 -4.0000 1.0000 -6.6000 8 -1.0000 0.0000 3.4980 -10.0000 -2.0000 6.0000 -6.0000 2.0000 -14.0000 0.5000 0.5000 0.5000 0.5000 0.5000 2.5000 1.9538 4.7091 
12.0000 5.0000 6.0000 -4.0000 1.0000 3.3000 8 -1.0000 1.0000 1.0430 2.0000 -6.0000 -10.0000 -2.0000 -14.0000 6.0000 0.5000 0.5000 0.5000 0.5000 0.5000 2.5000 1.9675 4.7260 
12.0000 62.0000 6.0000 4.0000 1.0000 6.6000 8 -1.0000 1.0000 3.2980 -2.0000 6.0000 10.0000 2.0000 14.0000 -6.0000 0.5000 0.5000 0.5000 0.5000 0.5000 2.5000 1.8932 4.6427 
12.0000 69.0000 6.0000 4.0000 0.0000 6.6000 8 -1.0000 1.0000 0.8820 14.0000 6.0000 -6.0000 10.0000 -2.0000 2.0000 0.5566 0.4030 0.4497 0.3517 0.7376 2.4985 1.8172 4.5576 
12.0000 64.0000 6.0000 4.0000 0.0000 -9.9000 2 1.0000 1.0000 0.8800 -6.0000 2.0000 10.0000 -2.0000 14.0000 6.0000 0.7050 0.4314 0.5662 0.4809 0.3094 2.4929 1.9648 4.7021 
12.0000 54.0000 6.0000 2.0000 0.0000 3.3000 8 -1.0000 1.0000 1.0910 -8.0000 0.0000 12.0000 -4.0000 8.0000 4.0000 0.6828 0.3924 0.6493 0.4620 0.3185 2.5050 1.9549 4.6976 
12.0000 25.0000 6.0000 -2.0000 0.0000 0.0000 2 1.0000 0.0000 1.1200 -8.0000 4.0000 8.0000 -12.0000 0.0000 -4.0000 0.5153 0.6041 0.5640 0.3379 0.4722 2.4934 1.9218 4.6526 
12.0000 26.0000 6.0000 -2.0000 0.0000 3.3000 2 1.0000 0.0000 1.0090 -8.0000 0.0000 4.0000 -4.0000 8.0000 -12.0000 0.5099 0.6043 0.4265 0.3036 0.6652 2.5094 1.9104 4.6853 
12.0000 28.0000 6.0000 -2.0000 0.0000 9.9000 8 -1.0000 1.0000 0.8090 -12.0000 0.0000 4.0000 -4.0000 8.0000 -8.0000 0.6031 0.3017 0.4869 0.4604 0.6469 2.4989 1.9875 4.7417 
12.0000 47.0000 6.0000 2.0000 1.0000 3.3000 8 -1.0000 1.0000 0.9890 -8.0000 0.0000 8.0000 -4.0000 12.0000 4.0000 0.5000 0.5000 0.5000 0.5000 0.5000 2.5000 1.7964 4.5424 
12.0000 61.0000 6.0000 4.0000 1.0000 3.3000 8 -1.0000 1.0000 1.4840 14.0000 6.0000 -2.0000 10.0000 -6.0000 2.0000 0.5000 0.5000 0.5000 0.5000 0.5000 2.5000 1.9893 4.7425 
12.0000 49.0000 6.0000 2.0000 1.0000 9.9000 8 -1.0000 1.0000 0.9470 -4.0000 8.0000 12.0000 -8.0000 4.0000 0.0000 0.5000 0.5000 0.5000 0.5000 0.5000 2.5000 1.8788 4.6258 
12.0000 22.0000 6.0000 -2.0000 0.0000 -9.9000 2 1.0000 1.0000 1.7090 8.0000 -4.0000 -12.0000 0.0000 -8.0000 4.0000 0.3378 0.3784 0.6458 0.7733 0.3640 2.4993 1.9062 4.6586 
12.0000 42.0000 6.0000 0.0000 0.0000 9.9000 8 -1.0000 1.0000 1.1760 6.0000 -2.0000 -6.0000 2.0000 -10.0000 10.0000 0.3703 0.6679 0.3317 0.6291 0.4916 2.4906 1.7800 4.5164 
12.0000 46.0000 6.0000 2.0000 1.0000 0.0000 2 1.0000 0.0000 1.8480 8.0000 -4.0000 -8.0000 12.0000 0.0000 4.0000 0.5000 0.5000 0.5000 0.5000 0.5000 2.5000 1.9978 4.7426 
12.0000 70.0000 6.0000 4.0000 0.0000 9.9000 8 -1.0000 1.0000 2.6650 -6.0000 6.0000 14.0000 2.0000 10.0000 -2.0000 0.7360 0.3822 0.3190 0.3847 0.6841 2.5061 1.9711 4.7153 
12.0000 21.0000 6.0000 -2.0000 1.0000 9.9000 8 -1.0000 1.0000 2.2300 -12.0000 0.0000 4.0000 -4.0000 8.0000 -8.0000 0.5000 0.5000 0.5000 0.5000 0.5000 2.5000 1.9636 4.7259 
12.0000 48.0000 6.0000 2.0000 1.0000 6.6000 8 -1.0000 1.0000 2.5990 -8.0000 4.0000 8.0000 0.0000 12.0000 -4.0000 0.5000 0.5000 0.5000 0.5000 0.5000 2.5000 1.8120 4.5591 
12.0000 30.0000 6.0000 0.0000 1.0000 -6.6000 2 1.0000 1.0000 2.2430 6.0000 -2.0000 -6.0000 2.0000 -10.0000 10.0000 0.5000 0.5000 0.5000 0.5000 0.5000 2.5000 1.8081 4.5593 
12.0000 52.0000 6.0000 2.0000 0.0000 -3.3000 8 -1.0000 0.0000 1.3150 -8.0000 4.0000 12.0000 0.0000 8.0000 -4.0000 0.4627 0.5814 0.3175 0.6603 0.4702 2.4921 1.8948 4.6346 
12.0000 15.0000 6.0000 -2.0000 1.0000 -9.9000 2 1.0000 1.0000 1.5250 -8.0000 0.0000 8.0000 -4.0000 4.0000 -12.0000 0.5000 0.5000 0.5000 0.5000 0.5000 2.5000 1.9943 4.7428 
12.0000 1.0000 6.0000 -4.0000 1.0000 -9.9000 2 1.0000 1.0000 0.7090 2.0000 -10.0000 -14.0000 6.0000 -6.0000 -2.0000 0.5000 0.5000 0.5000 0.5000 0.5000 2.5000 1.7919 4.5425 
12.0000 58.0000 6.0000 4.0000 1.0000 -6.6000 2 1.0000 1.0000 1.7930 6.0000 -2.0000 -6.0000 14.0000 2.0000 10.0000 0.5000 0.5000 0.5000 0.5000 0.5000 2.5000 1.8948 4.6425 
12.0000 39.0000 6.0000 0.0000 0.0000 0.0000 8 -1.0000 0.0000 2.1460 -6.0000 2.0000 10.0000 -2.0000 6.0000 -10.0000 0.5426 0.4796 0.4087 0.3093 0.7512 2.4913 1.9575 4.6839 
12.0000 63.0000 6.0000 4.0000 1.0000 9.9000 8 -1.0000 1.0000 1.2660 10.0000 2.0000 -2.0000 6.0000 -6.0000 14.0000 0.5000 0.5000 0.5000 0.5000 0.5000 2.5000 1.7516 4.5092 
12.0000 38.0000 6.0000 0.0000 0.0000 -3.3000 2 1.0000 1.0000 2.4840 6.0000 -2.0000 -6.0000 2.0000 -10.0000 10.0000 0.3055 0.4196 0.6752 0.3608 0.7304 2.4914 1.7846 4.5339 
