subNo index block mean periodicity testLevel pressedKey answer isCorrect rt s1 s2 s3 s4 s5 s6 t1 t2 t3 t4 t5 seqDuration startInterval trialDuration 
17.0000 35.0000 1.0000 0.0000 1.0000 6.6750 2 -1.0000 1.0000 1.3290 10.0000 -2.0000 -10.0000 2.0000 -6.0000 6.0000 0.5000 0.5000 0.5000 0.5000 0.5000 2.5000 1.8209 4.5760 
17.0000 20.0000 1.0000 -2.0000 1.0000 4.4500 2 -1.0000 1.0000 1.2420 8.0000 -4.0000 -12.0000 0.0000 -8.0000 4.0000 0.5000 0.5000 0.5000 0.5000 0.5000 2.5000 1.9556 4.7093 
17.0000 31.0000 1.0000 0.0000 1.0000 -2.2250 NR 0.0000 0.0000 0.0000 -10.0000 -2.0000 6.0000 -6.0000 10.0000 2.0000 0.5000 0.5000 0.5000 0.5000 0.5000 2.5000 1.7797 4.5259 
17.0000 28.0000 1.0000 -2.0000 0.0000 6.6750 2 -1.0000 1.0000 0.9470 8.0000 0.0000 -12.0000 4.0000 -8.0000 -4.0000 0.4435 0.3752 0.6618 0.3286 0.6835 2.4927 1.8133 4.5519 
17.0000 57.0000 1.0000 4.0000 1.0000 -6.6750 8 1.0000 1.0000 0.8800 10.0000 2.0000 -2.0000 6.0000 -6.0000 14.0000 0.5000 0.5000 0.5000 0.5000 0.5000 2.5000 1.8913 4.6426 
17.0000 53.0000 1.0000 2.0000 0.0000 0.0000 2 -1.0000 0.0000 0.8350 12.0000 0.0000 -4.0000 4.0000 -8.0000 8.0000 0.4671 0.5390 0.6622 0.4510 0.3883 2.5076 1.9357 4.6836 
17.0000 68.0000 1.0000 4.0000 0.0000 2.2250 2 -1.0000 1.0000 0.9210 6.0000 -2.0000 -6.0000 14.0000 2.0000 10.0000 0.6743 0.3093 0.5962 0.3442 0.5814 2.5053 1.9413 4.6979 
17.0000 23.0000 1.0000 -2.0000 0.0000 -4.4500 8 1.0000 1.0000 1.0910 4.0000 -4.0000 -8.0000 0.0000 -12.0000 8.0000 0.7923 0.3928 0.5369 0.4741 0.3091 2.5052 1.7560 4.5144 
17.0000 38.0000 1.0000 0.0000 0.0000 -2.2250 8 1.0000 1.0000 0.9900 -10.0000 -2.0000 6.0000 -6.0000 10.0000 2.0000 0.4778 0.6081 0.3597 0.4736 0.5831 2.5023 1.9086 4.6614 
17.0000 54.0000 1.0000 2.0000 0.0000 2.2250 2 -1.0000 1.0000 1.0270 12.0000 4.0000 -8.0000 8.0000 -4.0000 0.0000 0.6269 0.3645 0.4394 0.7516 0.3157 2.4981 1.8277 4.5740 
17.0000 8.0000 1.0000 -4.0000 0.0000 -6.6750 8 1.0000 1.0000 0.7800 -14.0000 -2.0000 6.0000 -6.0000 2.0000 -10.0000 0.3900 0.6641 0.3589 0.4752 0.6200 2.5082 1.8513 4.6174 
17.0000 42.0000 1.0000 0.0000 0.0000 6.6750 2 -1.0000 1.0000 0.8790 6.0000 -2.0000 -6.0000 2.0000 -10.0000 10.0000 0.3796 0.5656 0.3549 0.7487 0.4438 2.4926 1.8842 4.6186 
17.0000 2.0000 1.0000 -4.0000 1.0000 -4.4500 8 1.0000 1.0000 0.7590 6.0000 -2.0000 -10.0000 2.0000 -14.0000 -6.0000 0.5000 0.5000 0.5000 0.5000 0.5000 2.5000 1.8887 4.6424 
17.0000 47.0000 1.0000 2.0000 1.0000 2.2250 2 -1.0000 1.0000 0.9140 12.0000 4.0000 -4.0000 8.0000 -8.0000 0.0000 0.5000 0.5000 0.5000 0.5000 0.5000 2.5000 1.9533 4.6925 
17.0000 52.0000 1.0000 2.0000 0.0000 -2.2250 2 -1.0000 0.0000 1.5740 -4.0000 4.0000 12.0000 0.0000 8.0000 -8.0000 0.3163 0.6163 0.4691 0.7129 0.3869 2.5014 1.8377 4.5773 
17.0000 59.0000 1.0000 4.0000 1.0000 -2.2250 8 1.0000 1.0000 0.8600 -6.0000 2.0000 10.0000 -2.0000 14.0000 6.0000 0.5000 0.5000 0.5000 0.5000 0.5000 2.5000 1.7597 4.5259 
17.0000 10.0000 1.0000 -4.0000 0.0000 -2.2250 8 1.0000 1.0000 1.0620 -10.0000 -2.0000 6.0000 -6.0000 2.0000 -14.0000 0.3850 0.3257 0.4441 0.7065 0.6351 2.4963 1.8272 4.5722 
17.0000 41.0000 1.0000 0.0000 0.0000 4.4500 2 -1.0000 1.0000 1.6910 -10.0000 -2.0000 10.0000 -6.0000 6.0000 2.0000 0.7071 0.3050 0.6047 0.5589 0.3163 2.4920 1.9756 4.7180 
17.0000 56.0000 1.0000 2.0000 0.0000 6.6750 2 -1.0000 1.0000 1.0160 4.0000 -4.0000 -8.0000 12.0000 0.0000 8.0000 0.5933 0.4804 0.3974 0.6622 0.3596 2.4931 1.8814 4.6189 
17.0000 55.0000 1.0000 2.0000 0.0000 4.4500 2 -1.0000 1.0000 1.6630 0.0000 8.0000 12.0000 -8.0000 4.0000 -4.0000 0.5870 0.5245 0.6364 0.4369 0.3088 2.4935 1.7664 4.5027 
17.0000 25.0000 1.0000 -2.0000 0.0000 0.0000 8 1.0000 0.0000 1.3870 8.0000 -4.0000 -12.0000 0.0000 -8.0000 4.0000 0.3639 0.4013 0.3316 0.7346 0.6596 2.4910 1.7544 4.5001 
17.0000 67.0000 1.0000 4.0000 0.0000 0.0000 2 -1.0000 0.0000 1.6470 14.0000 6.0000 -2.0000 10.0000 -6.0000 2.0000 0.7360 0.4019 0.3652 0.3374 0.6538 2.4944 1.8466 4.5870 
17.0000 61.0000 1.0000 4.0000 1.0000 2.2250 2 -1.0000 1.0000 1.3090 14.0000 6.0000 -6.0000 10.0000 -2.0000 2.0000 0.5000 0.5000 0.5000 0.5000 0.5000 2.5000 1.7822 4.5260 
17.0000 33.0000 1.0000 0.0000 1.0000 2.2250 8 1.0000 0.0000 1.4590 6.0000 -2.0000 -10.0000 2.0000 -6.0000 10.0000 0.5000 0.5000 0.5000 0.5000 0.5000 2.5000 1.8849 4.6259 
17.0000 70.0000 1.0000 4.0000 0.0000 6.6750 2 -1.0000 1.0000 1.3350 10.0000 -2.0000 -6.0000 14.0000 2.0000 6.0000 0.4264 0.3989 0.4271 0.6969 0.5496 2.4989 1.9412 4.6916 
17.0000 26.0000 1.0000 -2.0000 0.0000 2.2250 8 1.0000 0.0000 1.7650 4.0000 -8.0000 -12.0000 8.0000 -4.0000 0.0000 0.7812 0.3338 0.3055 0.7702 0.3030 2.4937 1.8446 4.5863 
17.0000 21.0000 1.0000 -2.0000 1.0000 6.6750 2 -1.0000 1.0000 0.8910 -8.0000 0.0000 4.0000 -4.0000 8.0000 -12.0000 0.5000 0.5000 0.5000 0.5000 0.5000 2.5000 1.8462 4.5925 
17.0000 37.0000 1.0000 0.0000 0.0000 -4.4500 8 1.0000 1.0000 0.8070 2.0000 -6.0000 -10.0000 10.0000 -2.0000 6.0000 0.3613 0.4005 0.7261 0.6585 0.3631 2.5096 1.8880 4.6522 
17.0000 5.0000 1.0000 -4.0000 1.0000 2.2250 8 1.0000 0.0000 0.7360 2.0000 -6.0000 -14.0000 -2.0000 -10.0000 6.0000 0.5000 0.5000 0.5000 0.5000 0.5000 2.5000 1.7654 4.5092 
17.0000 30.0000 1.0000 0.0000 1.0000 -4.4500 8 1.0000 1.0000 0.5050 6.0000 -6.0000 -10.0000 10.0000 -2.0000 2.0000 0.5000 0.5000 0.5000 0.5000 0.5000 2.5000 1.7705 4.5258 
17.0000 44.0000 1.0000 2.0000 1.0000 -4.4500 8 1.0000 1.0000 0.7050 -8.0000 0.0000 8.0000 -4.0000 12.0000 4.0000 0.5000 0.5000 0.5000 0.5000 0.5000 2.5000 1.8158 4.5592 
17.0000 62.0000 1.0000 4.0000 1.0000 4.4500 2 -1.0000 1.0000 1.3250 14.0000 2.0000 -2.0000 6.0000 -6.0000 10.0000 0.5000 0.5000 0.5000 0.5000 0.5000 2.5000 1.7676 4.5092 
17.0000 14.0000 1.0000 -4.0000 0.0000 6.6750 2 -1.0000 1.0000 1.2210 2.0000 -6.0000 -10.0000 -2.0000 -14.0000 6.0000 0.5386 0.5820 0.3884 0.6075 0.3908 2.5073 1.9919 4.7499 
17.0000 11.0000 1.0000 -4.0000 0.0000 0.0000 8 1.0000 0.0000 1.7160 6.0000 -2.0000 -10.0000 2.0000 -14.0000 -6.0000 0.3068 0.6863 0.4611 0.5714 0.4676 2.4932 1.8981 4.6525 
17.0000 3.0000 1.0000 -4.0000 1.0000 -2.2250 8 1.0000 1.0000 0.8850 2.0000 -10.0000 -14.0000 6.0000 -6.0000 -2.0000 0.5000 0.5000 0.5000 0.5000 0.5000 2.5000 1.9995 4.7591 
17.0000 32.0000 1.0000 0.0000 1.0000 0.0000 2 -1.0000 0.0000 1.6450 -10.0000 2.0000 6.0000 -2.0000 10.0000 -6.0000 0.5000 0.5000 0.5000 0.5000 0.5000 2.5000 1.8213 4.5759 
17.0000 36.0000 1.0000 0.0000 0.0000 -6.6750 8 1.0000 1.0000 0.9530 -6.0000 2.0000 6.0000 -2.0000 10.0000 -10.0000 0.5310 0.4148 0.6289 0.3225 0.5987 2.4959 1.7886 4.5384 
17.0000 69.0000 1.0000 4.0000 0.0000 4.4500 2 -1.0000 1.0000 0.9030 -6.0000 2.0000 14.0000 -2.0000 10.0000 6.0000 0.3798 0.3461 0.6938 0.4900 0.5864 2.4961 1.8462 4.5887 
17.0000 43.0000 1.0000 2.0000 1.0000 -6.6750 8 1.0000 1.0000 0.9020 8.0000 0.0000 -4.0000 4.0000 -8.0000 12.0000 0.5000 0.5000 0.5000 0.5000 0.5000 2.5000 1.8947 4.6425 
17.0000 12.0000 1.0000 -4.0000 0.0000 2.2250 8 1.0000 0.0000 1.8380 -14.0000 -2.0000 2.0000 -6.0000 6.0000 -10.0000 0.4506 0.6483 0.3137 0.5281 0.5554 2.4960 1.7972 4.5384 
17.0000 58.0000 1.0000 4.0000 1.0000 -4.4500 8 1.0000 1.0000 1.9040 2.0000 10.0000 14.0000 -6.0000 6.0000 -2.0000 0.5000 0.5000 0.5000 0.5000 0.5000 2.5000 1.8529 4.5924 
17.0000 7.0000 1.0000 -4.0000 1.0000 6.6750 8 1.0000 0.0000 1.2790 -14.0000 -2.0000 6.0000 -6.0000 2.0000 -10.0000 0.5000 0.5000 0.5000 0.5000 0.5000 2.5000 1.8520 4.5925 
17.0000 48.0000 1.0000 2.0000 1.0000 4.4500 2 -1.0000 1.0000 1.1120 -8.0000 4.0000 12.0000 0.0000 8.0000 -4.0000 0.5000 0.5000 0.5000 0.5000 0.5000 2.5000 1.8247 4.5759 
17.0000 1.0000 1.0000 -4.0000 1.0000 -6.6750 8 1.0000 1.0000 0.8590 -14.0000 -6.0000 6.0000 -10.0000 2.0000 -2.0000 0.5000 0.5000 0.5000 0.5000 0.5000 2.5000 1.8955 4.6592 
17.0000 63.0000 1.0000 4.0000 1.0000 6.6750 2 -1.0000 1.0000 1.1030 14.0000 6.0000 -6.0000 10.0000 -2.0000 2.0000 0.5000 0.5000 0.5000 0.5000 0.5000 2.5000 1.7756 4.5258 
17.0000 49.0000 1.0000 2.0000 1.0000 6.6750 2 -1.0000 1.0000 0.7880 8.0000 0.0000 -8.0000 4.0000 -4.0000 12.0000 0.5000 0.5000 0.5000 0.5000 0.5000 2.5000 1.9007 4.6593 
17.0000 6.0000 1.0000 -4.0000 1.0000 4.4500 2 -1.0000 1.0000 1.1890 -2.0000 -10.0000 -14.0000 6.0000 -6.0000 2.0000 0.5000 0.5000 0.5000 0.5000 0.5000 2.5000 1.9799 4.7261 
17.0000 9.0000 1.0000 -4.0000 0.0000 -4.4500 8 1.0000 1.0000 1.1300 6.0000 -2.0000 -14.0000 2.0000 -10.0000 -6.0000 0.6876 0.3466 0.5107 0.3680 0.5878 2.5007 1.8156 4.5598 
17.0000 29.0000 1.0000 0.0000 1.0000 -6.6750 8 1.0000 1.0000 0.8790 -6.0000 2.0000 6.0000 -2.0000 10.0000 -10.0000 0.5000 0.5000 0.5000 0.5000 0.5000 2.5000 1.8994 4.6425 
17.0000 65.0000 1.0000 4.0000 0.0000 -4.4500 8 1.0000 1.0000 1.8000 -2.0000 6.0000 10.0000 2.0000 14.0000 -6.0000 0.3694 0.4447 0.6888 0.5528 0.4508 2.5066 1.7963 4.5490 
17.0000 64.0000 1.0000 4.0000 0.0000 -6.6750 8 1.0000 1.0000 0.8850 10.0000 2.0000 -2.0000 6.0000 -6.0000 14.0000 0.5025 0.6768 0.3232 0.3996 0.6075 2.5096 1.7763 4.5353 
17.0000 19.0000 1.0000 -2.0000 1.0000 2.2250 2 -1.0000 1.0000 1.8550 -4.0000 4.0000 8.0000 -12.0000 0.0000 -8.0000 0.5000 0.5000 0.5000 0.5000 0.5000 2.5000 1.7817 4.5425 
17.0000 39.0000 1.0000 0.0000 0.0000 0.0000 8 1.0000 0.0000 1.3860 -10.0000 -2.0000 10.0000 -6.0000 6.0000 2.0000 0.3423 0.7028 0.5519 0.3563 0.5414 2.4946 1.9991 4.7537 
17.0000 51.0000 1.0000 2.0000 0.0000 -4.4500 8 1.0000 1.0000 0.8000 12.0000 0.0000 -8.0000 4.0000 -4.0000 8.0000 0.4315 0.4029 0.5112 0.7939 0.3546 2.4942 1.9700 4.7202 
17.0000 24.0000 1.0000 -2.0000 0.0000 -2.2250 8 1.0000 1.0000 0.6610 4.0000 -4.0000 -8.0000 0.0000 -12.0000 8.0000 0.5759 0.3918 0.5025 0.3957 0.6255 2.4914 1.8360 4.5839 
17.0000 27.0000 1.0000 -2.0000 0.0000 4.4500 2 -1.0000 1.0000 1.1600 4.0000 -4.0000 -12.0000 0.0000 -8.0000 8.0000 0.4811 0.4479 0.6987 0.4630 0.4190 2.5098 1.9830 4.7358 
17.0000 22.0000 1.0000 -2.0000 0.0000 -6.6750 8 1.0000 1.0000 0.6070 -4.0000 4.0000 8.0000 -12.0000 0.0000 -8.0000 0.6749 0.3954 0.3429 0.7870 0.3000 2.5002 1.8018 4.5427 
17.0000 45.0000 1.0000 2.0000 1.0000 -2.2250 8 1.0000 1.0000 1.5050 -8.0000 0.0000 8.0000 -4.0000 12.0000 4.0000 0.5000 0.5000 0.5000 0.5000 0.5000 2.5000 1.8815 4.6258 
17.0000 46.0000 1.0000 2.0000 1.0000 0.0000 2 -1.0000 0.0000 1.0400 -4.0000 4.0000 12.0000 0.0000 8.0000 -8.0000 0.5000 0.5000 0.5000 0.5000 0.5000 2.5000 1.8302 4.5758 
17.0000 4.0000 1.0000 -4.0000 1.0000 0.0000 8 1.0000 0.0000 1.8060 2.0000 -10.0000 -14.0000 6.0000 -6.0000 -2.0000 0.5000 0.5000 0.5000 0.5000 0.5000 2.5000 1.7862 4.5258 
17.0000 50.0000 1.0000 2.0000 0.0000 -6.6750 8 1.0000 1.0000 0.7850 8.0000 0.0000 -4.0000 4.0000 -8.0000 12.0000 0.3577 0.4725 0.3784 0.7316 0.5583 2.4986 1.9890 4.7412 
17.0000 13.0000 1.0000 -4.0000 0.0000 4.4500 2 -1.0000 1.0000 1.1680 -6.0000 2.0000 6.0000 -14.0000 -2.0000 -10.0000 0.7377 0.5316 0.3610 0.4596 0.4071 2.4970 1.7958 4.5562 
17.0000 16.0000 1.0000 -2.0000 1.0000 -4.4500 8 1.0000 1.0000 0.9530 8.0000 0.0000 -8.0000 4.0000 -12.0000 -4.0000 0.5000 0.5000 0.5000 0.5000 0.5000 2.5000 1.9366 4.6925 
17.0000 66.0000 1.0000 4.0000 0.0000 -2.2250 8 1.0000 1.0000 1.7070 -2.0000 10.0000 14.0000 -6.0000 6.0000 2.0000 0.4282 0.7989 0.3120 0.5918 0.3712 2.5020 1.9256 4.6779 
17.0000 40.0000 1.0000 0.0000 0.0000 2.2250 2 -1.0000 1.0000 1.3320 -6.0000 2.0000 6.0000 -2.0000 10.0000 -10.0000 0.5567 0.7501 0.3741 0.4214 0.3884 2.4907 1.7929 4.5333 
17.0000 18.0000 1.0000 -2.0000 1.0000 0.0000 8 1.0000 0.0000 1.0350 -4.0000 4.0000 8.0000 -12.0000 0.0000 -8.0000 0.5000 0.5000 0.5000 0.5000 0.5000 2.5000 1.8118 4.5592 
17.0000 60.0000 1.0000 4.0000 1.0000 0.0000 2 -1.0000 0.0000 1.1970 10.0000 2.0000 -6.0000 6.0000 -2.0000 14.0000 0.5000 0.5000 0.5000 0.5000 0.5000 2.5000 1.8741 4.6259 
17.0000 17.0000 1.0000 -2.0000 1.0000 -2.2250 8 1.0000 1.0000 0.7380 8.0000 0.0000 -8.0000 4.0000 -12.0000 -4.0000 0.5000 0.5000 0.5000 0.5000 0.5000 2.5000 1.9988 4.7425 
17.0000 34.0000 1.0000 0.0000 1.0000 4.4500 2 -1.0000 1.0000 0.9110 -2.0000 6.0000 10.0000 -10.0000 2.0000 -6.0000 0.5000 0.5000 0.5000 0.5000 0.5000 2.5000 1.8492 4.5926 
17.0000 15.0000 1.0000 -2.0000 1.0000 -6.6750 8 1.0000 1.0000 0.8070 -12.0000 -4.0000 4.0000 -8.0000 8.0000 0.0000 0.5000 0.5000 0.5000 0.5000 0.5000 2.5000 1.8175 4.5760 
17.0000 20.0000 2.0000 -2.0000 1.0000 4.4500 2 -1.0000 1.0000 1.2690 -12.0000 0.0000 8.0000 -4.0000 4.0000 -8.0000 0.5000 0.5000 0.5000 0.5000 0.5000 2.5000 1.8298 4.5759 
17.0000 18.0000 2.0000 -2.0000 1.0000 0.0000 8 1.0000 0.0000 1.5440 8.0000 -4.0000 -12.0000 0.0000 -8.0000 4.0000 0.5000 0.5000 0.5000 0.5000 0.5000 2.5000 1.7841 4.5258 
17.0000 28.0000 2.0000 -2.0000 0.0000 6.6750 2 -1.0000 1.0000 0.8320 -12.0000 0.0000 8.0000 -4.0000 4.0000 -8.0000 0.3780 0.6725 0.4729 0.5545 0.4159 2.4939 1.9836 4.7365 
17.0000 16.0000 2.0000 -2.0000 1.0000 -4.4500 8 1.0000 1.0000 1.1630 -4.0000 4.0000 8.0000 -12.0000 0.0000 -8.0000 0.5000 0.5000 0.5000 0.5000 0.5000 2.5000 1.8542 4.6092 
17.0000 64.0000 2.0000 4.0000 0.0000 -6.6750 8 1.0000 1.0000 0.7110 10.0000 2.0000 -6.0000 6.0000 -2.0000 14.0000 0.3460 0.6994 0.7306 0.4216 0.3017 2.4993 1.8413 4.5918 
17.0000 67.0000 2.0000 4.0000 0.0000 0.0000 2 -1.0000 0.0000 1.1200 -6.0000 6.0000 10.0000 2.0000 14.0000 -2.0000 0.5320 0.3215 0.3824 0.6699 0.5924 2.4982 1.7657 4.5073 
17.0000 61.0000 2.0000 4.0000 1.0000 2.2250 2 -1.0000 1.0000 0.9860 -2.0000 10.0000 14.0000 -6.0000 6.0000 2.0000 0.5000 0.5000 0.5000 0.5000 0.5000 2.5000 1.7883 4.5426 
17.0000 39.0000 2.0000 0.0000 0.0000 0.0000 2 -1.0000 0.0000 1.7290 10.0000 2.0000 -6.0000 6.0000 -10.0000 -2.0000 0.4195 0.5724 0.3768 0.6970 0.4425 2.5081 1.9829 4.7339 
17.0000 14.0000 2.0000 -4.0000 0.0000 6.6750 2 -1.0000 1.0000 0.9750 2.0000 -6.0000 -14.0000 -2.0000 -10.0000 6.0000 0.4373 0.6118 0.4726 0.5266 0.4583 2.5065 1.8554 4.6158 
17.0000 62.0000 2.0000 4.0000 1.0000 4.4500 2 -1.0000 1.0000 1.1790 -2.0000 6.0000 10.0000 2.0000 14.0000 -6.0000 0.5000 0.5000 0.5000 0.5000 0.5000 2.5000 1.8974 4.6427 
17.0000 52.0000 2.0000 2.0000 0.0000 -2.2250 8 1.0000 1.0000 0.9040 -8.0000 0.0000 8.0000 -4.0000 12.0000 4.0000 0.3554 0.3906 0.7670 0.5873 0.3906 2.4909 1.8517 4.5834 
17.0000 59.0000 2.0000 4.0000 1.0000 -2.2250 2 -1.0000 0.0000 1.1230 -6.0000 6.0000 10.0000 2.0000 14.0000 -2.0000 0.5000 0.5000 0.5000 0.5000 0.5000 2.5000 1.8969 4.6591 
17.0000 68.0000 2.0000 4.0000 0.0000 2.2250 2 -1.0000 1.0000 2.2490 -2.0000 6.0000 10.0000 2.0000 14.0000 -6.0000 0.5572 0.4809 0.5704 0.3603 0.5290 2.4978 1.8726 4.6237 
17.0000 43.0000 2.0000 2.0000 1.0000 -6.6750 8 1.0000 1.0000 1.0970 8.0000 -4.0000 -8.0000 12.0000 0.0000 4.0000 0.5000 0.5000 0.5000 0.5000 0.5000 2.5000 1.8455 4.5926 
17.0000 33.0000 2.0000 0.0000 1.0000 2.2250 2 -1.0000 1.0000 1.6680 -6.0000 6.0000 10.0000 -10.0000 2.0000 -2.0000 0.5000 0.5000 0.5000 0.5000 0.5000 2.5000 1.7603 4.5092 
17.0000 42.0000 2.0000 0.0000 0.0000 6.6750 2 -1.0000 1.0000 1.0510 -6.0000 2.0000 10.0000 -2.0000 6.0000 -10.0000 0.3928 0.4264 0.5358 0.3902 0.7548 2.4999 1.8709 4.6259 
17.0000 1.0000 2.0000 -4.0000 1.0000 -6.6750 8 1.0000 1.0000 0.8370 -6.0000 2.0000 6.0000 -14.0000 -2.0000 -10.0000 0.5000 0.5000 0.5000 0.5000 0.5000 2.5000 1.8210 4.5759 
17.0000 51.0000 2.0000 2.0000 0.0000 -4.4500 8 1.0000 1.0000 1.9050 0.0000 8.0000 12.0000 -8.0000 4.0000 -4.0000 0.5261 0.3249 0.3872 0.5162 0.7453 2.4998 1.8098 4.5589 
17.0000 44.0000 2.0000 2.0000 1.0000 -4.4500 8 1.0000 1.0000 1.2730 -4.0000 8.0000 12.0000 -8.0000 4.0000 0.0000 0.5000 0.5000 0.5000 0.5000 0.5000 2.5000 1.8510 4.5925 
17.0000 41.0000 2.0000 0.0000 0.0000 4.4500 2 -1.0000 1.0000 1.0270 -10.0000 -2.0000 10.0000 -6.0000 6.0000 2.0000 0.4603 0.3378 0.7358 0.4229 0.5412 2.4979 1.7926 4.5571 
17.0000 46.0000 2.0000 2.0000 1.0000 0.0000 2 -1.0000 0.0000 0.9840 -4.0000 4.0000 12.0000 0.0000 8.0000 -8.0000 0.5000 0.5000 0.5000 0.5000 0.5000 2.5000 1.8178 4.5760 
17.0000 50.0000 2.0000 2.0000 0.0000 -6.6750 8 1.0000 1.0000 1.0830 12.0000 4.0000 -8.0000 8.0000 -4.0000 0.0000 0.5016 0.3868 0.5753 0.6633 0.3638 2.4908 1.8216 4.5667 
17.0000 25.0000 2.0000 -2.0000 0.0000 0.0000 8 1.0000 0.0000 1.1010 8.0000 -4.0000 -12.0000 0.0000 -8.0000 4.0000 0.7930 0.5153 0.4900 0.3846 0.3081 2.4909 1.8288 4.5667 
17.0000 7.0000 2.0000 -4.0000 1.0000 6.6750 2 -1.0000 1.0000 1.5260 -14.0000 -2.0000 2.0000 -6.0000 6.0000 -10.0000 0.5000 0.5000 0.5000 0.5000 0.5000 2.5000 1.8042 4.5592 
17.0000 30.0000 2.0000 0.0000 1.0000 -4.4500 8 1.0000 1.0000 1.0940 10.0000 -2.0000 -6.0000 2.0000 -10.0000 6.0000 0.5000 0.5000 0.5000 0.5000 0.5000 2.5000 1.8231 4.5759 
17.0000 38.0000 2.0000 0.0000 0.0000 -2.2250 8 1.0000 1.0000 0.9520 6.0000 -2.0000 -6.0000 2.0000 -10.0000 10.0000 0.6719 0.3558 0.4883 0.5362 0.4476 2.4997 1.9388 4.6924 
17.0000 5.0000 2.0000 -4.0000 1.0000 2.2250 8 1.0000 0.0000 2.1690 2.0000 -6.0000 -10.0000 -2.0000 -14.0000 6.0000 0.5000 0.5000 0.5000 0.5000 0.5000 2.5000 1.7821 4.5260 
17.0000 55.0000 2.0000 2.0000 0.0000 4.4500 2 -1.0000 1.0000 1.8000 0.0000 8.0000 12.0000 -8.0000 4.0000 -4.0000 0.3018 0.6199 0.4239 0.6144 0.5325 2.4925 1.8179 4.5518 
17.0000 48.0000 2.0000 2.0000 1.0000 4.4500 2 -1.0000 1.0000 1.2740 -4.0000 8.0000 12.0000 -8.0000 4.0000 0.0000 0.5000 0.5000 0.5000 0.5000 0.5000 2.5000 1.8323 4.5925 
17.0000 37.0000 2.0000 0.0000 0.0000 -4.4500 8 1.0000 1.0000 1.8300 -10.0000 2.0000 10.0000 -2.0000 6.0000 -6.0000 0.5822 0.4046 0.3256 0.4983 0.6826 2.4933 1.9816 4.7359 
17.0000 49.0000 2.0000 2.0000 1.0000 6.6750 2 -1.0000 1.0000 0.9830 4.0000 -4.0000 -8.0000 12.0000 0.0000 8.0000 0.5000 0.5000 0.5000 0.5000 0.5000 2.5000 1.8435 4.5926 
17.0000 60.0000 2.0000 4.0000 1.0000 0.0000 2 -1.0000 0.0000 0.9330 2.0000 10.0000 14.0000 -6.0000 6.0000 -2.0000 0.5000 0.5000 0.5000 0.5000 0.5000 2.5000 1.9900 4.7425 
17.0000 24.0000 2.0000 -2.0000 0.0000 -2.2250 8 1.0000 1.0000 1.3010 -12.0000 0.0000 4.0000 -4.0000 8.0000 -8.0000 0.5998 0.4836 0.6911 0.3501 0.3818 2.5063 1.9889 4.7488 
17.0000 9.0000 2.0000 -4.0000 0.0000 -4.4500 8 1.0000 1.0000 0.7230 -10.0000 -2.0000 6.0000 -6.0000 2.0000 -14.0000 0.5122 0.4045 0.6684 0.5630 0.3519 2.5000 1.9162 4.6593 
17.0000 63.0000 2.0000 4.0000 1.0000 6.6750 2 -1.0000 1.0000 1.1410 2.0000 10.0000 14.0000 -6.0000 6.0000 -2.0000 0.5000 0.5000 0.5000 0.5000 0.5000 2.5000 1.9704 4.7093 
17.0000 4.0000 2.0000 -4.0000 1.0000 0.0000 8 1.0000 0.0000 1.0290 6.0000 -2.0000 -14.0000 2.0000 -10.0000 -6.0000 0.5000 0.5000 0.5000 0.5000 0.5000 2.5000 1.9948 4.7427 
17.0000 22.0000 2.0000 -2.0000 0.0000 -6.6750 8 1.0000 1.0000 0.7980 4.0000 -4.0000 -8.0000 0.0000 -12.0000 8.0000 0.3657 0.5022 0.5556 0.3267 0.7460 2.4963 1.7648 4.5054 
17.0000 3.0000 2.0000 -4.0000 1.0000 -2.2250 8 1.0000 1.0000 0.8360 2.0000 -10.0000 -14.0000 6.0000 -6.0000 -2.0000 0.5000 0.5000 0.5000 0.5000 0.5000 2.5000 1.9724 4.7259 
17.0000 10.0000 2.0000 -4.0000 0.0000 -2.2250 8 1.0000 1.0000 1.1010 -10.0000 2.0000 6.0000 -14.0000 -2.0000 -6.0000 0.7621 0.4139 0.3140 0.6100 0.4092 2.5091 1.8057 4.5683 
17.0000 56.0000 2.0000 2.0000 0.0000 6.6750 2 -1.0000 1.0000 1.0910 12.0000 0.0000 -4.0000 4.0000 -8.0000 8.0000 0.4392 0.6771 0.4409 0.5958 0.3561 2.5091 1.8564 4.6184 
17.0000 15.0000 2.0000 -2.0000 1.0000 -6.6750 8 1.0000 1.0000 0.6930 -8.0000 0.0000 8.0000 -4.0000 4.0000 -12.0000 0.5000 0.5000 0.5000 0.5000 0.5000 2.5000 1.7948 4.5425 
17.0000 13.0000 2.0000 -4.0000 0.0000 4.4500 2 -1.0000 1.0000 1.0350 -14.0000 -2.0000 6.0000 -6.0000 2.0000 -10.0000 0.5623 0.3272 0.4187 0.6167 0.5778 2.5027 1.9015 4.6621 
17.0000 26.0000 2.0000 -2.0000 0.0000 2.2250 2 -1.0000 1.0000 2.0380 -12.0000 0.0000 4.0000 -4.0000 8.0000 -8.0000 0.6046 0.4543 0.4799 0.6119 0.3544 2.5051 1.8142 4.5643 
17.0000 35.0000 2.0000 0.0000 1.0000 6.6750 2 -1.0000 1.0000 1.3550 -10.0000 2.0000 6.0000 -2.0000 10.0000 -6.0000 0.5000 0.5000 0.5000 0.5000 0.5000 2.5000 1.9539 4.6926 
17.0000 11.0000 2.0000 -4.0000 0.0000 0.0000 8 1.0000 0.0000 2.2750 -10.0000 2.0000 6.0000 -14.0000 -2.0000 -6.0000 0.6932 0.3266 0.4482 0.4149 0.6104 2.4932 1.8425 4.5857 
17.0000 8.0000 2.0000 -4.0000 0.0000 -6.6750 8 1.0000 1.0000 1.3310 6.0000 -6.0000 -14.0000 -2.0000 -10.0000 2.0000 0.6970 0.3204 0.5308 0.3569 0.5901 2.4953 1.8745 4.6046 
17.0000 45.0000 2.0000 2.0000 1.0000 -2.2250 8 1.0000 1.0000 2.1490 8.0000 0.0000 -8.0000 4.0000 -4.0000 12.0000 0.5000 0.5000 0.5000 0.5000 0.5000 2.5000 1.9204 4.6760 
17.0000 65.0000 2.0000 4.0000 0.0000 -4.4500 2 -1.0000 0.0000 2.4260 14.0000 6.0000 -2.0000 10.0000 -6.0000 2.0000 0.7684 0.4291 0.5480 0.4276 0.3282 2.5012 1.8413 4.5937 
17.0000 17.0000 2.0000 -2.0000 1.0000 -2.2250 8 1.0000 1.0000 0.7450 8.0000 -4.0000 -8.0000 0.0000 -12.0000 4.0000 0.5000 0.5000 0.5000 0.5000 0.5000 2.5000 1.8913 4.6425 
17.0000 69.0000 2.0000 4.0000 0.0000 4.4500 2 -1.0000 1.0000 1.3720 10.0000 2.0000 -6.0000 6.0000 -2.0000 14.0000 0.3380 0.6068 0.5077 0.4404 0.6005 2.4933 1.9290 4.6692 
17.0000 58.0000 2.0000 4.0000 1.0000 -4.4500 8 1.0000 1.0000 2.4150 -6.0000 6.0000 10.0000 2.0000 14.0000 -2.0000 0.5000 0.5000 0.5000 0.5000 0.5000 2.5000 1.9057 4.6592 
17.0000 19.0000 2.0000 -2.0000 1.0000 2.2250 2 -1.0000 1.0000 1.9500 4.0000 -8.0000 -12.0000 8.0000 -4.0000 0.0000 0.5000 0.5000 0.5000 0.5000 0.5000 2.5000 1.7526 4.4924 
17.0000 70.0000 2.0000 4.0000 0.0000 6.6750 2 -1.0000 1.0000 0.8620 10.0000 2.0000 -6.0000 6.0000 -2.0000 14.0000 0.4832 0.4140 0.4857 0.5978 0.5257 2.5064 1.7612 4.5156 
17.0000 54.0000 2.0000 2.0000 0.0000 2.2250 2 -1.0000 1.0000 0.8690 -8.0000 4.0000 8.0000 0.0000 12.0000 -4.0000 0.4734 0.4169 0.6188 0.3954 0.5905 2.4950 1.9052 4.6376 
17.0000 47.0000 2.0000 2.0000 1.0000 2.2250 2 -1.0000 1.0000 0.8170 12.0000 0.0000 -4.0000 4.0000 -8.0000 8.0000 0.5000 0.5000 0.5000 0.5000 0.5000 2.5000 1.9926 4.7428 
17.0000 32.0000 2.0000 0.0000 1.0000 0.0000 8 1.0000 0.0000 1.5560 6.0000 -2.0000 -10.0000 2.0000 -6.0000 10.0000 0.5000 0.5000 0.5000 0.5000 0.5000 2.5000 1.8412 4.5927 
17.0000 27.0000 2.0000 -2.0000 0.0000 4.4500 2 -1.0000 1.0000 1.0060 -4.0000 4.0000 8.0000 -12.0000 0.0000 -8.0000 0.3091 0.7235 0.5507 0.3369 0.5784 2.4986 1.8926 4.6412 
17.0000 31.0000 2.0000 0.0000 1.0000 -2.2250 8 1.0000 1.0000 1.5030 -10.0000 2.0000 6.0000 -2.0000 10.0000 -6.0000 0.5000 0.5000 0.5000 0.5000 0.5000 2.5000 1.9020 4.6594 
17.0000 66.0000 2.0000 4.0000 0.0000 -2.2250 2 -1.0000 0.0000 2.0450 -6.0000 2.0000 14.0000 -2.0000 10.0000 6.0000 0.4492 0.3757 0.4320 0.6049 0.6416 2.5035 1.8511 4.6126 
17.0000 40.0000 2.0000 0.0000 0.0000 2.2250 2 -1.0000 1.0000 1.3180 6.0000 -2.0000 -10.0000 2.0000 -6.0000 10.0000 0.4110 0.6375 0.3898 0.5824 0.4729 2.4936 1.8936 4.6362 
17.0000 6.0000 2.0000 -4.0000 1.0000 4.4500 2 -1.0000 1.0000 1.4410 2.0000 -6.0000 -14.0000 -2.0000 -10.0000 6.0000 0.5000 0.5000 0.5000 0.5000 0.5000 2.5000 1.7516 4.4926 
17.0000 2.0000 2.0000 -4.0000 1.0000 -4.4500 8 1.0000 1.0000 1.4910 -14.0000 -6.0000 6.0000 -10.0000 2.0000 -2.0000 0.5000 0.5000 0.5000 0.5000 0.5000 2.5000 1.8406 4.5927 
17.0000 12.0000 2.0000 -4.0000 0.0000 2.2250 8 1.0000 0.0000 1.7410 2.0000 -6.0000 -10.0000 -2.0000 -14.0000 6.0000 0.3070 0.7167 0.3477 0.6005 0.5264 2.4983 1.9632 4.7074 
17.0000 57.0000 2.0000 4.0000 1.0000 -6.6750 8 1.0000 1.0000 0.8040 14.0000 6.0000 -6.0000 10.0000 -2.0000 2.0000 0.5000 0.5000 0.5000 0.5000 0.5000 2.5000 1.9777 4.7425 
17.0000 34.0000 2.0000 0.0000 1.0000 4.4500 2 -1.0000 1.0000 1.0770 10.0000 2.0000 -10.0000 6.0000 -6.0000 -2.0000 0.5000 0.5000 0.5000 0.5000 0.5000 2.5000 1.9155 4.6759 
17.0000 29.0000 2.0000 0.0000 1.0000 -6.6750 8 1.0000 1.0000 0.7760 2.0000 -6.0000 -10.0000 10.0000 -2.0000 6.0000 0.5000 0.5000 0.5000 0.5000 0.5000 2.5000 1.9398 4.6925 
17.0000 36.0000 2.0000 0.0000 0.0000 -6.6750 8 1.0000 1.0000 1.0960 -6.0000 2.0000 6.0000 -2.0000 10.0000 -10.0000 0.7348 0.3253 0.3658 0.4110 0.6603 2.4972 1.7921 4.5398 
17.0000 53.0000 2.0000 2.0000 0.0000 0.0000 2 -1.0000 0.0000 1.1360 -8.0000 4.0000 8.0000 0.0000 12.0000 -4.0000 0.7543 0.3816 0.4682 0.5407 0.3624 2.5072 1.9786 4.7330 
17.0000 23.0000 2.0000 -2.0000 0.0000 -4.4500 8 1.0000 1.0000 1.1330 0.0000 -8.0000 -12.0000 8.0000 -4.0000 4.0000 0.6543 0.5983 0.4419 0.4961 0.3136 2.5042 1.8727 4.6301 
17.0000 21.0000 2.0000 -2.0000 1.0000 6.6750 2 -1.0000 1.0000 0.8170 -12.0000 -4.0000 8.0000 -8.0000 4.0000 0.0000 0.5000 0.5000 0.5000 0.5000 0.5000 2.5000 1.8985 4.6426 
17.0000 19.0000 3.0000 -2.0000 1.0000 2.2250 2 -1.0000 1.0000 1.5840 -12.0000 0.0000 4.0000 -4.0000 8.0000 -8.0000 0.5000 0.5000 0.5000 0.5000 0.5000 2.5000 1.9190 4.6594 
17.0000 29.0000 3.0000 0.0000 1.0000 -6.6750 8 1.0000 1.0000 0.8070 -6.0000 2.0000 10.0000 -2.0000 6.0000 -10.0000 0.5000 0.5000 0.5000 0.5000 0.5000 2.5000 1.9625 4.7094 
17.0000 16.0000 3.0000 -2.0000 1.0000 -4.4500 8 1.0000 1.0000 0.7120 -4.0000 4.0000 8.0000 -12.0000 0.0000 -8.0000 0.5000 0.5000 0.5000 0.5000 0.5000 2.5000 1.7683 4.5092 
17.0000 25.0000 3.0000 -2.0000 0.0000 0.0000 2 -1.0000 0.0000 1.2860 8.0000 0.0000 -8.0000 4.0000 -12.0000 -4.0000 0.5502 0.5138 0.6810 0.3491 0.4088 2.5029 1.9991 4.7622 
17.0000 67.0000 3.0000 4.0000 0.0000 0.0000 2 -1.0000 0.0000 0.8720 -2.0000 10.0000 14.0000 -6.0000 6.0000 2.0000 0.4293 0.5866 0.5133 0.4729 0.5034 2.5054 1.9570 4.7147 
17.0000 48.0000 3.0000 2.0000 1.0000 4.4500 2 -1.0000 1.0000 1.6230 8.0000 0.0000 -4.0000 4.0000 -8.0000 12.0000 0.5000 0.5000 0.5000 0.5000 0.5000 2.5000 1.9234 4.6759 
17.0000 59.0000 3.0000 4.0000 1.0000 -2.2250 8 1.0000 1.0000 3.0510 10.0000 -2.0000 -6.0000 14.0000 2.0000 6.0000 0.5000 0.5000 0.5000 0.5000 0.5000 2.5000 1.9551 4.7091 
17.0000 55.0000 3.0000 2.0000 0.0000 4.4500 2 -1.0000 1.0000 0.7500 -4.0000 8.0000 12.0000 -8.0000 4.0000 0.0000 0.5864 0.5454 0.3133 0.6341 0.4119 2.4911 1.9943 4.7337 
17.0000 42.0000 3.0000 0.0000 0.0000 6.6750 2 -1.0000 1.0000 0.6800 -6.0000 6.0000 10.0000 -10.0000 2.0000 -2.0000 0.5610 0.4945 0.4125 0.3353 0.6898 2.4930 1.7580 4.5021 
17.0000 64.0000 3.0000 4.0000 0.0000 -6.6750 8 1.0000 1.0000 0.9280 -2.0000 6.0000 14.0000 2.0000 10.0000 -6.0000 0.4821 0.6668 0.4732 0.3991 0.4728 2.4940 1.8310 4.5700 
17.0000 41.0000 3.0000 0.0000 0.0000 4.4500 2 -1.0000 1.0000 0.8990 -2.0000 6.0000 10.0000 -10.0000 2.0000 -6.0000 0.3059 0.6740 0.5520 0.3188 0.6477 2.4984 1.7912 4.5410 
17.0000 54.0000 3.0000 2.0000 0.0000 2.2250 2 -1.0000 1.0000 1.0890 -8.0000 0.0000 12.0000 -4.0000 8.0000 4.0000 0.3941 0.5680 0.6969 0.3486 0.5009 2.5085 1.8897 4.6344 
17.0000 68.0000 3.0000 4.0000 0.0000 2.2250 2 -1.0000 1.0000 0.7260 6.0000 -2.0000 -6.0000 14.0000 2.0000 10.0000 0.5048 0.6154 0.3013 0.7676 0.3150 2.5041 1.8832 4.6467 
17.0000 43.0000 3.0000 2.0000 1.0000 -6.6750 8 1.0000 1.0000 0.7960 -4.0000 4.0000 8.0000 0.0000 12.0000 -8.0000 0.5000 0.5000 0.5000 0.5000 0.5000 2.5000 1.8082 4.5591 
17.0000 51.0000 3.0000 2.0000 0.0000 -4.4500 8 1.0000 1.0000 0.7730 -4.0000 4.0000 12.0000 0.0000 8.0000 -8.0000 0.5793 0.6886 0.3724 0.4413 0.4129 2.4945 1.7535 4.5036 
17.0000 27.0000 3.0000 -2.0000 0.0000 4.4500 2 -1.0000 1.0000 1.1160 4.0000 -4.0000 -8.0000 0.0000 -12.0000 8.0000 0.3445 0.4928 0.6504 0.3988 0.6105 2.4971 1.7707 4.5228 
17.0000 3.0000 3.0000 -4.0000 1.0000 -2.2250 8 1.0000 1.0000 1.0050 2.0000 -6.0000 -10.0000 -2.0000 -14.0000 6.0000 0.5000 0.5000 0.5000 0.5000 0.5000 2.5000 1.8126 4.5592 
17.0000 47.0000 3.0000 2.0000 1.0000 2.2250 2 -1.0000 1.0000 0.8910 8.0000 0.0000 -8.0000 4.0000 -4.0000 12.0000 0.5000 0.5000 0.5000 0.5000 0.5000 2.5000 1.9738 4.7259 
17.0000 28.0000 3.0000 -2.0000 0.0000 6.6750 2 -1.0000 1.0000 1.1100 8.0000 -4.0000 -12.0000 0.0000 -8.0000 4.0000 0.4071 0.3196 0.5129 0.6739 0.5923 2.5059 1.7671 4.5150 
17.0000 1.0000 3.0000 -4.0000 1.0000 -6.6750 8 1.0000 1.0000 1.7010 -2.0000 -10.0000 -14.0000 6.0000 -6.0000 2.0000 0.5000 0.5000 0.5000 0.5000 0.5000 2.5000 1.8445 4.5925 
17.0000 50.0000 3.0000 2.0000 0.0000 -6.6750 8 1.0000 1.0000 2.2170 8.0000 0.0000 -8.0000 4.0000 -4.0000 12.0000 0.5288 0.4998 0.5354 0.6107 0.3284 2.5032 1.9437 4.6957 
17.0000 31.0000 3.0000 0.0000 1.0000 -2.2250 8 1.0000 1.0000 1.0450 10.0000 -2.0000 -6.0000 2.0000 -10.0000 6.0000 0.5000 0.5000 0.5000 0.5000 0.5000 2.5000 1.9815 4.7425 
17.0000 8.0000 3.0000 -4.0000 0.0000 -6.6750 8 1.0000 1.0000 1.0230 -6.0000 2.0000 6.0000 -14.0000 -2.0000 -10.0000 0.4959 0.4043 0.3598 0.5221 0.7126 2.4947 1.8704 4.6207 
17.0000 62.0000 3.0000 4.0000 1.0000 4.4500 2 -1.0000 1.0000 1.3850 -6.0000 6.0000 10.0000 2.0000 14.0000 -2.0000 0.5000 0.5000 0.5000 0.5000 0.5000 2.5000 1.9950 4.7425 
17.0000 63.0000 3.0000 4.0000 1.0000 6.6750 2 -1.0000 1.0000 0.9340 14.0000 6.0000 -6.0000 10.0000 -2.0000 2.0000 0.5000 0.5000 0.5000 0.5000 0.5000 2.5000 1.9535 4.7092 
17.0000 18.0000 3.0000 -2.0000 1.0000 0.0000 8 1.0000 0.0000 1.9260 -8.0000 0.0000 8.0000 -4.0000 4.0000 -12.0000 0.5000 0.5000 0.5000 0.5000 0.5000 2.5000 1.8082 4.5591 
17.0000 38.0000 3.0000 0.0000 0.0000 -2.2250 8 1.0000 1.0000 0.8390 6.0000 -2.0000 -6.0000 2.0000 -10.0000 10.0000 0.5826 0.4980 0.3614 0.6578 0.3991 2.4989 1.7616 4.5080 
17.0000 45.0000 3.0000 2.0000 1.0000 -2.2250 2 -1.0000 0.0000 1.4120 8.0000 0.0000 -8.0000 4.0000 -4.0000 12.0000 0.5000 0.5000 0.5000 0.5000 0.5000 2.5000 1.7902 4.5425 
17.0000 10.0000 3.0000 -4.0000 0.0000 -2.2250 8 1.0000 1.0000 0.8300 -14.0000 -2.0000 6.0000 -6.0000 2.0000 -10.0000 0.3254 0.7241 0.4397 0.4865 0.5165 2.4921 1.9074 4.6514 
17.0000 17.0000 3.0000 -2.0000 1.0000 -2.2250 8 1.0000 1.0000 0.7890 -8.0000 4.0000 8.0000 -12.0000 0.0000 -4.0000 0.5000 0.5000 0.5000 0.5000 0.5000 2.5000 1.9477 4.6926 
17.0000 30.0000 3.0000 0.0000 1.0000 -4.4500 8 1.0000 1.0000 0.8980 6.0000 -2.0000 -10.0000 2.0000 -6.0000 10.0000 0.5000 0.5000 0.5000 0.5000 0.5000 2.5000 1.9918 4.7425 
17.0000 13.0000 3.0000 -4.0000 0.0000 4.4500 8 1.0000 0.0000 0.9580 2.0000 -10.0000 -14.0000 6.0000 -6.0000 -2.0000 0.4896 0.5852 0.4995 0.4013 0.5164 2.4920 1.9296 4.6846 
17.0000 56.0000 3.0000 2.0000 0.0000 6.6750 2 -1.0000 1.0000 0.8540 12.0000 4.0000 -4.0000 8.0000 -8.0000 0.0000 0.5823 0.4425 0.3006 0.7616 0.4085 2.4955 1.7968 4.5547 
17.0000 32.0000 3.0000 0.0000 1.0000 0.0000 2 -1.0000 0.0000 0.9050 -6.0000 2.0000 10.0000 -2.0000 6.0000 -10.0000 0.5000 0.5000 0.5000 0.5000 0.5000 2.5000 1.9772 4.7259 
17.0000 35.0000 3.0000 0.0000 1.0000 6.6750 2 -1.0000 1.0000 0.9650 10.0000 2.0000 -6.0000 6.0000 -10.0000 -2.0000 0.5000 0.5000 0.5000 0.5000 0.5000 2.5000 1.9447 4.6925 
17.0000 66.0000 3.0000 4.0000 0.0000 -2.2250 8 1.0000 1.0000 1.9650 14.0000 2.0000 -6.0000 6.0000 -2.0000 10.0000 0.3774 0.4300 0.6134 0.5291 0.5588 2.5087 1.7880 4.5512 
17.0000 20.0000 3.0000 -2.0000 1.0000 4.4500 2 -1.0000 1.0000 0.9520 8.0000 0.0000 -12.0000 4.0000 -8.0000 -4.0000 0.5000 0.5000 0.5000 0.5000 0.5000 2.5000 1.8906 4.6426 
17.0000 23.0000 3.0000 -2.0000 0.0000 -4.4500 8 1.0000 1.0000 0.8490 -12.0000 0.0000 4.0000 -4.0000 8.0000 -8.0000 0.3284 0.4507 0.7597 0.3289 0.6286 2.4963 1.9227 4.6722 
17.0000 34.0000 3.0000 0.0000 1.0000 4.4500 2 -1.0000 1.0000 0.7740 10.0000 -2.0000 -6.0000 2.0000 -10.0000 6.0000 0.5000 0.5000 0.5000 0.5000 0.5000 2.5000 1.7814 4.5258 
17.0000 5.0000 3.0000 -4.0000 1.0000 2.2250 2 -1.0000 1.0000 2.2950 2.0000 -10.0000 -14.0000 6.0000 -6.0000 -2.0000 0.5000 0.5000 0.5000 0.5000 0.5000 2.5000 1.9197 4.6759 
17.0000 4.0000 3.0000 -4.0000 1.0000 0.0000 8 1.0000 0.0000 2.0870 2.0000 -6.0000 -14.0000 -2.0000 -10.0000 6.0000 0.5000 0.5000 0.5000 0.5000 0.5000 2.5000 1.9848 4.7426 
17.0000 49.0000 3.0000 2.0000 1.0000 6.6750 2 -1.0000 1.0000 1.0620 -8.0000 4.0000 12.0000 0.0000 8.0000 -4.0000 0.5000 0.5000 0.5000 0.5000 0.5000 2.5000 1.8740 4.6259 
17.0000 37.0000 3.0000 0.0000 0.0000 -4.4500 8 1.0000 1.0000 2.0110 10.0000 2.0000 -10.0000 6.0000 -6.0000 -2.0000 0.7705 0.3784 0.4130 0.3503 0.5973 2.5095 1.7547 4.5187 
17.0000 46.0000 3.0000 2.0000 1.0000 0.0000 2 -1.0000 0.0000 1.9140 -8.0000 0.0000 8.0000 -4.0000 12.0000 4.0000 0.5000 0.5000 0.5000 0.5000 0.5000 2.5000 1.9277 4.6760 
17.0000 53.0000 3.0000 2.0000 0.0000 0.0000 2 -1.0000 0.0000 1.6230 8.0000 0.0000 -4.0000 4.0000 -8.0000 12.0000 0.5501 0.3933 0.7426 0.4498 0.3706 2.5065 1.8918 4.6492 
17.0000 65.0000 3.0000 4.0000 0.0000 -4.4500 8 1.0000 1.0000 0.5810 -6.0000 2.0000 14.0000 -2.0000 10.0000 6.0000 0.5426 0.4666 0.5723 0.4874 0.4243 2.4931 1.9484 4.6857 
17.0000 39.0000 3.0000 0.0000 0.0000 0.0000 2 -1.0000 0.0000 2.7140 -10.0000 -2.0000 10.0000 -6.0000 6.0000 2.0000 0.3992 0.4323 0.7269 0.4492 0.4846 2.4923 1.9145 4.6514 
17.0000 15.0000 3.0000 -2.0000 1.0000 -6.6750 8 1.0000 1.0000 1.0810 -12.0000 0.0000 8.0000 -4.0000 4.0000 -8.0000 0.5000 0.5000 0.5000 0.5000 0.5000 2.5000 1.7750 4.5260 
17.0000 70.0000 3.0000 4.0000 0.0000 6.6750 2 -1.0000 1.0000 0.8190 -2.0000 6.0000 10.0000 2.0000 14.0000 -6.0000 0.4031 0.4733 0.6389 0.3472 0.6344 2.4969 1.9931 4.7395 
17.0000 33.0000 3.0000 0.0000 1.0000 2.2250 2 -1.0000 1.0000 1.4710 10.0000 2.0000 -10.0000 6.0000 -6.0000 -2.0000 0.5000 0.5000 0.5000 0.5000 0.5000 2.5000 1.8680 4.6259 
17.0000 6.0000 3.0000 -4.0000 1.0000 4.4500 2 -1.0000 1.0000 2.8480 2.0000 -6.0000 -10.0000 -2.0000 -14.0000 6.0000 0.5000 0.5000 0.5000 0.5000 0.5000 2.5000 1.9967 4.7425 
17.0000 58.0000 3.0000 4.0000 1.0000 -4.4500 8 1.0000 1.0000 0.8370 -6.0000 2.0000 14.0000 -2.0000 10.0000 6.0000 0.5000 0.5000 0.5000 0.5000 0.5000 2.5000 1.9475 4.6927 
17.0000 40.0000 3.0000 0.0000 0.0000 2.2250 2 -1.0000 1.0000 1.4110 10.0000 -2.0000 -6.0000 2.0000 -10.0000 6.0000 0.5967 0.4965 0.3946 0.7077 0.3019 2.4974 1.9593 4.7066 
17.0000 9.0000 3.0000 -4.0000 0.0000 -4.4500 8 1.0000 1.0000 1.1310 2.0000 -10.0000 -14.0000 6.0000 -6.0000 -2.0000 0.7882 0.4405 0.6111 0.3021 0.3592 2.5010 1.8968 4.6435 
17.0000 57.0000 3.0000 4.0000 1.0000 -6.6750 8 1.0000 1.0000 0.7480 -2.0000 6.0000 14.0000 2.0000 10.0000 -6.0000 0.5000 0.5000 0.5000 0.5000 0.5000 2.5000 1.8339 4.5759 
17.0000 2.0000 3.0000 -4.0000 1.0000 -4.4500 8 1.0000 1.0000 0.5790 2.0000 -6.0000 -10.0000 -2.0000 -14.0000 6.0000 0.5000 0.5000 0.5000 0.5000 0.5000 2.5000 1.7627 4.5092 
17.0000 60.0000 3.0000 4.0000 1.0000 0.0000 2 -1.0000 0.0000 1.2600 14.0000 2.0000 -2.0000 6.0000 -6.0000 10.0000 0.5000 0.5000 0.5000 0.5000 0.5000 2.5000 1.9599 4.7260 
17.0000 14.0000 3.0000 -4.0000 0.0000 6.6750 2 -1.0000 1.0000 0.9350 6.0000 -6.0000 -10.0000 -2.0000 -14.0000 2.0000 0.5960 0.3045 0.5106 0.5842 0.5010 2.4963 1.7625 4.5223 
17.0000 69.0000 3.0000 4.0000 0.0000 4.4500 2 -1.0000 1.0000 0.8410 14.0000 2.0000 -2.0000 6.0000 -6.0000 10.0000 0.5236 0.4835 0.3102 0.4797 0.7091 2.5060 1.9414 4.6985 
17.0000 52.0000 3.0000 2.0000 0.0000 -2.2250 8 1.0000 1.0000 2.1860 4.0000 -4.0000 -8.0000 12.0000 0.0000 8.0000 0.3856 0.4127 0.5815 0.3275 0.7887 2.4959 1.8928 4.6386 
17.0000 12.0000 3.0000 -4.0000 0.0000 2.2250 2 -1.0000 1.0000 1.8550 -2.0000 -10.0000 -14.0000 6.0000 -6.0000 2.0000 0.4163 0.6683 0.5553 0.5063 0.3473 2.4936 1.9560 4.7030 
17.0000 21.0000 3.0000 -2.0000 1.0000 6.6750 2 -1.0000 1.0000 0.7470 4.0000 -8.0000 -12.0000 8.0000 -4.0000 0.0000 0.5000 0.5000 0.5000 0.5000 0.5000 2.5000 1.8368 4.5926 
17.0000 44.0000 3.0000 2.0000 1.0000 -4.4500 8 1.0000 1.0000 0.7400 -8.0000 4.0000 8.0000 0.0000 12.0000 -4.0000 0.5000 0.5000 0.5000 0.5000 0.5000 2.5000 1.9119 4.6593 
17.0000 61.0000 3.0000 4.0000 1.0000 2.2250 2 -1.0000 1.0000 0.7970 14.0000 2.0000 -2.0000 6.0000 -6.0000 10.0000 0.5000 0.5000 0.5000 0.5000 0.5000 2.5000 1.9960 4.7425 
17.0000 7.0000 3.0000 -4.0000 1.0000 6.6750 2 -1.0000 1.0000 0.6290 2.0000 -6.0000 -10.0000 -2.0000 -14.0000 6.0000 0.5000 0.5000 0.5000 0.5000 0.5000 2.5000 1.9545 4.6927 
17.0000 24.0000 3.0000 -2.0000 0.0000 -2.2250 8 1.0000 1.0000 1.3460 0.0000 -8.0000 -12.0000 8.0000 -4.0000 4.0000 0.4106 0.3304 0.5710 0.6761 0.5175 2.5055 1.9882 4.7481 
17.0000 36.0000 3.0000 0.0000 0.0000 -6.6750 8 1.0000 1.0000 1.0160 -6.0000 2.0000 6.0000 -2.0000 10.0000 -10.0000 0.5786 0.3283 0.4910 0.4039 0.7002 2.5021 1.8120 4.5780 
17.0000 26.0000 3.0000 -2.0000 0.0000 2.2250 8 1.0000 0.0000 2.8200 -8.0000 0.0000 4.0000 -4.0000 8.0000 -12.0000 0.6173 0.3177 0.5966 0.3991 0.5599 2.4906 1.9679 4.7165 
17.0000 11.0000 3.0000 -4.0000 0.0000 0.0000 8 1.0000 0.0000 0.9970 -10.0000 -2.0000 6.0000 -6.0000 2.0000 -14.0000 0.3093 0.7871 0.7453 0.3107 0.3436 2.4959 1.8791 4.6218 
17.0000 22.0000 3.0000 -2.0000 0.0000 -6.6750 8 1.0000 1.0000 0.6670 4.0000 -8.0000 -12.0000 8.0000 -4.0000 0.0000 0.3541 0.7109 0.7631 0.3181 0.3498 2.4960 1.7707 4.5219 
17.0000 56.0000 4.0000 2.0000 0.0000 6.6750 8 1.0000 0.0000 1.7660 -4.0000 8.0000 12.0000 -8.0000 4.0000 0.0000 0.5550 0.6527 0.4053 0.3780 0.5143 2.5054 1.9444 4.6980 
17.0000 17.0000 4.0000 -2.0000 1.0000 -2.2250 8 1.0000 1.0000 1.1520 8.0000 -4.0000 -12.0000 0.0000 -8.0000 4.0000 0.5000 0.5000 0.5000 0.5000 0.5000 2.5000 1.8843 4.6258 
17.0000 68.0000 4.0000 4.0000 0.0000 2.2250 2 -1.0000 1.0000 0.6970 -6.0000 2.0000 14.0000 -2.0000 10.0000 6.0000 0.4430 0.4832 0.7091 0.4881 0.3857 2.5091 1.9790 4.7349 
17.0000 6.0000 4.0000 -4.0000 1.0000 4.4500 2 -1.0000 1.0000 1.2360 2.0000 -6.0000 -14.0000 -2.0000 -10.0000 6.0000 0.5000 0.5000 0.5000 0.5000 0.5000 2.5000 1.9356 4.6926 
17.0000 30.0000 4.0000 0.0000 1.0000 -4.4500 8 1.0000 1.0000 1.1510 -6.0000 2.0000 6.0000 -2.0000 10.0000 -10.0000 0.5000 0.5000 0.5000 0.5000 0.5000 2.5000 1.8017 4.5592 
17.0000 70.0000 4.0000 4.0000 0.0000 6.6750 2 -1.0000 1.0000 0.7820 14.0000 2.0000 -2.0000 6.0000 -6.0000 10.0000 0.4699 0.5094 0.3257 0.7274 0.4716 2.5040 1.7670 4.5297 
17.0000 21.0000 4.0000 -2.0000 1.0000 6.6750 2 -1.0000 1.0000 0.7570 4.0000 -4.0000 -8.0000 0.0000 -12.0000 8.0000 0.5000 0.5000 0.5000 0.5000 0.5000 2.5000 1.9901 4.7426 
17.0000 64.0000 4.0000 4.0000 0.0000 -6.6750 8 1.0000 1.0000 0.9490 -6.0000 2.0000 14.0000 -2.0000 10.0000 6.0000 0.4634 0.5394 0.3853 0.6098 0.5037 2.5015 1.9759 4.7273 
17.0000 40.0000 4.0000 0.0000 0.0000 2.2250 2 -1.0000 1.0000 1.2440 -10.0000 2.0000 6.0000 -2.0000 10.0000 -6.0000 0.5302 0.5653 0.6552 0.3497 0.4084 2.5088 1.9989 4.7513 
17.0000 60.0000 4.0000 4.0000 1.0000 0.0000 2 -1.0000 0.0000 1.0050 -6.0000 6.0000 10.0000 2.0000 14.0000 -2.0000 0.5000 0.5000 0.5000 0.5000 0.5000 2.5000 1.8556 4.6092 
17.0000 61.0000 4.0000 4.0000 1.0000 2.2250 2 -1.0000 1.0000 0.8710 6.0000 -2.0000 -6.0000 14.0000 2.0000 10.0000 0.5000 0.5000 0.5000 0.5000 0.5000 2.5000 1.8799 4.6258 
17.0000 13.0000 4.0000 -4.0000 0.0000 4.4500 8 1.0000 0.0000 2.6920 -10.0000 -2.0000 2.0000 -6.0000 6.0000 -14.0000 0.4812 0.5489 0.3773 0.5368 0.5619 2.5060 1.9798 4.7320 
17.0000 67.0000 4.0000 4.0000 0.0000 0.0000 2 -1.0000 0.0000 0.8230 14.0000 6.0000 -2.0000 10.0000 -6.0000 2.0000 0.5293 0.3204 0.4374 0.5756 0.6329 2.4956 1.7735 4.5215 
17.0000 41.0000 4.0000 0.0000 0.0000 4.4500 2 -1.0000 1.0000 0.9720 -6.0000 6.0000 10.0000 -10.0000 2.0000 -2.0000 0.3074 0.5840 0.3547 0.4826 0.7615 2.4903 1.7654 4.5160 
17.0000 33.0000 4.0000 0.0000 1.0000 2.2250 2 -1.0000 1.0000 0.7820 -10.0000 -2.0000 10.0000 -6.0000 6.0000 2.0000 0.5000 0.5000 0.5000 0.5000 0.5000 2.5000 1.8359 4.5925 
17.0000 3.0000 4.0000 -4.0000 1.0000 -2.2250 8 1.0000 1.0000 0.8550 6.0000 -6.0000 -10.0000 -2.0000 -14.0000 2.0000 0.5000 0.5000 0.5000 0.5000 0.5000 2.5000 1.7730 4.5258 
17.0000 59.0000 4.0000 4.0000 1.0000 -2.2250 8 1.0000 1.0000 2.0230 -2.0000 6.0000 10.0000 2.0000 14.0000 -6.0000 0.5000 0.5000 0.5000 0.5000 0.5000 2.5000 1.8882 4.6426 
17.0000 26.0000 4.0000 -2.0000 0.0000 2.2250 8 1.0000 0.0000 1.3160 -12.0000 0.0000 8.0000 -4.0000 4.0000 -8.0000 0.6967 0.3446 0.3007 0.6635 0.4856 2.4911 1.9432 4.6837 
17.0000 55.0000 4.0000 2.0000 0.0000 4.4500 2 -1.0000 1.0000 1.0860 8.0000 0.0000 -8.0000 4.0000 -4.0000 12.0000 0.3338 0.4239 0.6385 0.3508 0.7448 2.4919 1.7927 4.5343 
17.0000 11.0000 4.0000 -4.0000 0.0000 0.0000 8 1.0000 0.0000 0.6160 -2.0000 -10.0000 -14.0000 6.0000 -6.0000 2.0000 0.4874 0.3895 0.7695 0.4977 0.3577 2.5019 1.8540 4.5943 
17.0000 53.0000 4.0000 2.0000 0.0000 0.0000 2 -1.0000 0.0000 1.3070 8.0000 -4.0000 -8.0000 12.0000 0.0000 4.0000 0.3344 0.5994 0.4587 0.6584 0.4421 2.4929 1.8608 4.6023 
17.0000 24.0000 4.0000 -2.0000 0.0000 -2.2250 8 1.0000 1.0000 0.9940 -8.0000 4.0000 8.0000 -12.0000 0.0000 -4.0000 0.5769 0.3100 0.5549 0.4413 0.6093 2.4924 1.8754 4.6184 
17.0000 34.0000 4.0000 0.0000 1.0000 4.4500 2 -1.0000 1.0000 0.7980 6.0000 -2.0000 -6.0000 2.0000 -10.0000 10.0000 0.5000 0.5000 0.5000 0.5000 0.5000 2.5000 1.9738 4.7258 
17.0000 27.0000 4.0000 -2.0000 0.0000 4.4500 2 -1.0000 1.0000 4.0240 -8.0000 4.0000 8.0000 -12.0000 0.0000 -4.0000 0.3019 0.5706 0.7372 0.3509 0.5442 2.5048 1.9122 4.6641 
17.0000 10.0000 4.0000 -4.0000 0.0000 -2.2250 8 1.0000 1.0000 0.8530 -14.0000 -6.0000 6.0000 -10.0000 2.0000 -2.0000 0.3197 0.4700 0.5269 0.6705 0.5051 2.4922 1.9015 4.6514 
17.0000 52.0000 4.0000 2.0000 0.0000 -2.2250 8 1.0000 1.0000 0.6770 -4.0000 8.0000 12.0000 -8.0000 4.0000 0.0000 0.4573 0.4860 0.7522 0.4898 0.3113 2.4967 1.8772 4.6224 
17.0000 32.0000 4.0000 0.0000 1.0000 0.0000 2 -1.0000 0.0000 1.4970 -10.0000 -2.0000 6.0000 -6.0000 10.0000 2.0000 0.5000 0.5000 0.5000 0.5000 0.5000 2.5000 1.9810 4.7260 
17.0000 28.0000 4.0000 -2.0000 0.0000 6.6750 2 -1.0000 1.0000 0.7410 -4.0000 4.0000 8.0000 -12.0000 0.0000 -8.0000 0.6507 0.4989 0.3792 0.6014 0.3633 2.4935 1.9110 4.6527 
17.0000 4.0000 4.0000 -4.0000 1.0000 0.0000 8 1.0000 0.0000 1.0080 -10.0000 2.0000 6.0000 -14.0000 -2.0000 -6.0000 0.5000 0.5000 0.5000 0.5000 0.5000 2.5000 1.9095 4.6592 
17.0000 63.0000 4.0000 4.0000 1.0000 6.6750 2 -1.0000 1.0000 1.0220 -2.0000 6.0000 10.0000 2.0000 14.0000 -6.0000 0.5000 0.5000 0.5000 0.5000 0.5000 2.5000 1.7748 4.5259 
17.0000 19.0000 4.0000 -2.0000 1.0000 2.2250 2 -1.0000 1.0000 0.7510 0.0000 -8.0000 -12.0000 8.0000 -4.0000 4.0000 0.5000 0.5000 0.5000 0.5000 0.5000 2.5000 1.8646 4.6260 
17.0000 51.0000 4.0000 2.0000 0.0000 -4.4500 8 1.0000 1.0000 0.8280 0.0000 8.0000 12.0000 -8.0000 4.0000 -4.0000 0.4953 0.3906 0.6259 0.4547 0.5420 2.5085 1.8589 4.6178 
17.0000 43.0000 4.0000 2.0000 1.0000 -6.6750 8 1.0000 1.0000 0.9640 8.0000 -4.0000 -8.0000 12.0000 0.0000 4.0000 0.5000 0.5000 0.5000 0.5000 0.5000 2.5000 1.8734 4.6260 
17.0000 69.0000 4.0000 4.0000 0.0000 4.4500 2 -1.0000 1.0000 0.9230 -2.0000 6.0000 14.0000 2.0000 10.0000 -6.0000 0.3205 0.3505 0.3805 0.6889 0.7682 2.5086 1.9995 4.7677 
17.0000 42.0000 4.0000 0.0000 0.0000 6.6750 2 -1.0000 1.0000 0.8240 -6.0000 6.0000 10.0000 -10.0000 2.0000 -2.0000 0.4132 0.7955 0.3401 0.4174 0.5311 2.4972 1.8554 4.6065 
17.0000 22.0000 4.0000 -2.0000 0.0000 -6.6750 8 1.0000 1.0000 0.8880 8.0000 0.0000 -12.0000 4.0000 -8.0000 -4.0000 0.4190 0.6278 0.3787 0.5578 0.5187 2.5020 1.9676 4.7113 
17.0000 1.0000 4.0000 -4.0000 1.0000 -6.6750 8 1.0000 1.0000 0.7920 -14.0000 -6.0000 6.0000 -10.0000 2.0000 -2.0000 0.5000 0.5000 0.5000 0.5000 0.5000 2.5000 1.8133 4.5592 
17.0000 31.0000 4.0000 0.0000 1.0000 -2.2250 8 1.0000 1.0000 0.8770 6.0000 -6.0000 -10.0000 10.0000 -2.0000 2.0000 0.5000 0.5000 0.5000 0.5000 0.5000 2.5000 1.8304 4.5758 
17.0000 35.0000 4.0000 0.0000 1.0000 6.6750 2 -1.0000 1.0000 1.2170 6.0000 -2.0000 -6.0000 2.0000 -10.0000 10.0000 0.5000 0.5000 0.5000 0.5000 0.5000 2.5000 1.7785 4.5258 
17.0000 66.0000 4.0000 4.0000 0.0000 -2.2250 8 1.0000 1.0000 1.7770 14.0000 6.0000 -6.0000 10.0000 -2.0000 2.0000 0.3337 0.5479 0.6540 0.5134 0.4596 2.5087 1.9281 4.7013 
17.0000 62.0000 4.0000 4.0000 1.0000 4.4500 2 -1.0000 1.0000 1.0070 -6.0000 2.0000 14.0000 -2.0000 10.0000 6.0000 0.5000 0.5000 0.5000 0.5000 0.5000 2.5000 1.9811 4.7427 
17.0000 44.0000 4.0000 2.0000 1.0000 -4.4500 8 1.0000 1.0000 0.7550 12.0000 4.0000 -8.0000 8.0000 -4.0000 0.0000 0.5000 0.5000 0.5000 0.5000 0.5000 2.5000 1.9920 4.7425 
17.0000 36.0000 4.0000 0.0000 0.0000 -6.6750 8 1.0000 1.0000 0.6870 6.0000 -6.0000 -10.0000 10.0000 -2.0000 2.0000 0.5797 0.4983 0.6161 0.4859 0.3197 2.4997 1.8852 4.6422 
17.0000 48.0000 4.0000 2.0000 1.0000 4.4500 2 -1.0000 1.0000 1.3190 12.0000 4.0000 -8.0000 8.0000 -4.0000 0.0000 0.5000 0.5000 0.5000 0.5000 0.5000 2.5000 1.8386 4.5924 
17.0000 18.0000 4.0000 -2.0000 1.0000 0.0000 8 1.0000 0.0000 1.3910 -8.0000 0.0000 4.0000 -4.0000 8.0000 -12.0000 0.5000 0.5000 0.5000 0.5000 0.5000 2.5000 1.8274 4.5759 
17.0000 9.0000 4.0000 -4.0000 0.0000 -4.4500 8 1.0000 1.0000 1.5900 2.0000 -10.0000 -14.0000 6.0000 -6.0000 -2.0000 0.6847 0.3292 0.3980 0.7769 0.3047 2.4935 1.9689 4.7027 
17.0000 8.0000 4.0000 -4.0000 0.0000 -6.6750 8 1.0000 1.0000 0.6390 6.0000 -2.0000 -10.0000 2.0000 -14.0000 -6.0000 0.5150 0.3389 0.6143 0.5601 0.4695 2.4979 1.7682 4.5070 
17.0000 16.0000 4.0000 -2.0000 1.0000 -4.4500 8 1.0000 1.0000 0.8140 4.0000 -4.0000 -12.0000 0.0000 -8.0000 8.0000 0.5000 0.5000 0.5000 0.5000 0.5000 2.5000 1.9181 4.6594 
17.0000 57.0000 4.0000 4.0000 1.0000 -6.6750 8 1.0000 1.0000 0.7200 10.0000 -2.0000 -6.0000 14.0000 2.0000 6.0000 0.5000 0.5000 0.5000 0.5000 0.5000 2.5000 1.8467 4.6093 
17.0000 25.0000 4.0000 -2.0000 0.0000 0.0000 8 1.0000 0.0000 1.3510 -8.0000 0.0000 8.0000 -4.0000 4.0000 -12.0000 0.5276 0.7031 0.3168 0.3698 0.5828 2.5001 1.8173 4.5759 
17.0000 14.0000 4.0000 -4.0000 0.0000 6.6750 2 -1.0000 1.0000 0.6270 2.0000 -6.0000 -10.0000 -2.0000 -14.0000 6.0000 0.4159 0.5162 0.5802 0.6561 0.3271 2.4955 1.9277 4.6714 
17.0000 46.0000 4.0000 2.0000 1.0000 0.0000 2 -1.0000 0.0000 1.2550 12.0000 4.0000 -8.0000 8.0000 -4.0000 0.0000 0.5000 0.5000 0.5000 0.5000 0.5000 2.5000 1.9809 4.7425 
17.0000 20.0000 4.0000 -2.0000 1.0000 4.4500 2 -1.0000 1.0000 1.1540 8.0000 -4.0000 -8.0000 0.0000 -12.0000 4.0000 0.5000 0.5000 0.5000 0.5000 0.5000 2.5000 1.7607 4.5092 
17.0000 29.0000 4.0000 0.0000 1.0000 -6.6750 8 1.0000 1.0000 0.7120 -6.0000 6.0000 10.0000 -10.0000 2.0000 -2.0000 0.5000 0.5000 0.5000 0.5000 0.5000 2.5000 1.8560 4.6093 
17.0000 12.0000 4.0000 -4.0000 0.0000 2.2250 2 -1.0000 1.0000 1.8970 6.0000 -2.0000 -14.0000 2.0000 -10.0000 -6.0000 0.4888 0.3308 0.6506 0.4774 0.5430 2.4906 1.8299 4.5665 
17.0000 5.0000 4.0000 -4.0000 1.0000 2.2250 8 1.0000 0.0000 2.1610 -14.0000 -6.0000 6.0000 -10.0000 2.0000 -2.0000 0.5000 0.5000 0.5000 0.5000 0.5000 2.5000 1.8083 4.5592 
17.0000 58.0000 4.0000 4.0000 1.0000 -4.4500 8 1.0000 1.0000 0.9920 -2.0000 6.0000 10.0000 2.0000 14.0000 -6.0000 0.5000 0.5000 0.5000 0.5000 0.5000 2.5000 1.9996 4.7426 
17.0000 65.0000 4.0000 4.0000 0.0000 -4.4500 8 1.0000 1.0000 1.4440 6.0000 -2.0000 -6.0000 14.0000 2.0000 10.0000 0.5984 0.4394 0.4025 0.6701 0.3969 2.5074 1.8117 4.5832 
17.0000 7.0000 4.0000 -4.0000 1.0000 6.6750 2 -1.0000 1.0000 0.8170 -10.0000 -2.0000 6.0000 -6.0000 2.0000 -14.0000 0.5000 0.5000 0.5000 0.5000 0.5000 2.5000 1.7736 4.5258 
17.0000 39.0000 4.0000 0.0000 0.0000 0.0000 8 1.0000 0.0000 0.7580 -10.0000 2.0000 6.0000 -2.0000 10.0000 -6.0000 0.3709 0.5726 0.3912 0.7380 0.4232 2.4960 1.9960 4.7386 
17.0000 45.0000 4.0000 2.0000 1.0000 -2.2250 8 1.0000 1.0000 0.8190 8.0000 0.0000 -4.0000 4.0000 -8.0000 12.0000 0.5000 0.5000 0.5000 0.5000 0.5000 2.5000 1.8634 4.6092 
17.0000 23.0000 4.0000 -2.0000 0.0000 -4.4500 2 -1.0000 0.0000 1.7350 8.0000 -4.0000 -12.0000 0.0000 -8.0000 4.0000 0.4815 0.4430 0.5190 0.4504 0.6108 2.5047 1.7998 4.5639 
17.0000 50.0000 4.0000 2.0000 0.0000 -6.6750 8 1.0000 1.0000 0.6150 -8.0000 0.0000 12.0000 -4.0000 8.0000 4.0000 0.6450 0.4951 0.3022 0.4513 0.5990 2.4926 1.7647 4.5017 
17.0000 2.0000 4.0000 -4.0000 1.0000 -4.4500 8 1.0000 1.0000 0.6250 -10.0000 -2.0000 6.0000 -6.0000 2.0000 -14.0000 0.5000 0.5000 0.5000 0.5000 0.5000 2.5000 1.9292 4.6759 
17.0000 47.0000 4.0000 2.0000 1.0000 2.2250 2 -1.0000 1.0000 1.0350 -8.0000 0.0000 8.0000 -4.0000 12.0000 4.0000 0.5000 0.5000 0.5000 0.5000 0.5000 2.5000 1.8528 4.5925 
17.0000 54.0000 4.0000 2.0000 0.0000 2.2250 2 -1.0000 1.0000 1.8680 -4.0000 8.0000 12.0000 -8.0000 4.0000 0.0000 0.4502 0.6888 0.5510 0.4772 0.3425 2.5096 1.8733 4.6188 
17.0000 49.0000 4.0000 2.0000 1.0000 6.6750 2 -1.0000 1.0000 0.9040 -4.0000 4.0000 8.0000 0.0000 12.0000 -8.0000 0.5000 0.5000 0.5000 0.5000 0.5000 2.5000 1.9715 4.7260 
17.0000 37.0000 4.0000 0.0000 0.0000 -4.4500 8 1.0000 1.0000 0.7460 10.0000 -2.0000 -6.0000 2.0000 -10.0000 6.0000 0.3661 0.5655 0.4677 0.6706 0.4370 2.5069 1.9149 4.6827 
17.0000 38.0000 4.0000 0.0000 0.0000 -2.2250 8 1.0000 1.0000 0.9660 -10.0000 -2.0000 10.0000 -6.0000 6.0000 2.0000 0.3905 0.3381 0.7219 0.3322 0.7209 2.5034 1.8782 4.6293 
17.0000 15.0000 4.0000 -2.0000 1.0000 -6.6750 8 1.0000 1.0000 1.2870 -8.0000 0.0000 8.0000 -4.0000 4.0000 -12.0000 0.5000 0.5000 0.5000 0.5000 0.5000 2.5000 1.9248 4.6759 
17.0000 20.0000 5.0000 -2.0000 1.0000 4.4500 2 -1.0000 1.0000 1.3090 8.0000 0.0000 -8.0000 4.0000 -12.0000 -4.0000 0.5000 0.5000 0.5000 0.5000 0.5000 2.5000 1.8041 4.5591 
17.0000 63.0000 5.0000 4.0000 1.0000 6.6750 2 -1.0000 1.0000 0.5830 -6.0000 2.0000 14.0000 -2.0000 10.0000 6.0000 0.5000 0.5000 0.5000 0.5000 0.5000 2.5000 1.9136 4.6760 
17.0000 13.0000 5.0000 -4.0000 0.0000 4.4500 2 -1.0000 1.0000 1.0820 2.0000 -6.0000 -14.0000 -2.0000 -10.0000 6.0000 0.6663 0.6253 0.4942 0.3004 0.4196 2.5057 1.8517 4.6148 
17.0000 62.0000 5.0000 4.0000 1.0000 4.4500 2 -1.0000 1.0000 1.0150 -6.0000 6.0000 10.0000 2.0000 14.0000 -2.0000 0.5000 0.5000 0.5000 0.5000 0.5000 2.5000 1.9439 4.6926 
17.0000 39.0000 5.0000 0.0000 0.0000 0.0000 2 -1.0000 0.0000 0.5810 -6.0000 6.0000 10.0000 -10.0000 2.0000 -2.0000 0.4459 0.7556 0.3499 0.6418 0.3150 2.5081 1.9387 4.7007 
17.0000 14.0000 5.0000 -4.0000 0.0000 6.6750 2 -1.0000 1.0000 0.4550 -14.0000 -6.0000 6.0000 -10.0000 2.0000 -2.0000 0.3111 0.6581 0.3078 0.7684 0.4530 2.4984 1.9301 4.6743 
17.0000 32.0000 5.0000 0.0000 1.0000 0.0000 2 -1.0000 0.0000 1.7660 -10.0000 2.0000 10.0000 -2.0000 6.0000 -6.0000 0.5000 0.5000 0.5000 0.5000 0.5000 2.5000 1.9020 4.6425 
17.0000 25.0000 5.0000 -2.0000 0.0000 0.0000 8 1.0000 0.0000 0.6840 -12.0000 0.0000 8.0000 -4.0000 4.0000 -8.0000 0.5623 0.5071 0.7718 0.3585 0.3008 2.5006 1.8361 4.5763 
17.0000 9.0000 5.0000 -4.0000 0.0000 -4.4500 8 1.0000 1.0000 0.6950 -2.0000 -10.0000 -14.0000 6.0000 -6.0000 2.0000 0.3918 0.6579 0.7031 0.4378 0.3081 2.4986 1.7949 4.5411 
17.0000 60.0000 5.0000 4.0000 1.0000 0.0000 2 -1.0000 0.0000 0.5110 14.0000 2.0000 -2.0000 6.0000 -6.0000 10.0000 0.5000 0.5000 0.5000 0.5000 0.5000 2.5000 1.8276 4.5759 
17.0000 35.0000 5.0000 0.0000 1.0000 6.6750 2 -1.0000 1.0000 0.4850 10.0000 -2.0000 -10.0000 2.0000 -6.0000 6.0000 0.5000 0.5000 0.5000 0.5000 0.5000 2.5000 1.8912 4.6425 
17.0000 40.0000 5.0000 0.0000 0.0000 2.2250 8 1.0000 0.0000 0.8550 10.0000 -2.0000 -6.0000 2.0000 -10.0000 6.0000 0.5301 0.5880 0.4438 0.6375 0.3102 2.5097 1.7578 4.5188 
17.0000 29.0000 5.0000 0.0000 1.0000 -6.6750 8 1.0000 1.0000 0.7890 -10.0000 2.0000 6.0000 -2.0000 10.0000 -6.0000 0.5000 0.5000 0.5000 0.5000 0.5000 2.5000 1.9336 4.6926 
17.0000 8.0000 5.0000 -4.0000 0.0000 -6.6750 8 1.0000 1.0000 0.7360 -14.0000 -6.0000 6.0000 -10.0000 2.0000 -2.0000 0.5782 0.3539 0.4671 0.5373 0.5635 2.5001 1.8273 4.5760 
17.0000 44.0000 5.0000 2.0000 1.0000 -4.4500 8 1.0000 1.0000 0.7030 -4.0000 4.0000 8.0000 0.0000 12.0000 -8.0000 0.5000 0.5000 0.5000 0.5000 0.5000 2.5000 1.8226 4.5759 
17.0000 59.0000 5.0000 4.0000 1.0000 -2.2250 2 -1.0000 0.0000 1.2670 -6.0000 2.0000 14.0000 -2.0000 10.0000 6.0000 0.5000 0.5000 0.5000 0.5000 0.5000 2.5000 1.7556 4.5091 
17.0000 6.0000 5.0000 -4.0000 1.0000 4.4500 2 -1.0000 1.0000 0.9270 2.0000 -6.0000 -10.0000 -2.0000 -14.0000 6.0000 0.5000 0.5000 0.5000 0.5000 0.5000 2.5000 1.7714 4.5258 
17.0000 70.0000 5.0000 4.0000 0.0000 6.6750 2 -1.0000 1.0000 0.7090 10.0000 2.0000 -2.0000 6.0000 -6.0000 14.0000 0.6861 0.4186 0.4999 0.3570 0.5431 2.5046 1.8670 4.6138 
17.0000 51.0000 5.0000 2.0000 0.0000 -4.4500 8 1.0000 1.0000 1.0270 -4.0000 8.0000 12.0000 -8.0000 4.0000 0.0000 0.3227 0.4812 0.6964 0.6042 0.3998 2.5043 1.9280 4.6802 
17.0000 50.0000 5.0000 2.0000 0.0000 -6.6750 8 1.0000 1.0000 1.6720 4.0000 -4.0000 -8.0000 12.0000 0.0000 8.0000 0.5362 0.6972 0.3005 0.5101 0.4525 2.4965 1.9516 4.7059 
17.0000 21.0000 5.0000 -2.0000 1.0000 6.6750 2 -1.0000 1.0000 0.6690 8.0000 -4.0000 -8.0000 0.0000 -12.0000 4.0000 0.5000 0.5000 0.5000 0.5000 0.5000 2.5000 1.8782 4.6426 
17.0000 52.0000 5.0000 2.0000 0.0000 -2.2250 8 1.0000 1.0000 0.7830 -8.0000 0.0000 12.0000 -4.0000 8.0000 4.0000 0.3567 0.7141 0.4766 0.3722 0.5860 2.5057 1.8359 4.5983 
17.0000 58.0000 5.0000 4.0000 1.0000 -4.4500 8 1.0000 1.0000 1.1880 2.0000 10.0000 14.0000 -6.0000 6.0000 -2.0000 0.5000 0.5000 0.5000 0.5000 0.5000 2.5000 1.8177 4.5758 
17.0000 33.0000 5.0000 0.0000 1.0000 2.2250 2 -1.0000 1.0000 0.9550 -10.0000 -2.0000 6.0000 -6.0000 10.0000 2.0000 0.5000 0.5000 0.5000 0.5000 0.5000 2.5000 1.9443 4.6927 
17.0000 27.0000 5.0000 -2.0000 0.0000 4.4500 2 -1.0000 1.0000 1.5770 8.0000 -4.0000 -12.0000 0.0000 -8.0000 4.0000 0.4171 0.5360 0.6632 0.3014 0.5743 2.4920 1.9253 4.6681 
17.0000 5.0000 5.0000 -4.0000 1.0000 2.2250 8 1.0000 0.0000 1.0750 -14.0000 -2.0000 6.0000 -6.0000 2.0000 -10.0000 0.5000 0.5000 0.5000 0.5000 0.5000 2.5000 1.8671 4.6092 
17.0000 18.0000 5.0000 -2.0000 1.0000 0.0000 2 -1.0000 0.0000 0.9890 4.0000 -8.0000 -12.0000 8.0000 -4.0000 0.0000 0.5000 0.5000 0.5000 0.5000 0.5000 2.5000 1.7851 4.5258 
17.0000 36.0000 5.0000 0.0000 0.0000 -6.6750 8 1.0000 1.0000 0.7570 -6.0000 2.0000 6.0000 -2.0000 10.0000 -10.0000 0.6598 0.3734 0.4554 0.6939 0.3211 2.5036 1.8004 4.5460 
17.0000 66.0000 5.0000 4.0000 0.0000 -2.2250 2 -1.0000 0.0000 0.8640 -2.0000 6.0000 14.0000 2.0000 10.0000 -6.0000 0.3934 0.7614 0.3428 0.5786 0.4195 2.4957 1.8779 4.6381 
17.0000 57.0000 5.0000 4.0000 1.0000 -6.6750 8 1.0000 1.0000 1.4510 14.0000 2.0000 -2.0000 6.0000 -6.0000 10.0000 0.5000 0.5000 0.5000 0.5000 0.5000 2.5000 1.9868 4.7428 
17.0000 42.0000 5.0000 0.0000 0.0000 6.6750 2 -1.0000 1.0000 0.6940 6.0000 -2.0000 -6.0000 2.0000 -10.0000 10.0000 0.6396 0.4850 0.3593 0.6220 0.3990 2.5049 1.7907 4.5473 
17.0000 1.0000 5.0000 -4.0000 1.0000 -6.6750 8 1.0000 1.0000 0.9700 -2.0000 -10.0000 -14.0000 6.0000 -6.0000 2.0000 0.5000 0.5000 0.5000 0.5000 0.5000 2.5000 1.9485 4.7092 
17.0000 23.0000 5.0000 -2.0000 0.0000 -4.4500 8 1.0000 1.0000 0.9280 4.0000 -8.0000 -12.0000 8.0000 -4.0000 0.0000 0.4096 0.4427 0.3238 0.5514 0.7682 2.4958 1.7868 4.5383 
17.0000 3.0000 5.0000 -4.0000 1.0000 -2.2250 8 1.0000 1.0000 0.8660 2.0000 -6.0000 -14.0000 -2.0000 -10.0000 6.0000 0.5000 0.5000 0.5000 0.5000 0.5000 2.5000 1.9781 4.7259 
17.0000 16.0000 5.0000 -2.0000 1.0000 -4.4500 8 1.0000 1.0000 1.5460 -8.0000 0.0000 8.0000 -4.0000 4.0000 -12.0000 0.5000 0.5000 0.5000 0.5000 0.5000 2.5000 1.8842 4.6260 
17.0000 46.0000 5.0000 2.0000 1.0000 0.0000 8 1.0000 0.0000 2.4540 12.0000 4.0000 -8.0000 8.0000 -4.0000 0.0000 0.5000 0.5000 0.5000 0.5000 0.5000 2.5000 1.9188 4.6592 
17.0000 31.0000 5.0000 0.0000 1.0000 -2.2250 8 1.0000 1.0000 0.6900 10.0000 2.0000 -6.0000 6.0000 -10.0000 -2.0000 0.5000 0.5000 0.5000 0.5000 0.5000 2.5000 1.7703 4.5091 
17.0000 61.0000 5.0000 4.0000 1.0000 2.2250 2 -1.0000 1.0000 0.8200 10.0000 2.0000 -2.0000 6.0000 -6.0000 14.0000 0.5000 0.5000 0.5000 0.5000 0.5000 2.5000 1.9735 4.7259 
17.0000 26.0000 5.0000 -2.0000 0.0000 2.2250 2 -1.0000 1.0000 1.4020 8.0000 -4.0000 -12.0000 0.0000 -8.0000 4.0000 0.5243 0.5962 0.3441 0.5445 0.4890 2.4981 1.9682 4.7242 
17.0000 22.0000 5.0000 -2.0000 0.0000 -6.6750 8 1.0000 1.0000 0.5900 -12.0000 -4.0000 8.0000 -8.0000 4.0000 0.0000 0.3029 0.4127 0.7201 0.4896 0.5833 2.5086 1.7568 4.5178 
17.0000 11.0000 5.0000 -4.0000 0.0000 0.0000 8 1.0000 0.0000 0.7650 -14.0000 -6.0000 2.0000 -10.0000 6.0000 -2.0000 0.5017 0.5748 0.4064 0.5752 0.4362 2.4943 1.7787 4.5202 
17.0000 53.0000 5.0000 2.0000 0.0000 0.0000 2 -1.0000 0.0000 1.7350 8.0000 0.0000 -4.0000 4.0000 -8.0000 12.0000 0.3215 0.5454 0.7332 0.3870 0.5072 2.4944 1.9108 4.6537 
17.0000 47.0000 5.0000 2.0000 1.0000 2.2250 2 -1.0000 1.0000 0.7040 8.0000 0.0000 -4.0000 4.0000 -8.0000 12.0000 0.5000 0.5000 0.5000 0.5000 0.5000 2.5000 1.7807 4.5258 
17.0000 12.0000 5.0000 -4.0000 0.0000 2.2250 2 -1.0000 1.0000 1.8250 -14.0000 -2.0000 6.0000 -6.0000 2.0000 -10.0000 0.6146 0.6420 0.3614 0.4583 0.4228 2.4991 1.8459 4.5917 
17.0000 55.0000 5.0000 2.0000 0.0000 4.4500 2 -1.0000 1.0000 0.9200 4.0000 -4.0000 -8.0000 12.0000 0.0000 8.0000 0.5418 0.6649 0.4777 0.3214 0.5004 2.5062 1.7507 4.4985 
17.0000 19.0000 5.0000 -2.0000 1.0000 2.2250 2 -1.0000 1.0000 1.2650 8.0000 0.0000 -8.0000 4.0000 -12.0000 -4.0000 0.5000 0.5000 0.5000 0.5000 0.5000 2.5000 1.9638 4.7094 
17.0000 67.0000 5.0000 4.0000 0.0000 0.0000 2 -1.0000 0.0000 0.8670 14.0000 6.0000 -6.0000 10.0000 -2.0000 2.0000 0.4987 0.3851 0.6755 0.6116 0.3373 2.5084 1.7981 4.5677 
17.0000 64.0000 5.0000 4.0000 0.0000 -6.6750 8 1.0000 1.0000 1.0820 6.0000 -2.0000 -6.0000 14.0000 2.0000 10.0000 0.3957 0.6332 0.7046 0.4018 0.3640 2.4993 1.8708 4.6251 
17.0000 17.0000 5.0000 -2.0000 1.0000 -2.2250 8 1.0000 1.0000 1.3230 8.0000 -4.0000 -8.0000 0.0000 -12.0000 4.0000 0.5000 0.5000 0.5000 0.5000 0.5000 2.5000 1.8379 4.5926 
17.0000 43.0000 5.0000 2.0000 1.0000 -6.6750 8 1.0000 1.0000 0.7050 12.0000 4.0000 -4.0000 8.0000 -8.0000 0.0000 0.5000 0.5000 0.5000 0.5000 0.5000 2.5000 1.8303 4.5758 
17.0000 15.0000 5.0000 -2.0000 1.0000 -6.6750 8 1.0000 1.0000 0.9190 -12.0000 -4.0000 4.0000 -8.0000 8.0000 0.0000 0.5000 0.5000 0.5000 0.5000 0.5000 2.5000 1.9148 4.6591 
17.0000 49.0000 5.0000 2.0000 1.0000 6.6750 2 -1.0000 1.0000 1.2620 12.0000 4.0000 -8.0000 8.0000 -4.0000 0.0000 0.5000 0.5000 0.5000 0.5000 0.5000 2.5000 1.8523 4.6093 
17.0000 30.0000 5.0000 0.0000 1.0000 -4.4500 8 1.0000 1.0000 1.0770 -6.0000 2.0000 6.0000 -2.0000 10.0000 -10.0000 0.5000 0.5000 0.5000 0.5000 0.5000 2.5000 1.8719 4.6258 
17.0000 41.0000 5.0000 0.0000 0.0000 4.4500 2 -1.0000 1.0000 0.9770 -2.0000 6.0000 10.0000 -10.0000 2.0000 -6.0000 0.7515 0.4135 0.4825 0.5415 0.3200 2.5090 1.8026 4.5515 
17.0000 45.0000 5.0000 2.0000 1.0000 -2.2250 8 1.0000 1.0000 1.0770 -8.0000 4.0000 8.0000 0.0000 12.0000 -4.0000 0.5000 0.5000 0.5000 0.5000 0.5000 2.5000 1.8338 4.5758 
17.0000 69.0000 5.0000 4.0000 0.0000 4.4500 2 -1.0000 1.0000 0.8390 -6.0000 2.0000 14.0000 -2.0000 10.0000 6.0000 0.3015 0.5842 0.5266 0.4470 0.6373 2.4966 1.8584 4.6059 
17.0000 28.0000 5.0000 -2.0000 0.0000 6.6750 2 -1.0000 1.0000 1.8070 4.0000 -8.0000 -12.0000 8.0000 -4.0000 0.0000 0.7758 0.3686 0.4987 0.3572 0.4939 2.4943 1.8474 4.6036 
17.0000 56.0000 5.0000 2.0000 0.0000 6.6750 2 -1.0000 1.0000 1.2210 12.0000 0.0000 -4.0000 4.0000 -8.0000 8.0000 0.5881 0.3976 0.5554 0.4464 0.5120 2.4995 1.7560 4.5088 
17.0000 37.0000 5.0000 0.0000 0.0000 -4.4500 8 1.0000 1.0000 0.7220 10.0000 2.0000 -10.0000 6.0000 -6.0000 -2.0000 0.3228 0.4306 0.6767 0.4794 0.5934 2.5028 1.8237 4.5786 
17.0000 68.0000 5.0000 4.0000 0.0000 2.2250 2 -1.0000 1.0000 0.8740 2.0000 10.0000 14.0000 -6.0000 6.0000 -2.0000 0.4489 0.5565 0.6810 0.3451 0.4708 2.5023 1.8113 4.5616 
17.0000 7.0000 5.0000 -4.0000 1.0000 6.6750 2 -1.0000 1.0000 0.8110 2.0000 -6.0000 -14.0000 -2.0000 -10.0000 6.0000 0.5000 0.5000 0.5000 0.5000 0.5000 2.5000 1.9955 4.7428 
17.0000 34.0000 5.0000 0.0000 1.0000 4.4500 2 -1.0000 1.0000 2.1950 -6.0000 6.0000 10.0000 -10.0000 2.0000 -2.0000 0.5000 0.5000 0.5000 0.5000 0.5000 2.5000 1.7816 4.5258 
17.0000 65.0000 5.0000 4.0000 0.0000 -4.4500 2 -1.0000 0.0000 1.7290 14.0000 2.0000 -6.0000 6.0000 -2.0000 10.0000 0.4413 0.5787 0.6252 0.3643 0.4938 2.5033 1.9336 4.6792 
17.0000 38.0000 5.0000 0.0000 0.0000 -2.2250 8 1.0000 1.0000 1.5330 -10.0000 2.0000 6.0000 -2.0000 10.0000 -6.0000 0.6112 0.4859 0.3260 0.5589 0.5102 2.4921 1.7511 4.4846 
17.0000 10.0000 5.0000 -4.0000 0.0000 -2.2250 8 1.0000 1.0000 0.8450 -14.0000 -6.0000 2.0000 -10.0000 6.0000 -2.0000 0.5370 0.4100 0.3082 0.4966 0.7430 2.4948 1.7872 4.5373 
17.0000 54.0000 5.0000 2.0000 0.0000 2.2250 2 -1.0000 1.0000 0.8090 -8.0000 4.0000 12.0000 0.0000 8.0000 -4.0000 0.4151 0.6155 0.4500 0.5868 0.4423 2.5097 1.7893 4.5521 
17.0000 48.0000 5.0000 2.0000 1.0000 4.4500 2 -1.0000 1.0000 1.9520 -8.0000 0.0000 8.0000 -4.0000 12.0000 4.0000 0.5000 0.5000 0.5000 0.5000 0.5000 2.5000 1.9266 4.6760 
17.0000 4.0000 5.0000 -4.0000 1.0000 0.0000 8 1.0000 0.0000 1.3770 -10.0000 -2.0000 2.0000 -6.0000 6.0000 -14.0000 0.5000 0.5000 0.5000 0.5000 0.5000 2.5000 1.9432 4.6926 
17.0000 24.0000 5.0000 -2.0000 0.0000 -2.2250 8 1.0000 1.0000 0.8280 0.0000 -8.0000 -12.0000 8.0000 -4.0000 4.0000 0.3497 0.3955 0.4360 0.6728 0.6437 2.4976 1.9011 4.6568 
17.0000 2.0000 5.0000 -4.0000 1.0000 -4.4500 8 1.0000 1.0000 0.7280 -10.0000 -2.0000 2.0000 -6.0000 6.0000 -14.0000 0.5000 0.5000 0.5000 0.5000 0.5000 2.5000 1.8128 4.5591 
17.0000 36.0000 6.0000 0.0000 0.0000 -6.6750 8 1.0000 1.0000 0.6520 -6.0000 2.0000 10.0000 -2.0000 6.0000 -10.0000 0.5215 0.3625 0.7991 0.4701 0.3532 2.5063 1.8484 4.5989 
17.0000 69.0000 6.0000 4.0000 0.0000 4.4500 2 -1.0000 1.0000 0.6570 -6.0000 6.0000 14.0000 2.0000 10.0000 -2.0000 0.4218 0.3087 0.6610 0.7131 0.3924 2.4970 1.9341 4.6730 
17.0000 24.0000 6.0000 -2.0000 0.0000 -2.2250 8 1.0000 1.0000 0.5350 -12.0000 -4.0000 4.0000 -8.0000 8.0000 0.0000 0.4139 0.5369 0.6864 0.4675 0.3870 2.4918 1.7711 4.5176 
17.0000 32.0000 6.0000 0.0000 1.0000 0.0000 2 -1.0000 0.0000 1.8880 -10.0000 -2.0000 6.0000 -6.0000 10.0000 2.0000 0.5000 0.5000 0.5000 0.5000 0.5000 2.5000 1.7607 4.5091 
17.0000 15.0000 6.0000 -2.0000 1.0000 -6.6750 8 1.0000 1.0000 0.5870 4.0000 -4.0000 -12.0000 0.0000 -8.0000 8.0000 0.5000 0.5000 0.5000 0.5000 0.5000 2.5000 1.8148 4.5591 
17.0000 39.0000 6.0000 0.0000 0.0000 0.0000 8 1.0000 0.0000 1.3450 -6.0000 2.0000 10.0000 -2.0000 6.0000 -10.0000 0.6300 0.7398 0.4185 0.3302 0.3862 2.5045 1.9363 4.6971 
17.0000 65.0000 6.0000 4.0000 0.0000 -4.4500 8 1.0000 1.0000 1.1120 -2.0000 6.0000 10.0000 2.0000 14.0000 -6.0000 0.5701 0.3560 0.4215 0.5137 0.6308 2.4922 1.8285 4.5848 
17.0000 42.0000 6.0000 0.0000 0.0000 6.6750 2 -1.0000 1.0000 0.6870 10.0000 -2.0000 -6.0000 2.0000 -10.0000 6.0000 0.5594 0.5025 0.6926 0.3301 0.4163 2.5010 1.9998 4.7603 
17.0000 5.0000 6.0000 -4.0000 1.0000 2.2250 2 -1.0000 1.0000 1.8490 6.0000 -6.0000 -10.0000 -2.0000 -14.0000 2.0000 0.5000 0.5000 0.5000 0.5000 0.5000 2.5000 1.8451 4.5925 
17.0000 40.0000 6.0000 0.0000 0.0000 2.2250 2 -1.0000 1.0000 0.7810 10.0000 2.0000 -10.0000 6.0000 -6.0000 -2.0000 0.5953 0.4485 0.3288 0.7477 0.3856 2.5058 1.9209 4.6817 
17.0000 44.0000 6.0000 2.0000 1.0000 -4.4500 8 1.0000 1.0000 0.4910 -4.0000 4.0000 8.0000 0.0000 12.0000 -8.0000 0.5000 0.5000 0.5000 0.5000 0.5000 2.5000 1.8278 4.5759 
17.0000 2.0000 6.0000 -4.0000 1.0000 -4.4500 8 1.0000 1.0000 0.6700 -10.0000 -2.0000 2.0000 -6.0000 6.0000 -14.0000 0.5000 0.5000 0.5000 0.5000 0.5000 2.5000 1.7754 4.5259 
17.0000 10.0000 6.0000 -4.0000 0.0000 -2.2250 8 1.0000 1.0000 0.8210 2.0000 -6.0000 -14.0000 -2.0000 -10.0000 6.0000 0.5298 0.6072 0.3565 0.5186 0.4785 2.4908 1.9069 4.6499 
17.0000 4.0000 6.0000 -4.0000 1.0000 0.0000 8 1.0000 0.0000 0.7470 -10.0000 -2.0000 2.0000 -6.0000 6.0000 -14.0000 0.5000 0.5000 0.5000 0.5000 0.5000 2.5000 1.9929 4.7425 
17.0000 6.0000 6.0000 -4.0000 1.0000 4.4500 2 -1.0000 1.0000 1.0050 2.0000 -6.0000 -14.0000 -2.0000 -10.0000 6.0000 0.5000 0.5000 0.5000 0.5000 0.5000 2.5000 1.7710 4.5092 
17.0000 34.0000 6.0000 0.0000 1.0000 4.4500 2 -1.0000 1.0000 0.8530 -10.0000 2.0000 6.0000 -2.0000 10.0000 -6.0000 0.5000 0.5000 0.5000 0.5000 0.5000 2.5000 1.9076 4.6592 
17.0000 20.0000 6.0000 -2.0000 1.0000 4.4500 2 -1.0000 1.0000 1.0350 -8.0000 0.0000 4.0000 -4.0000 8.0000 -12.0000 0.5000 0.5000 0.5000 0.5000 0.5000 2.5000 1.8620 4.6259 
17.0000 41.0000 6.0000 0.0000 0.0000 4.4500 2 -1.0000 1.0000 1.2140 6.0000 -2.0000 -10.0000 2.0000 -6.0000 10.0000 0.3368 0.5018 0.5450 0.7080 0.4178 2.5094 1.8484 4.6185 
17.0000 30.0000 6.0000 0.0000 1.0000 -4.4500 8 1.0000 1.0000 0.5810 -10.0000 2.0000 6.0000 -2.0000 10.0000 -6.0000 0.5000 0.5000 0.5000 0.5000 0.5000 2.5000 1.9274 4.6760 
17.0000 28.0000 6.0000 -2.0000 0.0000 6.6750 2 -1.0000 1.0000 0.7400 -12.0000 0.0000 4.0000 -4.0000 8.0000 -8.0000 0.4197 0.6222 0.4960 0.5970 0.3590 2.4939 1.9948 4.7365 
17.0000 3.0000 6.0000 -4.0000 1.0000 -2.2250 8 1.0000 1.0000 0.6570 6.0000 -6.0000 -10.0000 -2.0000 -14.0000 2.0000 0.5000 0.5000 0.5000 0.5000 0.5000 2.5000 1.9010 4.6427 
17.0000 64.0000 6.0000 4.0000 0.0000 -6.6750 2 -1.0000 0.0000 1.9640 10.0000 2.0000 -2.0000 6.0000 -6.0000 14.0000 0.4072 0.4381 0.5927 0.4940 0.5660 2.4980 1.9630 4.7072 
17.0000 8.0000 6.0000 -4.0000 0.0000 -6.6750 8 1.0000 1.0000 0.6890 -10.0000 -2.0000 6.0000 -6.0000 2.0000 -14.0000 0.7698 0.4428 0.3717 0.5203 0.4025 2.5071 1.8650 4.6163 
17.0000 46.0000 6.0000 2.0000 1.0000 0.0000 2 -1.0000 0.0000 1.5860 8.0000 -4.0000 -8.0000 12.0000 0.0000 4.0000 0.5000 0.5000 0.5000 0.5000 0.5000 2.5000 1.7808 4.5258 
17.0000 9.0000 6.0000 -4.0000 0.0000 -4.4500 8 1.0000 1.0000 0.8880 -14.0000 -2.0000 2.0000 -6.0000 6.0000 -10.0000 0.3496 0.7019 0.6664 0.3724 0.4100 2.5002 1.8025 4.5594 
17.0000 43.0000 6.0000 2.0000 1.0000 -6.6750 8 1.0000 1.0000 0.8930 -4.0000 4.0000 12.0000 0.0000 8.0000 -8.0000 0.5000 0.5000 0.5000 0.5000 0.5000 2.5000 1.8953 4.6592 
17.0000 53.0000 6.0000 2.0000 0.0000 0.0000 2 -1.0000 0.0000 1.6370 12.0000 4.0000 -8.0000 8.0000 -4.0000 0.0000 0.3957 0.3568 0.5890 0.5435 0.6171 2.5021 1.8236 4.5779 
17.0000 38.0000 6.0000 0.0000 0.0000 -2.2250 8 1.0000 1.0000 1.8710 -6.0000 2.0000 10.0000 -2.0000 6.0000 -10.0000 0.4044 0.4668 0.4363 0.7138 0.4760 2.4972 1.8706 4.6230 
17.0000 59.0000 6.0000 4.0000 1.0000 -2.2250 8 1.0000 1.0000 2.6590 -2.0000 6.0000 14.0000 2.0000 10.0000 -6.0000 0.5000 0.5000 0.5000 0.5000 0.5000 2.5000 1.9084 4.6593 
17.0000 16.0000 6.0000 -2.0000 1.0000 -4.4500 8 1.0000 1.0000 0.9080 8.0000 -4.0000 -8.0000 0.0000 -12.0000 4.0000 0.5000 0.5000 0.5000 0.5000 0.5000 2.5000 1.8851 4.6259 
17.0000 37.0000 6.0000 0.0000 0.0000 -4.4500 8 1.0000 1.0000 0.6620 -10.0000 2.0000 10.0000 -2.0000 6.0000 -6.0000 0.3778 0.6171 0.7323 0.4473 0.3338 2.5083 1.8069 4.5674 
17.0000 56.0000 6.0000 2.0000 0.0000 6.6750 2 -1.0000 1.0000 0.5740 12.0000 0.0000 -4.0000 4.0000 -8.0000 8.0000 0.3212 0.4990 0.6866 0.3476 0.6536 2.5079 1.8884 4.6339 
17.0000 33.0000 6.0000 0.0000 1.0000 2.2250 2 -1.0000 1.0000 2.4690 10.0000 2.0000 -6.0000 6.0000 -10.0000 -2.0000 0.5000 0.5000 0.5000 0.5000 0.5000 2.5000 1.9421 4.6926 
17.0000 52.0000 6.0000 2.0000 0.0000 -2.2250 8 1.0000 1.0000 1.3980 8.0000 0.0000 -8.0000 4.0000 -4.0000 12.0000 0.4336 0.6148 0.4469 0.6785 0.3348 2.5086 1.9801 4.7512 
17.0000 22.0000 6.0000 -2.0000 0.0000 -6.6750 8 1.0000 1.0000 0.6300 -12.0000 -4.0000 4.0000 -8.0000 8.0000 0.0000 0.7567 0.3479 0.4588 0.5617 0.3786 2.5036 1.9085 4.6630 
17.0000 49.0000 6.0000 2.0000 1.0000 6.6750 2 -1.0000 1.0000 0.9770 12.0000 0.0000 -4.0000 4.0000 -8.0000 8.0000 0.5000 0.5000 0.5000 0.5000 0.5000 2.5000 1.8430 4.5926 
17.0000 11.0000 6.0000 -4.0000 0.0000 0.0000 8 1.0000 0.0000 0.7180 -2.0000 -10.0000 -14.0000 6.0000 -6.0000 2.0000 0.3302 0.5569 0.7108 0.5768 0.3186 2.4933 1.8420 4.5859 
17.0000 70.0000 6.0000 4.0000 0.0000 6.6750 2 -1.0000 1.0000 0.8480 -2.0000 6.0000 10.0000 2.0000 14.0000 -6.0000 0.3008 0.6609 0.4148 0.5845 0.5329 2.4940 1.8160 4.5533 
17.0000 62.0000 6.0000 4.0000 1.0000 4.4500 2 -1.0000 1.0000 1.2360 10.0000 -2.0000 -6.0000 14.0000 2.0000 6.0000 0.5000 0.5000 0.5000 0.5000 0.5000 2.5000 1.9481 4.6925 
17.0000 21.0000 6.0000 -2.0000 1.0000 6.6750 2 -1.0000 1.0000 0.8970 -8.0000 4.0000 8.0000 -12.0000 0.0000 -4.0000 0.5000 0.5000 0.5000 0.5000 0.5000 2.5000 1.7583 4.5091 
17.0000 57.0000 6.0000 4.0000 1.0000 -6.6750 8 1.0000 1.0000 1.1770 14.0000 2.0000 -2.0000 6.0000 -6.0000 10.0000 0.5000 0.5000 0.5000 0.5000 0.5000 2.5000 1.8482 4.5924 
17.0000 12.0000 6.0000 -4.0000 0.0000 2.2250 2 -1.0000 1.0000 0.9650 -6.0000 2.0000 6.0000 -14.0000 -2.0000 -10.0000 0.4744 0.3700 0.4712 0.7134 0.4770 2.5061 1.9108 4.6653 
17.0000 58.0000 6.0000 4.0000 1.0000 -4.4500 8 1.0000 1.0000 0.6010 -6.0000 2.0000 14.0000 -2.0000 10.0000 6.0000 0.5000 0.5000 0.5000 0.5000 0.5000 2.5000 1.8059 4.5592 
17.0000 25.0000 6.0000 -2.0000 0.0000 0.0000 8 1.0000 0.0000 1.7380 -12.0000 0.0000 4.0000 -4.0000 8.0000 -8.0000 0.6083 0.6409 0.3872 0.4988 0.3630 2.4981 1.7506 4.5073 
17.0000 26.0000 6.0000 -2.0000 0.0000 2.2250 8 1.0000 0.0000 1.7200 0.0000 -8.0000 -12.0000 8.0000 -4.0000 4.0000 0.6717 0.4093 0.5876 0.3678 0.4666 2.5031 1.8568 4.6123 
17.0000 17.0000 6.0000 -2.0000 1.0000 -2.2250 8 1.0000 1.0000 0.8660 -12.0000 -4.0000 4.0000 -8.0000 8.0000 0.0000 0.5000 0.5000 0.5000 0.5000 0.5000 2.5000 1.9463 4.6925 
17.0000 48.0000 6.0000 2.0000 1.0000 4.4500 2 -1.0000 1.0000 0.6450 12.0000 4.0000 -4.0000 8.0000 -8.0000 0.0000 0.5000 0.5000 0.5000 0.5000 0.5000 2.5000 1.7713 4.5258 
17.0000 13.0000 6.0000 -4.0000 0.0000 4.4500 2 -1.0000 1.0000 1.4550 6.0000 -6.0000 -14.0000 -2.0000 -10.0000 2.0000 0.4063 0.5840 0.4505 0.6181 0.4389 2.4978 1.7977 4.5403 
17.0000 7.0000 6.0000 -4.0000 1.0000 6.6750 2 -1.0000 1.0000 0.7950 -14.0000 -6.0000 6.0000 -10.0000 2.0000 -2.0000 0.5000 0.5000 0.5000 0.5000 0.5000 2.5000 1.7844 4.5258 
17.0000 61.0000 6.0000 4.0000 1.0000 2.2250 2 -1.0000 1.0000 0.8750 -2.0000 6.0000 14.0000 2.0000 10.0000 -6.0000 0.5000 0.5000 0.5000 0.5000 0.5000 2.5000 1.8049 4.5426 
17.0000 67.0000 6.0000 4.0000 0.0000 0.0000 2 -1.0000 0.0000 1.4350 -6.0000 2.0000 10.0000 -2.0000 14.0000 6.0000 0.4598 0.7024 0.3615 0.5394 0.4417 2.5049 1.8650 4.6143 
17.0000 47.0000 6.0000 2.0000 1.0000 2.2250 2 -1.0000 1.0000 0.7720 -8.0000 4.0000 12.0000 0.0000 8.0000 -4.0000 0.5000 0.5000 0.5000 0.5000 0.5000 2.5000 1.8271 4.5926 
17.0000 29.0000 6.0000 0.0000 1.0000 -6.6750 8 1.0000 1.0000 1.0200 -2.0000 6.0000 10.0000 -10.0000 2.0000 -6.0000 0.5000 0.5000 0.5000 0.5000 0.5000 2.5000 1.9539 4.7092 
17.0000 23.0000 6.0000 -2.0000 0.0000 -4.4500 8 1.0000 1.0000 0.9920 -8.0000 0.0000 4.0000 -4.0000 8.0000 -12.0000 0.4750 0.3496 0.4101 0.7018 0.5695 2.5060 1.9857 4.7485 
17.0000 55.0000 6.0000 2.0000 0.0000 4.4500 2 -1.0000 1.0000 0.7710 -8.0000 4.0000 12.0000 0.0000 8.0000 -4.0000 0.6077 0.5469 0.5152 0.4387 0.4015 2.5100 1.8242 4.5858 
17.0000 66.0000 6.0000 4.0000 0.0000 -2.2250 8 1.0000 1.0000 1.6320 14.0000 2.0000 -2.0000 6.0000 -6.0000 10.0000 0.3025 0.6680 0.3621 0.6803 0.4812 2.4941 1.8575 4.6034 
17.0000 60.0000 6.0000 4.0000 1.0000 0.0000 2 -1.0000 0.0000 0.9160 10.0000 2.0000 -2.0000 6.0000 -6.0000 14.0000 0.5000 0.5000 0.5000 0.5000 0.5000 2.5000 1.9979 4.7427 
17.0000 35.0000 6.0000 0.0000 1.0000 6.6750 2 -1.0000 1.0000 0.7930 -6.0000 2.0000 6.0000 -2.0000 10.0000 -10.0000 0.5000 0.5000 0.5000 0.5000 0.5000 2.5000 1.9017 4.6426 
17.0000 14.0000 6.0000 -4.0000 0.0000 6.6750 2 -1.0000 1.0000 0.6570 6.0000 -2.0000 -10.0000 2.0000 -14.0000 -6.0000 0.5860 0.3094 0.5548 0.4834 0.5661 2.4998 1.9973 4.7425 
17.0000 27.0000 6.0000 -2.0000 0.0000 4.4500 2 -1.0000 1.0000 0.4930 8.0000 -4.0000 -8.0000 0.0000 -12.0000 4.0000 0.4153 0.7526 0.4542 0.3646 0.5181 2.5048 1.9470 4.6973 
17.0000 51.0000 6.0000 2.0000 0.0000 -4.4500 8 1.0000 1.0000 1.2130 8.0000 -4.0000 -8.0000 12.0000 0.0000 4.0000 0.5488 0.3742 0.3121 0.7429 0.5243 2.5023 1.9987 4.7616 
17.0000 63.0000 6.0000 4.0000 1.0000 6.6750 2 -1.0000 1.0000 0.4420 14.0000 2.0000 -2.0000 6.0000 -6.0000 10.0000 0.5000 0.5000 0.5000 0.5000 0.5000 2.5000 1.7952 4.5591 
17.0000 18.0000 6.0000 -2.0000 1.0000 0.0000 8 1.0000 0.0000 0.8840 4.0000 -4.0000 -12.0000 0.0000 -8.0000 8.0000 0.5000 0.5000 0.5000 0.5000 0.5000 2.5000 1.8255 4.5759 
17.0000 1.0000 6.0000 -4.0000 1.0000 -6.6750 8 1.0000 1.0000 0.8390 -14.0000 -2.0000 2.0000 -6.0000 6.0000 -10.0000 0.5000 0.5000 0.5000 0.5000 0.5000 2.5000 1.9695 4.7260 
17.0000 31.0000 6.0000 0.0000 1.0000 -2.2250 8 1.0000 1.0000 0.6600 6.0000 -2.0000 -6.0000 2.0000 -10.0000 10.0000 0.5000 0.5000 0.5000 0.5000 0.5000 2.5000 1.9893 4.7426 
17.0000 50.0000 6.0000 2.0000 0.0000 -6.6750 8 1.0000 1.0000 1.0480 8.0000 -4.0000 -8.0000 12.0000 0.0000 4.0000 0.4887 0.4317 0.3691 0.7764 0.4304 2.4962 1.9660 4.7055 
17.0000 54.0000 6.0000 2.0000 0.0000 2.2250 8 1.0000 0.0000 1.0190 12.0000 0.0000 -4.0000 4.0000 -8.0000 8.0000 0.7780 0.5121 0.3058 0.5040 0.3981 2.4979 1.7971 4.5404 
17.0000 19.0000 6.0000 -2.0000 1.0000 2.2250 2 -1.0000 1.0000 1.9120 8.0000 0.0000 -8.0000 4.0000 -12.0000 -4.0000 0.5000 0.5000 0.5000 0.5000 0.5000 2.5000 1.8073 4.5592 
17.0000 45.0000 6.0000 2.0000 1.0000 -2.2250 8 1.0000 1.0000 2.5060 12.0000 0.0000 -4.0000 4.0000 -8.0000 8.0000 0.5000 0.5000 0.5000 0.5000 0.5000 2.5000 1.7737 4.5092 
17.0000 68.0000 6.0000 4.0000 0.0000 2.2250 2 -1.0000 1.0000 0.7540 10.0000 -2.0000 -6.0000 14.0000 2.0000 6.0000 0.6442 0.5067 0.3665 0.5970 0.3848 2.4992 1.8004 4.5583 
